0.000000000000000000e+00 5.305709362030029297e+00 4.522525787353515625e+00 5.315565109252929688e+00 5.710507869720458984e+00 5.196375370025634766e+00 5.985010623931884766e+00 5.028599739074707031e+00 6.470683574676513672e+00 6.517369270324707031e+00 6.770802021026611328e+00 5.625705242156982422e+00 4.928863048553466797e+00 5.584511756896972656e+00 5.816745758056640625e+00 6.122108459472656250e+00 6.592315196990966797e+00 5.537500858306884766e+00 6.306355953216552734e+00 6.665660381317138672e+00 6.776332855224609375e+00 5.357688903808593750e+00 6.983705997467041016e+00 6.231123924255371094e+00 4.850039482116699219e+00 5.486779689788818359e+00 5.376283168792724609e+00 5.708453655242919922e+00 5.543198585510253906e+00 5.230136871337890625e+00 6.321229934692382812e+00 6.413811683654785156e+00 6.852701663970947266e+00 6.718435287475585938e+00 7.081357479095458984e+00 5.388440608978271484e+00
5.305709362030029297e+00 0.000000000000000000e+00 4.394203186035156250e+00 5.366694450378417969e+00 4.736267089843750000e+00 4.179582118988037109e+00 1.013188076019287109e+01 5.985010623931884766e+00 8.911207199096679688e+00 9.039156913757324219e+00 8.622654914855957031e+00 7.797387123107910156e+00 8.584969520568847656e+00 4.928863048553466797e+00 7.344915390014648438e+00 7.699600696563720703e+00 7.385012149810791016e+00 6.510604858398437500e+00 9.560874938964843750e+00 6.306355953216552734e+00 8.262211799621582031e+00 7.262276649475097656e+00 7.879348754882812500e+00 7.265202522277832031e+00 8.558160781860351562e+00 4.850039958953857422e+00 7.023452758789062500e+00 7.396031856536865234e+00 6.489843368530273438e+00 6.276114463806152344e+00 9.750897407531738281e+00 6.321229934692382812e+00 8.531519889831542969e+00 8.523794174194335938e+00 8.181654930114746094e+00 6.817140102386474609e+00
4.522525787353515625e+00 4.394203186035156250e+00 0.000000000000000000e+00 4.567303657531738281e+00 4.434903621673583984e+00 4.449174404144287109e+00 8.406988143920898438e+00 5.554200649261474609e+00 5.985010623931884766e+00 7.034556388854980469e+00 6.877942085266113281e+00 6.232596397399902344e+00 7.460516929626464844e+00 5.766943454742431641e+00 4.928863048553466797e+00 6.402938842773437500e+00 6.436573982238769531e+00 5.862520217895507812e+00 8.632962226867675781e+00 7.063581943511962891e+00 6.306355953216552734e+00 5.967792034149169922e+00 7.080628395080566406e+00 6.776756763458251953e+00 7.684257984161376953e+00 6.027846336364746094e+00 4.850039958953857422e+00 6.345326423645019531e+00 5.732122898101806641e+00 5.934549331665039062e+00 8.594349861145019531e+00 6.763661861419677734e+00 6.321229934692382812e+00 7.155002593994140625e+00 7.117286205291748047e+00 5.939679622650146484e+00
5.315565109252929688e+00 5.366694450378417969e+00 4.567303657531738281e+00 0.000000000000000000e+00 5.486791133880615234e+00 4.640947341918945312e+00 9.256083488464355469e+00 6.894720077514648438e+00 7.992261886596679688e+00 5.985010623931884766e+00 8.058425903320312500e+00 6.912606716156005859e+00 8.222994804382324219e+00 6.848820209503173828e+00 7.022126674652099609e+00 4.928863048553466797e+00 7.484804630279541016e+00 6.345762729644775391e+00 1.036078739166259766e+01 9.187077522277832031e+00 9.254525184631347656e+00 6.306355953216552734e+00 9.251359939575195312e+00 8.525462150573730469e+00 8.424357414245605469e+00 7.067339420318603516e+00 6.964417934417724609e+00 4.850039482116699219e+00 6.885761260986328125e+00 6.409530639648437500e+00 9.554527282714843750e+00 8.053796768188476562e+00 8.392993927001953125e+00 6.321229934692382812e+00 8.409305572509765625e+00 6.829873085021972656e+00
5.710507869720458984e+00 4.736267089843750000e+00 4.434903621673583984e+00 5.486791133880615234e+00 0.000000000000000000e+00 4.858984470367431641e+00 9.540269851684570312e+00 6.492687225341796875e+00 7.979434490203857422e+00 8.179989814758300781e+00 5.985010623931884766e+00 7.130391120910644531e+00 8.387404441833496094e+00 6.238061904907226562e+00 6.818697452545166016e+00 7.264627933502197266e+00 4.928863048553466797e+00 6.380932807922363281e+00 9.797342300415039062e+00 7.894338607788085938e+00 8.291061401367187500e+00 7.359508037567138672e+00 6.306355953216552734e+00 7.683892726898193359e+00 9.029868125915527344e+00 7.056355953216552734e+00 7.316097736358642578e+00 7.735749244689941406e+00 4.850039958953857422e+00 7.026199340820312500e+00 9.746285438537597656e+00 7.605319499969482422e+00 8.282323837280273438e+00 8.331220626831054688e+00 6.321230411529541016e+00 6.932887077331542969e+00
5.196375370025634766e+00 4.179582118988037109e+00 4.449174404144287109e+00 4.640947341918945312e+00 4.858984470367431641e+00 0.000000000000000000e+00 9.695193290710449219e+00 6.766038417816162109e+00 8.507982254028320312e+00 8.181281089782714844e+00 8.247283935546875000e+00 5.985010623931884766e+00 8.481042861938476562e+00 6.413829803466796875e+00 7.335430145263671875e+00 7.169062614440917969e+00 7.422299861907958984e+00 4.928863048553466797e+00 9.732315063476562500e+00 7.854610919952392578e+00 8.556057929992675781e+00 7.066365718841552734e+00 8.229064941406250000e+00 6.306355953216552734e+00 8.584640502929687500e+00 6.526406288146972656e+00 7.170578956604003906e+00 7.002890110015869141e+00 6.700578212738037109e+00 4.850039482116699219e+00 1.024134922027587891e+01 8.269239425659179688e+00 9.177495002746582031e+00 8.737591743469238281e+00 8.892155647277832031e+00 6.321230411529541016e+00
5.985010623931884766e+00 1.013188076019287109e+01 8.406988143920898438e+00 9.256083488464355469e+00 9.540269851684570312e+00 9.695193290710449219e+00 0.000000000000000000e+00 5.305709362030029297e+00 4.522525787353515625e+00 5.315565586090087891e+00 5.710507869720458984e+00 5.196375370025634766e+00 4.293535709381103516e+00 8.000726699829101562e+00 6.509927272796630859e+00 7.295236110687255859e+00 7.757956027984619141e+00 7.481897354125976562e+00 5.309098720550537109e+00 8.457631111145019531e+00 6.981328010559082031e+00 6.222597599029541016e+00 7.731432437896728516e+00 7.643129348754882812e+00 4.144902706146240234e+00 7.902289390563964844e+00 6.079934120178222656e+00 6.916882514953613281e+00 6.853530883789062500e+00 7.223971843719482422e+00 4.497127532958984375e+00 7.751598834991455078e+00 6.452099323272705078e+00 6.855879306793212891e+00 7.279994964599609375e+00 6.362043857574462891e+00
5.028599739074707031e+00 5.985010623931884766e+00 5.554200649261474609e+00 6.894720077514648438e+00 6.492687225341796875e+00 6.766038417816162109e+00 5.305709362030029297e+00 0.000000000000000000e+00 4.394203186035156250e+00 5.366694450378417969e+00 4.736267089843750000e+00 4.179582118988037109e+00 5.399849891662597656e+00 4.293535709381103516e+00 4.879376888275146484e+00 6.028268337249755859e+00 5.708028316497802734e+00 5.386905670166015625e+00 6.414253711700439453e+00 5.309098720550537109e+00 5.692125797271728516e+00 4.906369686126708984e+00 5.865401744842529297e+00 5.804272651672363281e+00 5.311813831329345703e+00 4.144902706146240234e+00 4.325041770935058594e+00 5.592319011688232422e+00 4.435966968536376953e+00 5.053410530090332031e+00 6.054925918579101562e+00 4.497127056121826172e+00 5.364027976989746094e+00 5.986373901367187500e+00 5.577462196350097656e+00 4.385159492492675781e+00
6.470683574676513672e+00 8.911207199096679688e+00 5.985010623931884766e+00 7.992261886596679688e+00 7.979434490203857422e+00 8.507982254028320312e+00 4.522525787353515625e+00 4.394203186035156250e+00 0.000000000000000000e+00 4.567303180694580078e+00 4.434903621673583984e+00 4.449174404144287109e+00 5.949472427368164062e+00 7.188785552978515625e+00 4.293536186218261719e+00 6.506460666656494141e+00 6.614596843719482422e+00 6.729053497314453125e+00 6.967107772827148438e+00 7.911435604095458984e+00 5.309098720550537109e+00 5.588074207305908203e+00 6.836252689361572266e+00 7.149201869964599609e+00 6.188804626464843750e+00 7.366986751556396484e+00 4.144902229309082031e+00 6.412186622619628906e+00 5.890433788299560547e+00 6.756216049194335938e+00 6.302792549133300781e+00 7.091795444488525391e+00 4.497127532958984375e+00 6.217387676239013672e+00 6.253367900848388672e+00 5.684738159179687500e+00
6.517369270324707031e+00 9.039156913757324219e+00 7.034556388854980469e+00 5.985010623931884766e+00 8.179989814758300781e+00 8.181281089782714844e+00 5.315565586090087891e+00 5.366694450378417969e+00 4.567303180694580078e+00 0.000000000000000000e+00 5.486791133880615234e+00 4.640947341918945312e+00 6.337105751037597656e+00 7.624415397644042969e+00 6.021245002746582031e+00 4.293536186218261719e+00 7.151927947998046875e+00 6.632049560546875000e+00 8.611783027648925781e+00 9.481740951538085938e+00 8.177225112915039062e+00 5.309098720550537109e+00 8.659737586975097656e+00 8.406814575195312500e+00 6.559545993804931641e+00 7.790328502655029297e+00 5.913105487823486328e+00 4.144902706146240234e+00 6.485217571258544922e+00 6.656877994537353516e+00 7.067934989929199219e+00 7.887613773345947266e+00 6.596432209014892578e+00 4.497127056121826172e+00 7.208995819091796875e+00 6.040529251098632812e+00
6.770802021026611328e+00 8.622654914855957031e+00 6.877942085266113281e+00 8.058425903320312500e+00 5.985010623931884766e+00 8.247283935546875000e+00 5.710507869720458984e+00 4.736267089843750000e+00 4.434903621673583984e+00 5.486791133880615234e+00 0.000000000000000000e+00 4.858984470367431641e+00 6.473238945007324219e+00 7.010832309722900391e+00 5.696732521057128906e+00 6.777062416076660156e+00 4.293536186218261719e+00 6.591257095336914062e+00 7.862430095672607422e+00 8.175240516662597656e+00 6.998247146606445312e+00 6.449166297912597656e+00 5.309098720550537109e+00 7.486402988433837891e+00 7.253230571746826172e+00 7.716675281524658203e+00 6.244996070861816406e+00 7.246526241302490234e+00 4.144902706146240234e+00 7.184178352355957031e+00 7.257394790649414062e+00 7.362382888793945312e+00 6.378122329711914062e+00 6.977709770202636719e+00 4.497127056121826172e+00 6.076079845428466797e+00
5.625705242156982422e+00 7.797387123107910156e+00 6.232596397399902344e+00 6.912606716156005859e+00 7.130391120910644531e+00 5.985010623931884766e+00 5.196375370025634766e+00 4.179582118988037109e+00 4.449174404144287109e+00 4.640947341918945312e+00 4.858984470367431641e+00 0.000000000000000000e+00 5.907177448272705078e+00 6.541251659393310547e+00 5.583819866180419922e+00 5.996799468994140625e+00 6.375240802764892578e+00 4.293535709381103516e+00 7.208346843719482422e+00 7.590868949890136719e+00 6.697185039520263672e+00 5.364261627197265625e+00 6.895381927490234375e+00 5.309098720550537109e+00 6.014922142028808594e+00 6.615231990814208984e+00 5.320177078247070312e+00 5.755274295806884766e+00 5.474255561828613281e+00 4.144902706146240234e+00 7.346926689147949219e+00 7.493764400482177734e+00 6.908137321472167969e+00 6.858359336853027344e+00 7.123835563659667969e+00 4.497127532958984375e+00
4.928863048553466797e+00 8.584969520568847656e+00 7.460516929626464844e+00 8.222994804382324219e+00 8.387404441833496094e+00 8.481042861938476562e+00 4.293535709381103516e+00 5.399849891662597656e+00 5.949472427368164062e+00 6.337105751037597656e+00 6.473238945007324219e+00 5.907177448272705078e+00 0.000000000000000000e+00 5.305709362030029297e+00 4.522525787353515625e+00 5.315565109252929688e+00 5.710507869720458984e+00 5.196375370025634766e+00 5.641070365905761719e+00 7.598685741424560547e+00 6.991610527038574219e+00 5.985406398773193359e+00 7.366725921630859375e+00 7.177084445953369141e+00 4.006486415863037109e+00 6.625048160552978516e+00 5.687341213226318359e+00 6.339101314544677734e+00 6.058140277862548828e+00 6.365176677703857422e+00 4.670096874237060547e+00 6.651788711547851562e+00 6.302679061889648438e+00 6.485209941864013672e+00 6.741101264953613281e+00 5.614199161529541016e+00
5.584511756896972656e+00 4.928863048553466797e+00 5.766943454742431641e+00 6.848820209503173828e+00 6.238061904907226562e+00 6.413829803466796875e+00 8.000726699829101562e+00 4.293535709381103516e+00 7.188785552978515625e+00 7.624415397644042969e+00 7.010832309722900391e+00 6.541251659393310547e+00 5.305709362030029297e+00 0.000000000000000000e+00 4.394203186035156250e+00 5.366694450378417969e+00 4.736267089843750000e+00 4.179582118988037109e+00 7.886977672576904297e+00 5.641070365905761719e+00 7.068988800048828125e+00 6.213167190551757812e+00 6.806113243103027344e+00 6.649009704589843750e+00 6.671858787536621094e+00 4.006486415863037109e+00 5.613632202148437500e+00 6.406371116638183594e+00 5.180213928222656250e+00 5.594039916992187500e+00 7.461528301239013672e+00 4.670096874237060547e+00 6.655344009399414062e+00 6.951127052307128906e+00 6.401470661163330078e+00 5.263066768646240234e+00
5.816745758056640625e+00 7.344915390014648438e+00 4.928863048553466797e+00 7.022126674652099609e+00 6.818697452545166016e+00 7.335430145263671875e+00 6.509927272796630859e+00 4.879376888275146484e+00 4.293536186218261719e+00 6.021245002746582031e+00 5.696732521057128906e+00 5.583819866180419922e+00 4.522525787353515625e+00 4.394203186035156250e+00 0.000000000000000000e+00 4.567303657531738281e+00 4.434903621673583984e+00 4.449174404144287109e+00 7.461045265197753906e+00 7.231237888336181641e+00 5.641070365905761719e+00 5.641135215759277344e+00 6.687258243560791016e+00 6.906206130981445312e+00 6.376871109008789062e+00 6.261713504791259766e+00 4.006486415863037109e+00 6.078531265258789062e+00 5.283829689025878906e+00 6.121079444885253906e+00 6.693453311920166016e+00 6.159874439239501953e+00 4.670096874237060547e+00 6.099364280700683594e+00 5.919475555419921875e+00 5.181828022003173828e+00
6.122108459472656250e+00 7.699600696563720703e+00 6.402938842773437500e+00 4.928863048553466797e+00 7.264627933502197266e+00 7.169062614440917969e+00 7.295236110687255859e+00 6.028268337249755859e+00 6.506460666656494141e+00 4.293536186218261719e+00 6.777062416076660156e+00 5.996799468994140625e+00 5.315565109252929688e+00 5.366694450378417969e+00 4.567303657531738281e+00 0.000000000000000000e+00 5.486791133880615234e+00 4.640947341918945312e+00 9.183068275451660156e+00 9.090803146362304688e+00 8.575632095336914062e+00 5.641070365905761719e+00 8.718684196472167969e+00 8.384415626525878906e+00 6.959176540374755859e+00 6.976036548614501953e+00 6.072549343109130859e+00 4.006486415863037109e+00 6.190235137939453125e+00 6.258955001831054688e+00 7.620507717132568359e+00 7.273531436920166016e+00 6.938147544860839844e+00 4.670096874237060547e+00 7.137543201446533203e+00 5.836300373077392578e+00
6.592315196990966797e+00 7.385012149810791016e+00 6.436573982238769531e+00 7.484804630279541016e+00 4.928863048553466797e+00 7.422299861907958984e+00 7.757956027984619141e+00 5.708028316497802734e+00 6.614596843719482422e+00 7.151927947998046875e+00 4.293536186218261719e+00 6.375240802764892578e+00 5.710507869720458984e+00 4.736267089843750000e+00 4.434903621673583984e+00 5.486791133880615234e+00 0.000000000000000000e+00 4.858984470367431641e+00 8.636810302734375000e+00 7.885722637176513672e+00 7.632867813110351562e+00 6.916475772857666016e+00 5.641070365905761719e+00 7.634191036224365234e+00 7.786051273345947266e+00 7.080516338348388672e+00 6.597102165222167969e+00 7.348102569580078125e+00 4.006486415863037109e+00 7.005971908569335938e+00 7.962220668792724609e+00 6.892403602600097656e+00 6.922150135040283203e+00 7.272196769714355469e+00 4.670096874237060547e+00 6.091297626495361328e+00
5.537500858306884766e+00 6.510604858398437500e+00 5.862520217895507812e+00 6.345762729644775391e+00 6.380932807922363281e+00 4.928863048553466797e+00 7.481897354125976562e+00 5.386905670166015625e+00 6.729053497314453125e+00 6.632049560546875000e+00 6.591257095336914062e+00 4.293535709381103516e+00 5.196375370025634766e+00 4.179582118988037109e+00 4.449174404144287109e+00 4.640947341918945312e+00 4.858984470367431641e+00 0.000000000000000000e+00 8.132492065429687500e+00 7.373725414276123047e+00 7.452380657196044922e+00 6.035038471221923828e+00 7.251339912414550781e+00 5.641069889068603516e+00 6.752261161804199219e+00 5.978997230529785156e+00 5.850346565246582031e+00 6.000511646270751953e+00 5.499062061309814453e+00 4.006486415863037109e+00 8.130497932434082031e+00 7.131448268890380859e+00 7.507235050201416016e+00 7.254928588867187500e+00 7.330427646636962891e+00 4.670096874237060547e+00
6.306355953216552734e+00 9.560874938964843750e+00 8.632962226867675781e+00 1.036078739166259766e+01 9.797342300415039062e+00 9.732315063476562500e+00 5.309098720550537109e+00 6.414253711700439453e+00 6.967107772827148438e+00 8.611783027648925781e+00 7.862430095672607422e+00 7.208346843719482422e+00 5.641070365905761719e+00 7.886977672576904297e+00 7.461045265197753906e+00 9.183068275451660156e+00 8.636810302734375000e+00 8.132492065429687500e+00 0.000000000000000000e+00 5.305709362030029297e+00 4.522525787353515625e+00 5.315565586090087891e+00 5.710507869720458984e+00 5.196375370025634766e+00 4.931835174560546875e+00 7.375263690948486328e+00 6.633943557739257812e+00 8.526844024658203125e+00 7.425297737121582031e+00 7.489991188049316406e+00 5.768214225769042969e+00 7.611897945404052734e+00 7.387729644775390625e+00 8.818858146667480469e+00 8.189496040344238281e+00 7.091908931732177734e+00
6.665660381317138672e+00 6.306355953216552734e+00 7.063581943511962891e+00 9.187077522277832031e+00 7.894338607788085938e+00 7.854610919952392578e+00 8.457631111145019531e+00 5.309098720550537109e+00 7.911435604095458984e+00 9.481740951538085938e+00 8.175240516662597656e+00 7.590868949890136719e+00 7.598685741424560547e+00 5.641070365905761719e+00 7.231237888336181641e+00 9.090803146362304688e+00 7.885722637176513672e+00 7.373725414276123047e+00 5.305709362030029297e+00 0.000000000000000000e+00 4.394203186035156250e+00 5.366694450378417969e+00 4.736267089843750000e+00 4.179582595825195312e+00 7.110033035278320312e+00 4.931835174560546875e+00 6.398751735687255859e+00 8.445843696594238281e+00 6.560213088989257812e+00 6.681735515594482422e+00 8.056345939636230469e+00 5.768214225769042969e+00 7.544282913208007812e+00 9.044351577758789062e+00 7.769944667816162109e+00 6.651587486267089844e+00
6.776332855224609375e+00 8.262211799621582031e+00 6.306355953216552734e+00 9.254525184631347656e+00 8.291061401367187500e+00 8.556057929992675781e+00 6.981328010559082031e+00 5.692125797271728516e+00 5.309098720550537109e+00 8.177225112915039062e+00 6.998247146606445312e+00 6.697185039520263672e+00 6.991610527038574219e+00 7.068988800048828125e+00 5.641070365905761719e+00 8.575632095336914062e+00 7.632867813110351562e+00 7.452380657196044922e+00 4.522525787353515625e+00 4.394203186035156250e+00 0.000000000000000000e+00 4.567303180694580078e+00 4.434903621673583984e+00 4.449174404144287109e+00 6.748573780059814453e+00 6.805881023406982422e+00 4.931835174560546875e+00 8.128907203674316406e+00 6.554429054260253906e+00 7.046973705291748047e+00 7.271348953247070312e+00 6.945966243743896484e+00 5.768214225769042969e+00 8.338121414184570312e+00 7.298856735229492188e+00 6.498845577239990234e+00
5.357688903808593750e+00 7.262276649475097656e+00 5.967792034149169922e+00 6.306355953216552734e+00 7.359508037567138672e+00 7.066365718841552734e+00 6.222597599029541016e+00 4.906369686126708984e+00 5.588074207305908203e+00 5.309098720550537109e+00 6.449166297912597656e+00 5.364261627197265625e+00 5.985406398773193359e+00 6.213167190551757812e+00 5.641135215759277344e+00 5.641070365905761719e+00 6.916475772857666016e+00 6.035038471221923828e+00 5.315565586090087891e+00 5.366694450378417969e+00 4.567303180694580078e+00 0.000000000000000000e+00 5.486791133880615234e+00 4.640947341918945312e+00 5.696435451507568359e+00 5.909019947052001953e+00 4.928222656250000000e+00 4.931834697723388672e+00 5.700979709625244141e+00 5.523331165313720703e+00 6.729249954223632812e+00 6.507466316223144531e+00 6.224215507507324219e+00 5.768214225769042969e+00 6.951123237609863281e+00 5.346636295318603516e+00
6.983705997467041016e+00 7.879348754882812500e+00 7.080628395080566406e+00 9.251359939575195312e+00 6.306355953216552734e+00 8.229064941406250000e+00 7.731432437896728516e+00 5.865401744842529297e+00 6.836252689361572266e+00 8.659737586975097656e+00 5.309098720550537109e+00 6.895381927490234375e+00 7.366725921630859375e+00 6.806113243103027344e+00 6.687258243560791016e+00 8.718684196472167969e+00 5.641070365905761719e+00 7.251339912414550781e+00 5.710507869720458984e+00 4.736267089843750000e+00 4.434903621673583984e+00 5.486791133880615234e+00 0.000000000000000000e+00 4.858984470367431641e+00 7.663598537445068359e+00 7.104508399963378906e+00 6.709857940673828125e+00 8.738110542297363281e+00 4.931835174560546875e+00 7.382766723632812500e+00 8.043416023254394531e+00 7.144018650054931641e+00 7.253139019012451172e+00 8.856423377990722656e+00 5.768214225769042969e+00 6.761429309844970703e+00
6.231123924255371094e+00 7.265202522277832031e+00 6.776756763458251953e+00 8.525462150573730469e+00 7.683892726898193359e+00 6.306355953216552734e+00 7.643129348754882812e+00 5.804272651672363281e+00 7.149201869964599609e+00 8.406814575195312500e+00 7.486402988433837891e+00 5.309098720550537109e+00 7.177084445953369141e+00 6.649009704589843750e+00 6.906206130981445312e+00 8.384415626525878906e+00 7.634191036224365234e+00 5.641069889068603516e+00 5.196375370025634766e+00 4.179582595825195312e+00 4.449174404144287109e+00 4.640947341918945312e+00 4.858984470367431641e+00 0.000000000000000000e+00 6.822803020477294922e+00 6.240049362182617188e+00 6.210995674133300781e+00 7.824038505554199219e+00 6.431190490722656250e+00 4.931835174560546875e+00 8.381768226623535156e+00 7.565632343292236328e+00 7.993741989135742188e+00 9.001936912536621094e+00 8.249069213867187500e+00 5.768214225769042969e+00
4.850039482116699219e+00 8.558160781860351562e+00 7.684257984161376953e+00 8.424357414245605469e+00 9.029868125915527344e+00 8.584640502929687500e+00 4.144902706146240234e+00 5.311813831329345703e+00 6.188804626464843750e+00 6.559545993804931641e+00 7.253230571746826172e+00 6.014922142028808594e+00 4.006486415863037109e+00 6.671858787536621094e+00 6.376871109008789062e+00 6.959176540374755859e+00 7.786051273345947266e+00 6.752261161804199219e+00 4.931835174560546875e+00 7.110033035278320312e+00 6.748573780059814453e+00 5.696435451507568359e+00 7.663598537445068359e+00 6.822803020477294922e+00 0.000000000000000000e+00 5.305709362030029297e+00 4.522525787353515625e+00 5.315565586090087891e+00 5.710507869720458984e+00 5.196375370025634766e+00 4.295224666595458984e+00 6.418463706970214844e+00 6.365707874298095703e+00 6.543704032897949219e+00 7.351351261138916016e+00 5.540502071380615234e+00
5.486779689788818359e+00 4.850039958953857422e+00 6.027846336364746094e+00 7.067339420318603516e+00 7.056355953216552734e+00 6.526406288146972656e+00 7.902289390563964844e+00 4.144902706146240234e+00 7.366986751556396484e+00 7.790328502655029297e+00 7.716675281524658203e+00 6.615231990814208984e+00 6.625048160552978516e+00 4.006486415863037109e+00 6.261713504791259766e+00 6.976036548614501953e+00 7.080516338348388672e+00 5.978997230529785156e+00 7.375263690948486328e+00 4.931835174560546875e+00 6.805881023406982422e+00 5.909019947052001953e+00 7.104508399963378906e+00 6.240049362182617188e+00 5.305709362030029297e+00 0.000000000000000000e+00 4.394203186035156250e+00 5.366694450378417969e+00 4.736267089843750000e+00 4.179582595825195312e+00 7.211264610290527344e+00 4.295224666595458984e+00 6.691849708557128906e+00 6.983485221862792969e+00 7.019083023071289062e+00 5.154278755187988281e+00
5.376283168792724609e+00 7.023452758789062500e+00 4.850039958953857422e+00 6.964417934417724609e+00 7.316097736358642578e+00 7.170578956604003906e+00 6.079934120178222656e+00 4.325041770935058594e+00 4.144902229309082031e+00 5.913105487823486328e+00 6.244996070861816406e+00 5.320177078247070312e+00 5.687341213226318359e+00 5.613632202148437500e+00 4.006486415863037109e+00 6.072549343109130859e+00 6.597102165222167969e+00 5.850346565246582031e+00 6.633943557739257812e+00 6.398751735687255859e+00 4.931835174560546875e+00 4.928222656250000000e+00 6.709857940673828125e+00 6.210995674133300781e+00 4.522525787353515625e+00 4.394203186035156250e+00 0.000000000000000000e+00 4.567303180694580078e+00 4.434903621673583984e+00 4.449174404144287109e+00 6.105911254882812500e+00 5.543925762176513672e+00 4.295224666595458984e+00 5.814211368560791016e+00 6.283374786376953125e+00 4.676533222198486328e+00
5.708453655242919922e+00 7.396031856536865234e+00 6.345326423645019531e+00 4.850039482116699219e+00 7.735749244689941406e+00 7.002890110015869141e+00 6.916882514953613281e+00 5.592319011688232422e+00 6.412186622619628906e+00 4.144902706146240234e+00 7.246526241302490234e+00 5.755274295806884766e+00 6.339101314544677734e+00 6.406371116638183594e+00 6.078531265258789062e+00 4.006486415863037109e+00 7.348102569580078125e+00 6.000511646270751953e+00 8.526844024658203125e+00 8.445843696594238281e+00 8.128907203674316406e+00 4.931834697723388672e+00 8.738110542297363281e+00 7.824038505554199219e+00 5.315565586090087891e+00 5.366694450378417969e+00 4.567303180694580078e+00 0.000000000000000000e+00 5.486791133880615234e+00 4.640946865081787109e+00 7.112546920776367188e+00 6.762518882751464844e+00 6.694280147552490234e+00 4.295224666595458984e+00 7.444559574127197266e+00 5.396050930023193359e+00
5.543198585510253906e+00 6.489843368530273438e+00 5.732122898101806641e+00 6.885761260986328125e+00 4.850039958953857422e+00 6.700578212738037109e+00 6.853530883789062500e+00 4.435966968536376953e+00 5.890433788299560547e+00 6.485217571258544922e+00 4.144902706146240234e+00 5.474255561828613281e+00 6.058140277862548828e+00 5.180213928222656250e+00 5.283829689025878906e+00 6.190235137939453125e+00 4.006486415863037109e+00 5.499062061309814453e+00 7.425297737121582031e+00 6.560213088989257812e+00 6.554429054260253906e+00 5.700979709625244141e+00 4.931835174560546875e+00 6.431190490722656250e+00 5.710507869720458984e+00 4.736267089843750000e+00 4.434903621673583984e+00 5.486791133880615234e+00 0.000000000000000000e+00 4.858984947204589844e+00 6.933638572692871094e+00 5.700424671173095703e+00 6.062495708465576172e+00 6.456485271453857422e+00 4.295224666595458984e+00 4.931639671325683594e+00
5.230136871337890625e+00 6.276114463806152344e+00 5.934549331665039062e+00 6.409530639648437500e+00 7.026199340820312500e+00 4.850039482116699219e+00 7.223971843719482422e+00 5.053410530090332031e+00 6.756216049194335938e+00 6.656877994537353516e+00 7.184178352355957031e+00 4.144902706146240234e+00 6.365176677703857422e+00 5.594039916992187500e+00 6.121079444885253906e+00 6.258955001831054688e+00 7.005971908569335938e+00 4.006486415863037109e+00 7.489991188049316406e+00 6.681735515594482422e+00 7.046973705291748047e+00 5.523331165313720703e+00 7.382766723632812500e+00 4.931835174560546875e+00 5.196375370025634766e+00 4.179582595825195312e+00 4.449174404144287109e+00 4.640946865081787109e+00 4.858984947204589844e+00 0.000000000000000000e+00 7.759212493896484375e+00 6.728234767913818359e+00 7.390416145324707031e+00 7.131432056427001953e+00 7.732806682586669922e+00 4.295224666595458984e+00
6.321229934692382812e+00 9.750897407531738281e+00 8.594349861145019531e+00 9.554527282714843750e+00 9.746285438537597656e+00 1.024134922027587891e+01 4.497127532958984375e+00 6.054925918579101562e+00 6.302792549133300781e+00 7.067934989929199219e+00 7.257394790649414062e+00 7.346926689147949219e+00 4.670096874237060547e+00 7.461528301239013672e+00 6.693453311920166016e+00 7.620507717132568359e+00 7.962220668792724609e+00 8.130497932434082031e+00 5.768214225769042969e+00 8.056345939636230469e+00 7.271348953247070312e+00 6.729249954223632812e+00 8.043416023254394531e+00 8.381768226623535156e+00 4.295224666595458984e+00 7.211264610290527344e+00 6.105911254882812500e+00 7.112546920776367188e+00 6.933638572692871094e+00 7.759212493896484375e+00 0.000000000000000000e+00 5.305709362030029297e+00 4.522525787353515625e+00 5.315565109252929688e+00 5.710507869720458984e+00 5.196375370025634766e+00
6.413811683654785156e+00 6.321229934692382812e+00 6.763661861419677734e+00 8.053796768188476562e+00 7.605319499969482422e+00 8.269239425659179688e+00 7.751598834991455078e+00 4.497127056121826172e+00 7.091795444488525391e+00 7.887613773345947266e+00 7.362382888793945312e+00 7.493764400482177734e+00 6.651788711547851562e+00 4.670096874237060547e+00 6.159874439239501953e+00 7.273531436920166016e+00 6.892403602600097656e+00 7.131448268890380859e+00 7.611897945404052734e+00 5.768214225769042969e+00 6.945966243743896484e+00 6.507466316223144531e+00 7.144018650054931641e+00 7.565632343292236328e+00 6.418463706970214844e+00 4.295224666595458984e+00 5.543925762176513672e+00 6.762518882751464844e+00 5.700424671173095703e+00 6.728234767913818359e+00 5.305709362030029297e+00 0.000000000000000000e+00 4.394203186035156250e+00 5.366694450378417969e+00 4.736267089843750000e+00 4.179582595825195312e+00
6.852701663970947266e+00 8.531519889831542969e+00 6.321229934692382812e+00 8.392993927001953125e+00 8.282323837280273438e+00 9.177495002746582031e+00 6.452099323272705078e+00 5.364027976989746094e+00 4.497127532958984375e+00 6.596432209014892578e+00 6.378122329711914062e+00 6.908137321472167969e+00 6.302679061889648438e+00 6.655344009399414062e+00 4.670096874237060547e+00 6.938147544860839844e+00 6.922150135040283203e+00 7.507235050201416016e+00 7.387729644775390625e+00 7.544282913208007812e+00 5.768214225769042969e+00 6.224215507507324219e+00 7.253139019012451172e+00 7.993741989135742188e+00 6.365707874298095703e+00 6.691849708557128906e+00 4.295224666595458984e+00 6.694280147552490234e+00 6.062495708465576172e+00 7.390416145324707031e+00 4.522525787353515625e+00 4.394203186035156250e+00 0.000000000000000000e+00 4.567303180694580078e+00 4.434903621673583984e+00 4.449174404144287109e+00
6.718435287475585938e+00 8.523794174194335938e+00 7.155002593994140625e+00 6.321229934692382812e+00 8.331220626831054688e+00 8.737591743469238281e+00 6.855879306793212891e+00 5.986373901367187500e+00 6.217387676239013672e+00 4.497127056121826172e+00 6.977709770202636719e+00 6.858359336853027344e+00 6.485209941864013672e+00 6.951127052307128906e+00 6.099364280700683594e+00 4.670096874237060547e+00 7.272196769714355469e+00 7.254928588867187500e+00 8.818858146667480469e+00 9.044351577758789062e+00 8.338121414184570312e+00 5.768214225769042969e+00 8.856423377990722656e+00 9.001936912536621094e+00 6.543704032897949219e+00 6.983485221862792969e+00 5.814211368560791016e+00 4.295224666595458984e+00 6.456485271453857422e+00 7.131432056427001953e+00 5.315565109252929688e+00 5.366694450378417969e+00 4.567303180694580078e+00 0.000000000000000000e+00 5.486791133880615234e+00 4.640947341918945312e+00
7.081357479095458984e+00 8.181654930114746094e+00 7.117286205291748047e+00 8.409305572509765625e+00 6.321230411529541016e+00 8.892155647277832031e+00 7.279994964599609375e+00 5.577462196350097656e+00 6.253367900848388672e+00 7.208995819091796875e+00 4.497127056121826172e+00 7.123835563659667969e+00 6.741101264953613281e+00 6.401470661163330078e+00 5.919475555419921875e+00 7.137543201446533203e+00 4.670096874237060547e+00 7.330427646636962891e+00 8.189496040344238281e+00 7.769944667816162109e+00 7.298856735229492188e+00 6.951123237609863281e+00 5.768214225769042969e+00 8.249069213867187500e+00 7.351351261138916016e+00 7.019083023071289062e+00 6.283374786376953125e+00 7.444559574127197266e+00 4.295224666595458984e+00 7.732806682586669922e+00 5.710507869720458984e+00 4.736267089843750000e+00 4.434903621673583984e+00 5.486791133880615234e+00 0.000000000000000000e+00 4.858984470367431641e+00
5.388440608978271484e+00 6.817140102386474609e+00 5.939679622650146484e+00 6.829873085021972656e+00 6.932887077331542969e+00 6.321230411529541016e+00 6.362043857574462891e+00 4.385159492492675781e+00 5.684738159179687500e+00 6.040529251098632812e+00 6.076079845428466797e+00 4.497127532958984375e+00 5.614199161529541016e+00 5.263066768646240234e+00 5.181828022003173828e+00 5.836300373077392578e+00 6.091297626495361328e+00 4.670096874237060547e+00 7.091908931732177734e+00 6.651587486267089844e+00 6.498845577239990234e+00 5.346636295318603516e+00 6.761429309844970703e+00 5.768214225769042969e+00 5.540502071380615234e+00 5.154278755187988281e+00 4.676533222198486328e+00 5.396050930023193359e+00 4.931639671325683594e+00 4.295224666595458984e+00 5.196375370025634766e+00 4.179582595825195312e+00 4.449174404144287109e+00 4.640947341918945312e+00 4.858984470367431641e+00 0.000000000000000000e+00
