0.000000000000000000e+00 1.015401744842529297e+01 9.498738288879394531e+00 1.220341396331787109e+01 1.139995384216308594e+01 1.046931934356689453e+01 1.149581527709960938e+01 9.506343841552734375e+00 1.398815250396728516e+01 1.487953662872314453e+01 1.329597282409667969e+01 1.279831695556640625e+01 1.042138862609863281e+01 1.222762393951416016e+01 1.206693744659423828e+01 1.375401687622070312e+01 1.349913311004638672e+01 1.268900966644287109e+01 1.378092098236083984e+01 1.465353488922119141e+01 1.519062709808349609e+01 1.045777511596679688e+01 1.506081485748291016e+01 1.534780883789062500e+01 1.102645683288574219e+01 1.136745262145996094e+01 1.244324874877929688e+01 1.345943164825439453e+01 1.077301597595214844e+01 1.214289379119873047e+01 1.047383689880371094e+01 1.089417934417724609e+01 1.188140678405761719e+01 1.301540756225585938e+01 1.219829368591308594e+01 1.002135562896728516e+01
1.015401744842529297e+01 0.000000000000000000e+00 9.389982223510742188e+00 1.197159290313720703e+01 9.138450622558593750e+00 8.464061737060546875e+00 1.949731063842773438e+01 1.149581527709960938e+01 1.839840888977050781e+01 1.899167251586914062e+01 1.658983039855957031e+01 1.645350646972656250e+01 1.655004692077636719e+01 1.042138862609863281e+01 1.434403514862060547e+01 1.567683982849121094e+01 1.407030773162841797e+01 1.361026382446289062e+01 1.926939773559570312e+01 1.378092002868652344e+01 1.752120590209960938e+01 1.349268531799316406e+01 1.608329200744628906e+01 1.660965538024902344e+01 1.789286804199218750e+01 1.102645683288574219e+01 1.575588893890380859e+01 1.646268272399902344e+01 1.284827041625976562e+01 1.431612396240234375e+01 1.751934623718261719e+01 1.047383689880371094e+01 1.527205944061279297e+01 1.605984878540039062e+01 1.401687812805175781e+01 1.251333045959472656e+01
9.498738288879394531e+00 9.389982223510742188e+00 0.000000000000000000e+00 1.103144073486328125e+01 9.480955123901367188e+00 9.323194503784179688e+00 1.578262233734130859e+01 1.010690975189208984e+01 1.149581527709960938e+01 1.486207962036132812e+01 1.278373336791992188e+01 1.295467472076416016e+01 1.587613773345947266e+01 1.370411872863769531e+01 1.042138957977294922e+01 1.466842651367187500e+01 1.397771549224853516e+01 1.384003734588623047e+01 1.815280723571777344e+01 1.578538513183593750e+01 1.378092002868652344e+01 1.146817684173583984e+01 1.536692428588867188e+01 1.619429397583007812e+01 1.639460754394531250e+01 1.308667373657226562e+01 1.102645683288574219e+01 1.452239990234375000e+01 1.153090667724609375e+01 1.348108100891113281e+01 1.608374023437500000e+01 1.274795246124267578e+01 1.047383689880371094e+01 1.417496681213378906e+01 1.294169139862060547e+01 1.168342113494873047e+01
1.220341396331787109e+01 1.197159290313720703e+01 1.103144073486328125e+01 0.000000000000000000e+00 1.121409893035888672e+01 1.142527484893798828e+01 1.845951080322265625e+01 1.379354858398437500e+01 1.693551254272460938e+01 1.149581527709960938e+01 1.523996067047119141e+01 1.563341331481933594e+01 1.805226707458496094e+01 1.606503677368164062e+01 1.566631126403808594e+01 1.042138862609863281e+01 1.569647598266601562e+01 1.582077312469482422e+01 2.383923339843750000e+01 2.200938415527343750e+01 2.217416954040527344e+01 1.378092002868652344e+01 2.126257896423339844e+01 2.204444313049316406e+01 1.896986579895019531e+01 1.608675384521484375e+01 1.660273551940917969e+01 1.102645778656005859e+01 1.418466377258300781e+01 1.605396842956542969e+01 1.865069198608398438e+01 1.575188446044921875e+01 1.618203353881835938e+01 1.047383689880371094e+01 1.529114818572998047e+01 1.451142787933349609e+01
1.139995384216308594e+01 9.138450622558593750e+00 9.480955123901367188e+00 1.121409893035888672e+01 0.000000000000000000e+00 9.895654678344726562e+00 1.863981056213378906e+01 1.249430274963378906e+01 1.675293350219726562e+01 1.683933448791503906e+01 1.149581527709960938e+01 1.540921974182128906e+01 1.717270851135253906e+01 1.364769840240478516e+01 1.419898414611816406e+01 1.491118240356445312e+01 1.042138957977294922e+01 1.434105968475341797e+01 2.032036590576171875e+01 1.697579956054687500e+01 1.798505592346191406e+01 1.338814067840576172e+01 1.378092002868652344e+01 1.780216598510742188e+01 1.967296409606933594e+01 1.565598964691162109e+01 1.702882003784179688e+01 1.713105010986328125e+01 1.102645683288574219e+01 1.646970176696777344e+01 1.818026542663574219e+01 1.378231430053710938e+01 1.522143650054931641e+01 1.539790153503417969e+01 1.047383689880371094e+01 1.340174293518066406e+01
1.046931934356689453e+01 8.464061737060546875e+00 9.323194503784179688e+00 1.142527484893798828e+01 9.895654678344726562e+00 0.000000000000000000e+00 1.788082504272460938e+01 1.169915962219238281e+01 1.644165039062500000e+01 1.676239204406738281e+01 1.492351913452148438e+01 1.149581527709960938e+01 1.659557151794433594e+01 1.323828125000000000e+01 1.412472915649414062e+01 1.509926033020019531e+01 1.440113449096679688e+01 1.042138957977294922e+01 1.906529808044433594e+01 1.572347068786621094e+01 1.707091903686523438e+01 1.244764328002929688e+01 1.608596801757812500e+01 1.378092002868652344e+01 1.774623680114746094e+01 1.347199916839599609e+01 1.533851051330566406e+01 1.570061969757080078e+01 1.295231437683105469e+01 1.102645683288574219e+01 1.838989448547363281e+01 1.435617446899414062e+01 1.602323532104492188e+01 1.642847633361816406e+01 1.535069179534912109e+01 1.047383689880371094e+01
1.149581527709960938e+01 1.949731063842773438e+01 1.578262233734130859e+01 1.845951080322265625e+01 1.863981056213378906e+01 1.788082504272460938e+01 0.000000000000000000e+00 1.015401840209960938e+01 9.498738288879394531e+00 1.220341396331787109e+01 1.139995384216308594e+01 1.046931934356689453e+01 1.101692008972167969e+01 1.752624320983886719e+01 1.360476112365722656e+01 1.617456626892089844e+01 1.674286651611328125e+01 1.586636734008789062e+01 1.278446674346923828e+01 1.825218200683593750e+01 1.519853115081787109e+01 1.194028186798095703e+01 1.690227127075195312e+01 1.694247817993164062e+01 8.614355087280273438e+00 1.505757617950439453e+01 1.158318424224853516e+01 1.390888690948486328e+01 1.241016006469726562e+01 1.334307861328125000e+01 8.042178153991699219e+00 1.478329563140869141e+01 1.108397960662841797e+01 1.356660175323486328e+01 1.375149440765380859e+01 1.154843997955322266e+01
9.506343841552734375e+00 1.149581527709960938e+01 1.010690975189208984e+01 1.379354858398437500e+01 1.249430274963378906e+01 1.169915962219238281e+01 1.015401840209960938e+01 0.000000000000000000e+00 9.389982223510742188e+00 1.197159290313720703e+01 9.138450622558593750e+00 8.464061737060546875e+00 1.190730571746826172e+01 1.101692008972167969e+01 1.001711654663085938e+01 1.316509246826171875e+01 1.229566097259521484e+01 1.144913387298583984e+01 1.414040851593017578e+01 1.278446674346923828e+01 1.274149131774902344e+01 8.388715744018554688e+00 1.313939189910888672e+01 1.350872898101806641e+01 1.130892372131347656e+01 8.614355087280273438e+00 9.093759536743164062e+00 1.176577377319335938e+01 7.625284194946289062e+00 9.521134376525878906e+00 1.081737613677978516e+01 8.042178153991699219e+00 8.368705749511718750e+00 1.129970264434814453e+01 9.585969924926757812e+00 6.680947303771972656e+00
1.398815250396728516e+01 1.839840888977050781e+01 1.149581527709960938e+01 1.693551254272460938e+01 1.675293350219726562e+01 1.644165039062500000e+01 9.498738288879394531e+00 9.389982223510742188e+00 0.000000000000000000e+00 1.103144168853759766e+01 9.480955123901367188e+00 9.323194503784179688e+00 1.543073368072509766e+01 1.785345649719238281e+01 1.101692008972167969e+01 1.615224266052246094e+01 1.633285522460937500e+01 1.598642921447753906e+01 1.662353324890136719e+01 1.846302223205566406e+01 1.278446674346923828e+01 1.174789237976074219e+01 1.637954902648925781e+01 1.694214057922363281e+01 1.395335483551025391e+01 1.555832004547119141e+01 8.614355087280273438e+00 1.401747035980224609e+01 1.200852203369140625e+01 1.362409687042236328e+01 1.367299175262451172e+01 1.535127258300781250e+01 8.042178153991699219e+00 1.374300289154052734e+01 1.345664215087890625e+01 1.194695949554443359e+01
1.487953662872314453e+01 1.899167251586914062e+01 1.486207962036132812e+01 1.149581527709960938e+01 1.683933448791503906e+01 1.676239204406738281e+01 1.220341396331787109e+01 1.197159290313720703e+01 1.103144168853759766e+01 0.000000000000000000e+00 1.121409893035888672e+01 1.142527484893798828e+01 1.670254516601562500e+01 1.886964225769042969e+01 1.500784587860107422e+01 1.101692008972167969e+01 1.687601470947265625e+01 1.677352523803710938e+01 2.195817565917968750e+01 2.330563735961914062e+01 2.079080581665039062e+01 1.278446674346923828e+01 2.124333953857421875e+01 2.185802841186523438e+01 1.589980220794677734e+01 1.722262573242187500e+01 1.397533893585205078e+01 8.614355087280273438e+00 1.339710521697998047e+01 1.512088966369628906e+01 1.559317779541015625e+01 1.697963523864746094e+01 1.355981349945068359e+01 8.042178153991699219e+00 1.464404296875000000e+01 1.355890846252441406e+01
1.329597282409667969e+01 1.658983039855957031e+01 1.278373336791992188e+01 1.523996067047119141e+01 1.149581527709960938e+01 1.492351913452148438e+01 1.139995384216308594e+01 9.138450622558593750e+00 9.480955123901367188e+00 1.121409893035888672e+01 0.000000000000000000e+00 9.895654678344726562e+00 1.491104602813720703e+01 1.608055686950683594e+01 1.248037910461425781e+01 1.447263336181640625e+01 1.101692008972167969e+01 1.452813816070556641e+01 1.735270118713378906e+01 1.792384147644042969e+01 1.543931865692138672e+01 1.127465057373046875e+01 1.278446674346923828e+01 1.682497024536132812e+01 1.594741439819335938e+01 1.604031753540039062e+01 1.356416702270507812e+01 1.484734916687011719e+01 8.614355087280273438e+00 1.471424579620361328e+01 1.414805793762207031e+01 1.429982566833496094e+01 1.131587600708007812e+01 1.290028476715087891e+01 8.042178153991699219e+00 1.127899646759033203e+01
1.279831695556640625e+01 1.645350646972656250e+01 1.295467472076416016e+01 1.563341331481933594e+01 1.540921974182128906e+01 1.149581527709960938e+01 1.046931934356689453e+01 8.464061737060546875e+00 9.323194503784179688e+00 1.142527484893798828e+01 9.895654678344726562e+00 0.000000000000000000e+00 1.449884986877441406e+01 1.596693611145019531e+01 1.268948364257812500e+01 1.491535186767578125e+01 1.508397197723388672e+01 1.101691913604736328e+01 1.609505844116210938e+01 1.696113395690917969e+01 1.461824035644531250e+01 1.049693298339843750e+01 1.548074626922607422e+01 1.278446674346923828e+01 1.376916027069091797e+01 1.417895984649658203e+01 1.168940162658691406e+01 1.344792652130126953e+01 1.130279159545898438e+01 8.614355087280273438e+00 1.466970062255859375e+01 1.509963226318359375e+01 1.266757106781005859e+01 1.437299919128417969e+01 1.407073020935058594e+01 8.042178153991699219e+00
1.042138862609863281e+01 1.655004692077636719e+01 1.587613773345947266e+01 1.805226707458496094e+01 1.717270851135253906e+01 1.659557151794433594e+01 1.101692008972167969e+01 1.190730571746826172e+01 1.543073368072509766e+01 1.670254516601562500e+01 1.491104602813720703e+01 1.449884986877441406e+01 0.000000000000000000e+00 1.015401744842529297e+01 9.498738288879394531e+00 1.220341396331787109e+01 1.139995384216308594e+01 1.046931934356689453e+01 1.401250171661376953e+01 1.683321571350097656e+01 1.704147720336914062e+01 1.357045078277587891e+01 1.701770401000976562e+01 1.729718780517578125e+01 1.074372673034667969e+01 1.361097049713134766e+01 1.420914077758789062e+01 1.559990119934082031e+01 1.289342689514160156e+01 1.408885478973388672e+01 9.745432853698730469e+00 1.288991928100585938e+01 1.340374660491943359e+01 1.493414497375488281e+01 1.379885101318359375e+01 1.195411205291748047e+01
1.222762393951416016e+01 1.042138862609863281e+01 1.370411872863769531e+01 1.606503677368164062e+01 1.364769840240478516e+01 1.323828125000000000e+01 1.752624320983886719e+01 1.101692008972167969e+01 1.785345649719238281e+01 1.886964225769042969e+01 1.608055686950683594e+01 1.596693611145019531e+01 1.015401744842529297e+01 0.000000000000000000e+00 9.389982223510742188e+00 1.197159290313720703e+01 9.138450622558593750e+00 8.464061737060546875e+00 1.776376724243164062e+01 1.401250171661376953e+01 1.744863510131835938e+01 1.395170211791992188e+01 1.610129547119140625e+01 1.665303421020507812e+01 1.586836338043212891e+01 1.074372673034667969e+01 1.526822376251220703e+01 1.646286201477050781e+01 1.237198448181152344e+01 1.392130470275878906e+01 1.516591835021972656e+01 9.745431900024414062e+00 1.447527885437011719e+01 1.579088211059570312e+01 1.326228332519531250e+01 1.169880485534667969e+01
1.206693744659423828e+01 1.434403514862060547e+01 1.042138957977294922e+01 1.566631126403808594e+01 1.419898414611816406e+01 1.412472915649414062e+01 1.360476112365722656e+01 1.001711654663085938e+01 1.101692008972167969e+01 1.500784587860107422e+01 1.248037910461425781e+01 1.268948364257812500e+01 9.498738288879394531e+00 9.389982223510742188e+00 0.000000000000000000e+00 1.103144168853759766e+01 9.480955123901367188e+00 9.323194503784179688e+00 1.681488800048828125e+01 1.626619529724121094e+01 1.401250171661376953e+01 1.237298488616943359e+01 1.567469501495361328e+01 1.651279067993164062e+01 1.447092437744140625e+01 1.319394397735595703e+01 1.074372673034667969e+01 1.482835960388183594e+01 1.139842033386230469e+01 1.340019035339355469e+01 1.381081199645996094e+01 1.252025318145751953e+01 9.745432853698730469e+00 1.418933105468750000e+01 1.248506736755371094e+01 1.121406173706054688e+01
1.375401687622070312e+01 1.567683982849121094e+01 1.466842651367187500e+01 1.042138862609863281e+01 1.491118240356445312e+01 1.509926033020019531e+01 1.617456626892089844e+01 1.316509246826171875e+01 1.615224266052246094e+01 1.101692008972167969e+01 1.447263336181640625e+01 1.491535186767578125e+01 1.220341396331787109e+01 1.197159290313720703e+01 1.103144168853759766e+01 0.000000000000000000e+00 1.121409797668457031e+01 1.142527484893798828e+01 2.250310707092285156e+01 2.201564025878906250e+01 2.197714614868164062e+01 1.401250171661376953e+01 2.113091850280761719e+01 2.193716812133789062e+01 1.689215850830078125e+01 1.569928455352783203e+01 1.594868183135986328e+01 1.074372673034667969e+01 1.352891731262207031e+01 1.550548839569091797e+01 1.627159500122070312e+01 1.507424926757812500e+01 1.523138713836669922e+01 9.745432853698730469e+00 1.439004516601562500e+01 1.359040546417236328e+01
1.349913311004638672e+01 1.407030773162841797e+01 1.397771549224853516e+01 1.569647598266601562e+01 1.042138957977294922e+01 1.440113449096679688e+01 1.674286651611328125e+01 1.229566097259521484e+01 1.633285522460937500e+01 1.687601470947265625e+01 1.101692008972167969e+01 1.508397197723388672e+01 1.139995384216308594e+01 9.138450622558593750e+00 9.480955123901367188e+00 1.121409797668457031e+01 0.000000000000000000e+00 9.895654678344726562e+00 1.905297851562500000e+01 1.733410453796386719e+01 1.807709312438964844e+01 1.406046676635742188e+01 1.401250076293945312e+01 1.800602340698242188e+01 1.801479148864746094e+01 1.564646434783935547e+01 1.675435256958007812e+01 1.730132102966308594e+01 1.074372673034667969e+01 1.630825805664062500e+01 1.610765457153320312e+01 1.345664501190185547e+01 1.462350940704345703e+01 1.530965518951416016e+01 9.745431900024414062e+00 1.287409305572509766e+01
1.268900966644287109e+01 1.361026382446289062e+01 1.384003734588623047e+01 1.582077312469482422e+01 1.434105968475341797e+01 1.042138957977294922e+01 1.586636734008789062e+01 1.144913387298583984e+01 1.598642921447753906e+01 1.677352523803710938e+01 1.452813816070556641e+01 1.101691913604736328e+01 1.046931934356689453e+01 8.464061737060546875e+00 9.323194503784179688e+00 1.142527484893798828e+01 9.895654678344726562e+00 0.000000000000000000e+00 1.768391799926757812e+01 1.608283424377441406e+01 1.714269638061523438e+01 1.313525295257568359e+01 1.625827217102050781e+01 1.401250076293945312e+01 1.586104679107666016e+01 1.342882251739501953e+01 1.500446987152099609e+01 1.585903549194335938e+01 1.267848587036132812e+01 1.074372673034667969e+01 1.631745529174804688e+01 1.401304912567138672e+01 1.542840385437011719e+01 1.631936264038085938e+01 1.483417034149169922e+01 9.745432853698730469e+00
1.378092098236083984e+01 1.926939773559570312e+01 1.815280723571777344e+01 2.383923339843750000e+01 2.032036590576171875e+01 1.906529808044433594e+01 1.278446674346923828e+01 1.414040851593017578e+01 1.662353324890136719e+01 2.195817565917968750e+01 1.735270118713378906e+01 1.609505844116210938e+01 1.401250171661376953e+01 1.776376724243164062e+01 1.681488800048828125e+01 2.250310707092285156e+01 1.905297851562500000e+01 1.768391799926757812e+01 0.000000000000000000e+00 1.015401744842529297e+01 9.498738288879394531e+00 1.220341396331787109e+01 1.139995384216308594e+01 1.046931934356689453e+01 1.245013999938964844e+01 1.552204799652099609e+01 1.541565132141113281e+01 2.107253074645996094e+01 1.557323646545410156e+01 1.564730930328369141e+01 1.195399761199951172e+01 1.517141151428222656e+01 1.495825004577636719e+01 2.078628349304199219e+01 1.658432197570800781e+01 1.405665397644042969e+01
1.465353488922119141e+01 1.378092002868652344e+01 1.578538513183593750e+01 2.200938415527343750e+01 1.697579956054687500e+01 1.572347068786621094e+01 1.825218200683593750e+01 1.278446674346923828e+01 1.846302223205566406e+01 2.330563735961914062e+01 1.792384147644042969e+01 1.696113395690917969e+01 1.683321571350097656e+01 1.401250171661376953e+01 1.626619529724121094e+01 2.201564025878906250e+01 1.733410453796386719e+01 1.608283424377441406e+01 1.015401744842529297e+01 0.000000000000000000e+00 9.389982223510742188e+00 1.197159290313720703e+01 9.138450622558593750e+00 8.464061737060546875e+00 1.659174919128417969e+01 1.245013999938964844e+01 1.589855670928955078e+01 2.134533691406250000e+01 1.460322189331054688e+01 1.496823501586914062e+01 1.618124198913574219e+01 1.195399761199951172e+01 1.541185951232910156e+01 2.103082847595214844e+01 1.563401603698730469e+01 1.324589157104492188e+01
1.519062709808349609e+01 1.752120590209960938e+01 1.378092002868652344e+01 2.217416954040527344e+01 1.798505592346191406e+01 1.707091903686523438e+01 1.519853115081787109e+01 1.274149131774902344e+01 1.278446674346923828e+01 2.079080581665039062e+01 1.543931865692138672e+01 1.461824035644531250e+01 1.704147720336914062e+01 1.744863510131835938e+01 1.401250171661376953e+01 2.197714614868164062e+01 1.807709312438964844e+01 1.714269638061523438e+01 9.498738288879394531e+00 9.389982223510742188e+00 0.000000000000000000e+00 1.103144168853759766e+01 9.480955123901367188e+00 9.323194503784179688e+00 1.590036964416503906e+01 1.528369808197021484e+01 1.245013999938964844e+01 2.060123062133789062e+01 1.449292755126953125e+01 1.515728569030761719e+01 1.557237529754638672e+01 1.498713397979736328e+01 1.195399761199951172e+01 2.035224533081054688e+01 1.563151073455810547e+01 1.357496547698974609e+01
1.045777511596679688e+01 1.349268531799316406e+01 1.146817684173583984e+01 1.378092002868652344e+01 1.338814067840576172e+01 1.244764328002929688e+01 1.194028186798095703e+01 8.388715744018554688e+00 1.174789237976074219e+01 1.278446674346923828e+01 1.127465057373046875e+01 1.049693298339843750e+01 1.357045078277587891e+01 1.395170211791992188e+01 1.237298488616943359e+01 1.401250171661376953e+01 1.406046676635742188e+01 1.313525295257568359e+01 1.220341396331787109e+01 1.197159290313720703e+01 1.103144168853759766e+01 0.000000000000000000e+00 1.121409893035888672e+01 1.142527484893798828e+01 1.279871273040771484e+01 1.187546539306640625e+01 1.135723018646240234e+01 1.245013999938964844e+01 9.909614562988281250e+00 1.120920467376708984e+01 1.231150150299072266e+01 1.140782070159912109e+01 1.072229576110839844e+01 1.195399761199951172e+01 1.142753314971923828e+01 8.847119331359863281e+00
1.506081485748291016e+01 1.608329200744628906e+01 1.536692428588867188e+01 2.126257896423339844e+01 1.378092002868652344e+01 1.608596801757812500e+01 1.690227127075195312e+01 1.313939189910888672e+01 1.637954902648925781e+01 2.124333953857421875e+01 1.278446674346923828e+01 1.548074626922607422e+01 1.701770401000976562e+01 1.610129547119140625e+01 1.567469501495361328e+01 2.113091850280761719e+01 1.401250076293945312e+01 1.625827217102050781e+01 1.139995384216308594e+01 9.138450622558593750e+00 9.480955123901367188e+00 1.121409893035888672e+01 0.000000000000000000e+00 9.895654678344726562e+00 1.809431457519531250e+01 1.624131965637207031e+01 1.672555160522460938e+01 2.152495384216308594e+01 1.245013999938964844e+01 1.660105133056640625e+01 1.645218086242675781e+01 1.443593311309814453e+01 1.487376976013183594e+01 2.016728973388671875e+01 1.195399761199951172e+01 1.355448722839355469e+01
1.534780883789062500e+01 1.660965538024902344e+01 1.619429397583007812e+01 2.204444313049316406e+01 1.780216598510742188e+01 1.378092002868652344e+01 1.694247817993164062e+01 1.350872898101806641e+01 1.694214057922363281e+01 2.185802841186523438e+01 1.682497024536132812e+01 1.278446674346923828e+01 1.729718780517578125e+01 1.665303421020507812e+01 1.651279067993164062e+01 2.193716812133789062e+01 1.800602340698242188e+01 1.401250076293945312e+01 1.046931934356689453e+01 8.464061737060546875e+00 9.323194503784179688e+00 1.142527484893798828e+01 9.895654678344726562e+00 0.000000000000000000e+00 1.686377906799316406e+01 1.514082622528076172e+01 1.594090938568115234e+01 2.110543823242187500e+01 1.517448616027832031e+01 1.245013999938964844e+01 1.753339195251464844e+01 1.592555046081542969e+01 1.659398651123046875e+01 2.164713478088378906e+01 1.726035690307617188e+01 1.195399761199951172e+01
1.102645683288574219e+01 1.789286804199218750e+01 1.639460754394531250e+01 1.896986579895019531e+01 1.967296409606933594e+01 1.774623680114746094e+01 8.614355087280273438e+00 1.130892372131347656e+01 1.395335483551025391e+01 1.589980220794677734e+01 1.594741439819335938e+01 1.376916027069091797e+01 1.074372673034667969e+01 1.586836338043212891e+01 1.447092437744140625e+01 1.689215850830078125e+01 1.801479148864746094e+01 1.586104679107666016e+01 1.245013999938964844e+01 1.659174919128417969e+01 1.590036964416503906e+01 1.279871273040771484e+01 1.809431457519531250e+01 1.686377906799316406e+01 0.000000000000000000e+00 1.015401744842529297e+01 9.498738288879394531e+00 1.220341396331787109e+01 1.139995384216308594e+01 1.046931934356689453e+01 8.171467781066894531e+00 1.308520698547363281e+01 1.245848369598388672e+01 1.469088745117187500e+01 1.553556728363037109e+01 1.188438987731933594e+01
1.136745262145996094e+01 1.102645683288574219e+01 1.308667373657226562e+01 1.608675384521484375e+01 1.565598964691162109e+01 1.347199916839599609e+01 1.505757617950439453e+01 8.614355087280273438e+00 1.555832004547119141e+01 1.722262573242187500e+01 1.604031753540039062e+01 1.417895984649658203e+01 1.361097049713134766e+01 1.074372673034667969e+01 1.319394397735595703e+01 1.569928455352783203e+01 1.564646434783935547e+01 1.342882251739501953e+01 1.552204799652099609e+01 1.245013999938964844e+01 1.528369808197021484e+01 1.187546539306640625e+01 1.624131965637207031e+01 1.514082622528076172e+01 1.015401744842529297e+01 0.000000000000000000e+00 9.389982223510742188e+00 1.197159290313720703e+01 9.138450622558593750e+00 8.464061737060546875e+00 1.298195934295654297e+01 8.171467781066894531e+00 1.232127761840820312e+01 1.445241451263427734e+01 1.391260242462158203e+01 1.009587669372558594e+01
1.244324874877929688e+01 1.575588893890380859e+01 1.102645683288574219e+01 1.660273551940917969e+01 1.702882003784179688e+01 1.533851051330566406e+01 1.158318424224853516e+01 9.093759536743164062e+00 8.614355087280273438e+00 1.397533893585205078e+01 1.356416702270507812e+01 1.168940162658691406e+01 1.420914077758789062e+01 1.526822376251220703e+01 1.074372673034667969e+01 1.594868183135986328e+01 1.675435256958007812e+01 1.500446987152099609e+01 1.541565132141113281e+01 1.589855670928955078e+01 1.245013999938964844e+01 1.135723018646240234e+01 1.672555160522460938e+01 1.594090938568115234e+01 9.498738288879394531e+00 9.389982223510742188e+00 0.000000000000000000e+00 1.103144168853759766e+01 9.480955123901367188e+00 9.323194503784179688e+00 1.260095214843750000e+01 1.257280445098876953e+01 8.171467781066894531e+00 1.379770469665527344e+01 1.425021076202392578e+01 1.096991920471191406e+01
1.345943164825439453e+01 1.646268272399902344e+01 1.452239990234375000e+01 1.102645778656005859e+01 1.713105010986328125e+01 1.570061969757080078e+01 1.390888690948486328e+01 1.176577377319335938e+01 1.401747035980224609e+01 8.614355087280273438e+00 1.484734916687011719e+01 1.344792652130126953e+01 1.559990119934082031e+01 1.646286201477050781e+01 1.482835960388183594e+01 1.074372673034667969e+01 1.730132102966308594e+01 1.585903549194335938e+01 2.107253074645996094e+01 2.134533691406250000e+01 2.060123062133789062e+01 1.245013999938964844e+01 2.152495384216308594e+01 2.110543823242187500e+01 1.220341396331787109e+01 1.197159290313720703e+01 1.103144168853759766e+01 0.000000000000000000e+00 1.121409893035888672e+01 1.142527484893798828e+01 1.468230915069580078e+01 1.453656196594238281e+01 1.365849494934082031e+01 8.171467781066894531e+00 1.539561271667480469e+01 1.272961044311523438e+01
1.077301597595214844e+01 1.284827041625976562e+01 1.153090667724609375e+01 1.418466377258300781e+01 1.102645683288574219e+01 1.295231437683105469e+01 1.241016006469726562e+01 7.625284194946289062e+00 1.200852203369140625e+01 1.339710521697998047e+01 8.614355087280273438e+00 1.130279159545898438e+01 1.289342689514160156e+01 1.237198448181152344e+01 1.139842033386230469e+01 1.352891731262207031e+01 1.074372673034667969e+01 1.267848587036132812e+01 1.557323646545410156e+01 1.460322189331054688e+01 1.449292755126953125e+01 9.909614562988281250e+00 1.245013999938964844e+01 1.517448616027832031e+01 1.139995384216308594e+01 9.138450622558593750e+00 9.480955123901367188e+00 1.121409893035888672e+01 0.000000000000000000e+00 9.895654678344726562e+00 1.233328056335449219e+01 1.034445762634277344e+01 1.050020503997802734e+01 1.216687679290771484e+01 8.171467781066894531e+00 9.215967178344726562e+00
1.214289379119873047e+01 1.431612396240234375e+01 1.348108100891113281e+01 1.605396842956542969e+01 1.646970176696777344e+01 1.102645683288574219e+01 1.334307861328125000e+01 9.521134376525878906e+00 1.362409687042236328e+01 1.512088966369628906e+01 1.471424579620361328e+01 8.614355087280273438e+00 1.408885478973388672e+01 1.392130470275878906e+01 1.340019035339355469e+01 1.550548839569091797e+01 1.630825805664062500e+01 1.074372673034667969e+01 1.564730930328369141e+01 1.496823501586914062e+01 1.515728569030761719e+01 1.120920467376708984e+01 1.660105133056640625e+01 1.245013999938964844e+01 1.046931934356689453e+01 8.464061737060546875e+00 9.323194503784179688e+00 1.142527484893798828e+01 9.895654678344726562e+00 0.000000000000000000e+00 1.454373836517333984e+01 1.322496604919433594e+01 1.367664337158203125e+01 1.525046253204345703e+01 1.563520717620849609e+01 8.171467781066894531e+00
1.047383689880371094e+01 1.751934623718261719e+01 1.608374023437500000e+01 1.865069198608398438e+01 1.818026542663574219e+01 1.838989448547363281e+01 8.042178153991699219e+00 1.081737613677978516e+01 1.367299175262451172e+01 1.559317779541015625e+01 1.414805793762207031e+01 1.466970062255859375e+01 9.745432853698730469e+00 1.516591835021972656e+01 1.381081199645996094e+01 1.627159500122070312e+01 1.610765457153320312e+01 1.631745529174804688e+01 1.195399761199951172e+01 1.618124198913574219e+01 1.557237529754638672e+01 1.231150150299072266e+01 1.645218086242675781e+01 1.753339195251464844e+01 8.171467781066894531e+00 1.298195934295654297e+01 1.260095214843750000e+01 1.468230915069580078e+01 1.233328056335449219e+01 1.454373836517333984e+01 0.000000000000000000e+00 1.015401744842529297e+01 9.498738288879394531e+00 1.220341491699218750e+01 1.139995384216308594e+01 1.046931934356689453e+01
1.089417934417724609e+01 1.047383689880371094e+01 1.274795246124267578e+01 1.575188446044921875e+01 1.378231430053710938e+01 1.435617446899414062e+01 1.478329563140869141e+01 8.042178153991699219e+00 1.535127258300781250e+01 1.697963523864746094e+01 1.429982566833496094e+01 1.509963226318359375e+01 1.288991928100585938e+01 9.745431900024414062e+00 1.252025318145751953e+01 1.507424926757812500e+01 1.345664501190185547e+01 1.401304912567138672e+01 1.517141151428222656e+01 1.195399761199951172e+01 1.498713397979736328e+01 1.140782070159912109e+01 1.443593311309814453e+01 1.592555046081542969e+01 1.308520698547363281e+01 8.171467781066894531e+00 1.257280445098876953e+01 1.453656196594238281e+01 1.034445762634277344e+01 1.322496604919433594e+01 1.015401744842529297e+01 0.000000000000000000e+00 9.389982223510742188e+00 1.197159290313720703e+01 9.138450622558593750e+00 8.464061737060546875e+00
1.188140678405761719e+01 1.527205944061279297e+01 1.047383689880371094e+01 1.618203353881835938e+01 1.522143650054931641e+01 1.602323532104492188e+01 1.108397960662841797e+01 8.368705749511718750e+00 8.042178153991699219e+00 1.355981349945068359e+01 1.131587600708007812e+01 1.266757106781005859e+01 1.340374660491943359e+01 1.447527885437011719e+01 9.745432853698730469e+00 1.523138713836669922e+01 1.462350940704345703e+01 1.542840385437011719e+01 1.495825004577636719e+01 1.541185951232910156e+01 1.195399761199951172e+01 1.072229576110839844e+01 1.487376976013183594e+01 1.659398651123046875e+01 1.245848369598388672e+01 1.232127761840820312e+01 8.171467781066894531e+00 1.365849494934082031e+01 1.050020503997802734e+01 1.367664337158203125e+01 9.498738288879394531e+00 9.389982223510742188e+00 0.000000000000000000e+00 1.103144168853759766e+01 9.480955123901367188e+00 9.323194503784179688e+00
1.301540756225585938e+01 1.605984878540039062e+01 1.417496681213378906e+01 1.047383689880371094e+01 1.539790153503417969e+01 1.642847633361816406e+01 1.356660175323486328e+01 1.129970264434814453e+01 1.374300289154052734e+01 8.042178153991699219e+00 1.290028476715087891e+01 1.437299919128417969e+01 1.493414497375488281e+01 1.579088211059570312e+01 1.418933105468750000e+01 9.745432853698730469e+00 1.530965518951416016e+01 1.631936264038085938e+01 2.078628349304199219e+01 2.103082847595214844e+01 2.035224533081054688e+01 1.195399761199951172e+01 2.016728973388671875e+01 2.164713478088378906e+01 1.469088745117187500e+01 1.445241451263427734e+01 1.379770469665527344e+01 8.171467781066894531e+00 1.216687679290771484e+01 1.525046253204345703e+01 1.220341491699218750e+01 1.197159290313720703e+01 1.103144168853759766e+01 0.000000000000000000e+00 1.121409893035888672e+01 1.142527484893798828e+01
1.219829368591308594e+01 1.401687812805175781e+01 1.294169139862060547e+01 1.529114818572998047e+01 1.047383689880371094e+01 1.535069179534912109e+01 1.375149440765380859e+01 9.585969924926757812e+00 1.345664215087890625e+01 1.464404296875000000e+01 8.042178153991699219e+00 1.407073020935058594e+01 1.379885101318359375e+01 1.326228332519531250e+01 1.248506736755371094e+01 1.439004516601562500e+01 9.745431900024414062e+00 1.483417034149169922e+01 1.658432197570800781e+01 1.563401603698730469e+01 1.563151073455810547e+01 1.142753314971923828e+01 1.195399761199951172e+01 1.726035690307617188e+01 1.553556728363037109e+01 1.391260242462158203e+01 1.425021076202392578e+01 1.539561271667480469e+01 8.171467781066894531e+00 1.563520717620849609e+01 1.139995384216308594e+01 9.138450622558593750e+00 9.480955123901367188e+00 1.121409893035888672e+01 0.000000000000000000e+00 9.895654678344726562e+00
1.002135562896728516e+01 1.251333045959472656e+01 1.168342113494873047e+01 1.451142787933349609e+01 1.340174293518066406e+01 1.047383689880371094e+01 1.154843997955322266e+01 6.680947303771972656e+00 1.194695949554443359e+01 1.355890846252441406e+01 1.127899646759033203e+01 8.042178153991699219e+00 1.195411205291748047e+01 1.169880485534667969e+01 1.121406173706054688e+01 1.359040546417236328e+01 1.287409305572509766e+01 9.745432853698730469e+00 1.405665397644042969e+01 1.324589157104492188e+01 1.357496547698974609e+01 8.847119331359863281e+00 1.355448722839355469e+01 1.195399761199951172e+01 1.188438987731933594e+01 1.009587669372558594e+01 1.096991920471191406e+01 1.272961044311523438e+01 9.215967178344726562e+00 8.171467781066894531e+00 1.046931934356689453e+01 8.464061737060546875e+00 9.323194503784179688e+00 1.142527484893798828e+01 9.895654678344726562e+00 0.000000000000000000e+00
