0.000000000000000000e+00 3.285884618759155273e+00 3.270265817642211914e+00 4.566648006439208984e+00 3.698541164398193359e+00 3.777343988418579102e+00 3.932506084442138672e+00 2.797894716262817383e+00 4.686345577239990234e+00 5.144868850708007812e+00 4.015799522399902344e+00 4.167559623718261719e+00 3.248594045639038086e+00 3.447178840637207031e+00 4.090167999267578125e+00 5.007524013519287109e+00 4.101918220520019531e+00 3.860773324966430664e+00 4.800092697143554688e+00 4.995056629180908203e+00 5.497809886932373047e+00 4.321625709533691406e+00 5.373651027679443359e+00 5.469778060913085938e+00 4.145068168640136719e+00 3.671376228332519531e+00 4.769720077514648438e+00 5.262207508087158203e+00 3.569117069244384766e+00 4.305567741394042969e+00 4.829407691955566406e+00 4.640603065490722656e+00 5.341640949249267578e+00 5.777182579040527344e+00 4.872248172760009766e+00 4.014201164245605469e+00
3.285884618759155273e+00 0.000000000000000000e+00 3.158495187759399414e+00 4.447083473205566406e+00 2.634367227554321289e+00 3.004349231719970703e+00 6.685436248779296875e+00 3.932506084442138672e+00 6.298945903778076172e+00 6.620073795318603516e+00 5.274538040161132812e+00 5.528088569641113281e+00 5.551374435424804688e+00 3.248594045639038086e+00 5.047602176666259766e+00 5.784887790679931641e+00 4.421965122222900391e+00 4.373867511749267578e+00 6.536455631256103516e+00 4.800092697143554688e+00 6.196345329284667969e+00 5.146460533142089844e+00 5.569932460784912109e+00 5.793409824371337891e+00 6.517534255981445312e+00 4.145068168640136719e+00 6.044113636016845703e+00 6.411921501159667969e+00 4.527571678161621094e+00 5.272127628326416016e+00 6.834122180938720703e+00 4.829407691955566406e+00 6.356067657470703125e+00 6.699487686157226562e+00 5.439163684844970703e+00 4.843203067779541016e+00
3.270265817642211914e+00 3.158495187759399414e+00 0.000000000000000000e+00 4.744267940521240234e+00 3.229634046554565430e+00 3.465980529785156250e+00 5.509685993194580078e+00 3.347337961196899414e+00 3.932506084442138672e+00 5.685145854949951172e+00 4.132236957550048828e+00 4.394388675689697266e+00 5.076074600219726562e+00 3.947230100631713867e+00 3.248594045639038086e+00 5.589958190917968750e+00 4.253890991210937500e+00 4.143524169921875000e+00 6.102880001068115234e+00 5.257305622100830078e+00 4.800092697143554688e+00 4.882608890533447266e+00 5.397876739501953125e+00 5.583259582519531250e+00 5.744756698608398438e+00 4.217113971710205078e+00 4.145068168640136719e+00 5.871169567108154297e+00 3.823077678680419922e+00 4.626943588256835938e+00 6.285101413726806641e+00 5.118489742279052734e+00 4.829407691955566406e+00 6.365087985992431641e+00 5.096549987792968750e+00 4.398089408874511719e+00
4.566648006439208984e+00 4.447083473205566406e+00 4.744267940521240234e+00 0.000000000000000000e+00 4.399154663085937500e+00 4.716765403747558594e+00 6.794709682464599609e+00 5.163034915924072266e+00 6.604882717132568359e+00 3.932505846023559570e+00 5.625761985778808594e+00 5.932731628417968750e+00 6.143287181854248047e+00 5.214872837066650391e+00 5.905527591705322266e+00 3.248594045639038086e+00 5.369490146636962891e+00 5.405318260192871094e+00 8.313475608825683594e+00 7.690827369689941406e+00 8.201101303100585938e+00 4.800092697143554688e+00 7.730989456176757812e+00 7.944604396820068359e+00 6.955637454986572266e+00 5.727437973022460938e+00 6.701395511627197266e+00 4.145068168640136719e+00 5.362553596496582031e+00 6.071448802947998047e+00 7.414786338806152344e+00 6.427776813507080078e+00 7.151795387268066406e+00 4.829407691955566406e+00 6.341432571411132812e+00 5.907196044921875000e+00
3.698541164398193359e+00 2.634367227554321289e+00 3.229634046554565430e+00 4.399154663085937500e+00 0.000000000000000000e+00 3.144507169723510742e+00 6.493147373199462891e+00 4.121677875518798828e+00 5.891934871673583984e+00 6.163207054138183594e+00 3.932506084442138672e+00 5.099540233612060547e+00 5.624891757965087891e+00 3.928451776504516602e+00 4.885919570922851562e+00 5.566006183624267578e+00 3.248594045639038086e+00 4.234619617462158203e+00 6.675631999969482422e+00 5.379350662231445312e+00 6.148640155792236328e+00 5.001869678497314453e+00 4.800092697143554688e+00 5.777719020843505859e+00 6.998785495758056641e+00 5.267262458801269531e+00 6.372466564178466797e+00 6.656674861907958984e+00 4.145068168640136719e+00 5.681523323059082031e+00 7.089849472045898438e+00 5.562520027160644531e+00 6.444579601287841797e+00 6.718460083007812500e+00 4.829407691955566406e+00 4.999699115753173828e+00
3.777343988418579102e+00 3.004349231719970703e+00 3.465980529785156250e+00 4.716765403747558594e+00 3.144507169723510742e+00 0.000000000000000000e+00 6.488243579864501953e+00 4.292047023773193359e+00 5.970309734344482422e+00 6.342527389526367188e+00 4.969883441925048828e+00 3.932505846023559570e+00 5.893879413604736328e+00 4.475292205810546875e+00 5.288097858428955078e+00 6.031999588012695312e+00 4.790675163269042969e+00 3.248594045639038086e+00 6.685802459716796875e+00 5.529051303863525391e+00 6.239794731140136719e+00 5.240303993225097656e+00 5.698735237121582031e+00 4.800092697143554688e+00 6.660474300384521484e+00 4.961863040924072266e+00 6.081169605255126953e+00 6.480465412139892578e+00 4.675395011901855469e+00 4.145068168640136719e+00 7.685648441314697266e+00 6.421991348266601562e+00 7.164440631866455078e+00 7.499809741973876953e+00 6.436242580413818359e+00 4.829407691955566406e+00
3.932506084442138672e+00 6.685436248779296875e+00 5.509685993194580078e+00 6.794709682464599609e+00 6.493147373199462891e+00 6.488243579864501953e+00 0.000000000000000000e+00 3.285884618759155273e+00 3.270265817642211914e+00 4.566648006439208984e+00 3.698540925979614258e+00 3.777343988418579102e+00 3.223811864852905273e+00 5.491453647613525391e+00 4.557024478912353516e+00 5.896108150482177734e+00 5.448163986206054688e+00 5.206682682037353516e+00 4.481322288513183594e+00 6.358096122741699219e+00 5.609338283538818359e+00 5.056383132934570312e+00 6.239763736724853516e+00 6.270902633666992188e+00 2.956631183624267578e+00 4.844843387603759766e+00 4.302059650421142578e+00 5.394451618194580078e+00 4.161230087280273438e+00 4.739448070526123047e+00 4.100518226623535156e+00 5.784435272216796875e+00 5.120703220367431641e+00 6.059382915496826172e+00 5.499730587005615234e+00 4.687137603759765625e+00
2.797894716262817383e+00 3.932506084442138672e+00 3.347337961196899414e+00 5.163034915924072266e+00 4.121677875518798828e+00 4.292047023773193359e+00 3.285884618759155273e+00 0.000000000000000000e+00 3.158495187759399414e+00 4.447083473205566406e+00 2.634367227554321289e+00 3.004349470138549805e+00 3.496274232864379883e+00 3.223811864852905273e+00 3.328942775726318359e+00 4.971951961517333984e+00 3.738597393035888672e+00 3.591833353042602539e+00 4.618787765502929688e+00 4.481322288513183594e+00 4.604350090026855469e+00 3.865643024444580078e+00 4.759122371673583984e+00 4.953373908996582031e+00 3.950304269790649414e+00 2.956631183624267578e+00 3.722279310226440430e+00 4.908012390136718750e+00 2.577347517013549805e+00 3.645045280456542969e+00 4.665070533752441406e+00 4.100518226623535156e+00 4.433356285095214844e+00 5.458020210266113281e+00 4.202298641204833984e+00 3.298278331756591797e+00
4.686345577239990234e+00 6.298945903778076172e+00 3.932506084442138672e+00 6.604882717132568359e+00 5.891934871673583984e+00 5.970309734344482422e+00 3.270265817642211914e+00 3.158495187759399414e+00 0.000000000000000000e+00 4.744267940521240234e+00 3.229634046554565430e+00 3.465980768203735352e+00 4.626956462860107422e+00 5.445754528045654297e+00 3.223811864852905273e+00 6.061273097991943359e+00 5.172518253326416016e+00 5.017505645751953125e+00 5.485353469848632812e+00 6.238321304321289062e+00 4.481322288513183594e+00 5.151022434234619141e+00 5.915927410125732422e+00 6.031676769256591797e+00 4.512748241424560547e+00 4.855939865112304688e+00 2.956630945205688477e+00 5.628721714019775391e+00 3.872435569763183594e+00 4.597352981567382812e+00 5.366206645965576172e+00 5.824605941772460938e+00 4.100518226623535156e+00 6.297397136688232422e+00 5.318425655364990234e+00 4.582710742950439453e+00
5.144868850708007812e+00 6.620073795318603516e+00 5.685145854949951172e+00 3.932505846023559570e+00 6.163207054138183594e+00 6.342527389526367188e+00 4.566648006439208984e+00 4.447083473205566406e+00 4.744267940521240234e+00 0.000000000000000000e+00 4.399154663085937500e+00 4.716765403747558594e+00 5.265964031219482422e+00 5.968142509460449219e+00 5.391016483306884766e+00 3.223811864852905273e+00 5.642604351043701172e+00 5.618917465209960938e+00 7.503735065460205078e+00 8.048254966735839844e+00 7.658174514770507812e+00 4.481322288513183594e+00 7.744515895843505859e+00 7.916646480560302734e+00 5.485596656799316406e+00 5.740021705627441406e+00 5.551304817199707031e+00 2.956631183624267578e+00 4.846134662628173828e+00 5.562170982360839844e+00 6.214573860168457031e+00 6.587231159210205078e+00 6.243993282318115234e+00 4.100518226623535156e+00 6.072298049926757812e+00 5.558886051177978516e+00
4.015799522399902344e+00 5.274538040161132812e+00 4.132236957550048828e+00 5.625761985778808594e+00 3.932506084442138672e+00 4.969883441925048828e+00 3.698540925979614258e+00 2.634367227554321289e+00 3.229634046554565430e+00 4.399154663085937500e+00 0.000000000000000000e+00 3.144507169723510742e+00 4.296724796295166016e+00 4.548471927642822266e+00 3.859021663665771484e+00 5.258522510528564453e+00 3.223811864852905273e+00 4.137489318847656250e+00 5.346798896789550781e+00 5.603127956390380859e+00 5.101703643798828125e+00 4.346504688262939453e+00 4.481322288513183594e+00 5.456245899200439453e+00 5.246514320373535156e+00 4.971961021423339844e+00 4.832044124603271484e+00 5.718691825866699219e+00 2.956631183624267578e+00 4.815288066864013672e+00 5.544355392456054688e+00 5.463420867919921875e+00 5.118976593017578125e+00 5.954899311065673828e+00 4.100518226623535156e+00 4.223182678222656250e+00
4.167559623718261719e+00 5.528088569641113281e+00 4.394388675689697266e+00 5.932731628417968750e+00 5.099540233612060547e+00 3.932505846023559570e+00 3.777343988418579102e+00 3.004349470138549805e+00 3.465980768203735352e+00 4.716765403747558594e+00 3.144507169723510742e+00 0.000000000000000000e+00 4.713070869445800781e+00 5.092827320098876953e+00 4.431320667266845703e+00 5.805983543395996094e+00 4.841792106628417969e+00 3.223811864852905273e+00 5.420050144195556641e+00 5.803517818450927734e+00 5.273464679718017578e+00 4.689027309417724609e+00 5.492698192596435547e+00 4.481322288513183594e+00 4.853619575500488281e+00 4.716907024383544922e+00 4.513725757598876953e+00 5.571475505828857422e+00 3.751290559768676758e+00 2.956631183624267578e+00 6.340023040771484375e+00 6.387651443481445312e+00 6.054197788238525391e+00 6.871902465820312500e+00 5.963981628417968750e+00 4.100518226623535156e+00
3.248594045639038086e+00 5.551374435424804688e+00 5.076074600219726562e+00 6.143287181854248047e+00 5.624891757965087891e+00 5.893879413604736328e+00 3.223811864852905273e+00 3.496274232864379883e+00 4.626956462860107422e+00 5.265964031219482422e+00 4.296724796295166016e+00 4.713070869445800781e+00 0.000000000000000000e+00 3.285884618759155273e+00 3.270265817642211914e+00 4.566648006439208984e+00 3.698540925979614258e+00 3.777343988418579102e+00 4.863985061645507812e+00 5.919071674346923828e+00 5.946587562561035156e+00 5.062237739562988281e+00 6.074572563171386719e+00 6.360193729400634766e+00 3.732985734939575195e+00 4.438463211059570312e+00 4.901260375976562500e+00 5.547681331634521484e+00 4.110842704772949219e+00 5.020720005035400391e+00 4.387546062469482422e+00 5.189406394958496094e+00 5.383217811584472656e+00 5.969552993774414062e+00 5.203174114227294922e+00 4.685862541198730469e+00
3.447178840637207031e+00 3.248594045639038086e+00 3.947230100631713867e+00 5.214872837066650391e+00 3.928451776504516602e+00 4.475292205810546875e+00 5.491453647613525391e+00 3.223811864852905273e+00 5.445754528045654297e+00 5.968142509460449219e+00 4.548471927642822266e+00 5.092827320098876953e+00 3.285884618759155273e+00 0.000000000000000000e+00 3.158495187759399414e+00 4.447083473205566406e+00 2.634367227554321289e+00 3.004349470138549805e+00 5.820254802703857422e+00 4.863985538482666016e+00 5.836380481719970703e+00 4.895763397216796875e+00 5.438849925994873047e+00 5.884711265563964844e+00 5.455683708190917969e+00 3.732985973358154297e+00 5.323163986206054688e+00 5.893327713012695312e+00 3.897689104080200195e+00 4.999767780303955078e+00 5.758928298950195312e+00 4.387546062469482422e+00 5.601619720458984375e+00 6.138037204742431641e+00 4.842660427093505859e+00 4.453398704528808594e+00
4.090167999267578125e+00 5.047602176666259766e+00 3.248594045639038086e+00 5.905527591705322266e+00 4.885919570922851562e+00 5.288097858428955078e+00 4.557024478912353516e+00 3.328942775726318359e+00 3.223811864852905273e+00 5.391016483306884766e+00 3.859021663665771484e+00 4.431320667266845703e+00 3.270265817642211914e+00 3.158495187759399414e+00 0.000000000000000000e+00 4.744267940521240234e+00 3.229634284973144531e+00 3.465980768203735352e+00 5.774433612823486328e+00 5.762426376342773438e+00 4.863985538482666016e+00 5.125538825988769531e+00 5.713392257690429688e+00 6.098184108734130859e+00 5.023672580718994141e+00 4.414349079132080078e+00 3.732985734939575195e+00 5.747872829437255859e+00 3.775953769683837891e+00 4.853842735290527344e+00 5.559798240661621094e+00 5.203378677368164062e+00 4.387546062469482422e+00 6.185105800628662109e+00 4.979006767272949219e+00 4.546226024627685547e+00
5.007524013519287109e+00 5.784887790679931641e+00 5.589958190917968750e+00 3.248594045639038086e+00 5.566006183624267578e+00 6.031999588012695312e+00 5.896108150482177734e+00 4.971951961517333984e+00 6.061273097991943359e+00 3.223811864852905273e+00 5.258522510528564453e+00 5.805983543395996094e+00 4.566648006439208984e+00 4.447083473205566406e+00 4.744267940521240234e+00 0.000000000000000000e+00 4.399154663085937500e+00 4.716765403747558594e+00 7.962349414825439453e+00 7.931034564971923828e+00 8.127836227416992188e+00 4.863985538482666016e+00 7.839653015136718750e+00 8.204753875732421875e+00 6.229136943817138672e+00 5.717706203460693359e+00 6.312565803527832031e+00 3.732985734939575195e+00 5.156071662902832031e+00 6.099169731140136719e+00 6.676383495330810547e+00 6.354424953460693359e+00 6.727684020996093750e+00 4.387546062469482422e+00 6.100461959838867188e+00 5.865673542022705078e+00
4.101918220520019531e+00 4.421965122222900391e+00 4.253890991210937500e+00 5.369490146636962891e+00 3.248594045639038086e+00 4.790675163269042969e+00 5.448163986206054688e+00 3.738597393035888672e+00 5.172518253326416016e+00 5.642604351043701172e+00 3.223811864852905273e+00 4.841792106628417969e+00 3.698540925979614258e+00 2.634367227554321289e+00 3.229634284973144531e+00 4.399154663085937500e+00 0.000000000000000000e+00 3.144507169723510742e+00 6.146111488342285156e+00 5.622756958007812500e+00 5.961118221282958984e+00 4.955972671508789062e+00 4.863985538482666016e+00 6.042250156402587891e+00 6.191102981567382812e+00 5.153461933135986328e+00 5.871423721313476562e+00 6.323797702789306641e+00 3.732985734939575195e+00 5.616278648376464844e+00 6.227881908416748047e+00 5.378618240356445312e+00 5.879768371582031250e+00 6.323812007904052734e+00 4.387546062469482422e+00 4.840831756591796875e+00
3.860773324966430664e+00 4.373867511749267578e+00 4.143524169921875000e+00 5.405318260192871094e+00 4.234619617462158203e+00 3.248594045639038086e+00 5.206682682037353516e+00 3.591833353042602539e+00 5.017505645751953125e+00 5.618917465209960938e+00 4.137489318847656250e+00 3.223811864852905273e+00 3.777343988418579102e+00 3.004349470138549805e+00 3.465980768203735352e+00 4.716765403747558594e+00 3.144507169723510742e+00 0.000000000000000000e+00 5.949899196624755859e+00 5.544286727905273438e+00 5.844220161437988281e+00 4.949189186096191406e+00 5.530259609222412109e+00 4.863985061645507812e+00 5.585641860961914062e+00 4.574376106262207031e+00 5.323215007781982422e+00 5.930113792419433594e+00 4.012932300567626953e+00 3.732985973358154297e+00 6.714199066162109375e+00 6.059751510620117188e+00 6.469853401184082031e+00 6.970706462860107422e+00 5.902822494506835938e+00 4.387546062469482422e+00
4.800092697143554688e+00 6.536455631256103516e+00 6.102880001068115234e+00 8.313475608825683594e+00 6.675631999969482422e+00 6.685802459716796875e+00 4.481322288513183594e+00 4.618787765502929688e+00 5.485353469848632812e+00 7.503735065460205078e+00 5.346798896789550781e+00 5.420050144195556641e+00 4.863985061645507812e+00 5.820254802703857422e+00 5.774433612823486328e+00 7.962349414825439453e+00 6.146111488342285156e+00 5.949899196624755859e+00 0.000000000000000000e+00 3.285884618759155273e+00 3.270265817642211914e+00 4.566648006439208984e+00 3.698541164398193359e+00 3.777343988418579102e+00 4.771590709686279297e+00 5.287042617797851562e+00 5.643255710601806641e+00 7.648270130157470703e+00 5.115569114685058594e+00 5.613834381103515625e+00 5.463931560516357422e+00 6.078972339630126953e+00 6.210805892944335938e+00 8.070063591003417969e+00 6.173665046691894531e+00 5.480503559112548828e+00
4.995056629180908203e+00 4.800092697143554688e+00 5.257305622100830078e+00 7.690827369689941406e+00 5.379350662231445312e+00 5.529051303863525391e+00 6.358096122741699219e+00 4.481322288513183594e+00 6.238321304321289062e+00 8.048254966735839844e+00 5.603127956390380859e+00 5.803517818450927734e+00 5.919071674346923828e+00 4.863985538482666016e+00 5.762426376342773438e+00 7.931034564971923828e+00 5.622756958007812500e+00 5.544286727905273438e+00 3.285884618759155273e+00 0.000000000000000000e+00 3.158495187759399414e+00 4.447083473205566406e+00 2.634366989135742188e+00 3.004349470138549805e+00 6.259185314178466797e+00 4.771590232849121094e+00 6.061358928680419922e+00 7.939180850982666016e+00 5.004200935363769531e+00 5.646699905395507812e+00 6.659524917602539062e+00 5.463931560516357422e+00 6.446180820465087891e+00 8.230790138244628906e+00 5.922204971313476562e+00 5.337733268737792969e+00
5.497809886932373047e+00 6.196345329284667969e+00 4.800092697143554688e+00 8.201101303100585938e+00 6.148640155792236328e+00 6.239794731140136719e+00 5.609338283538818359e+00 4.604350090026855469e+00 4.481322288513183594e+00 7.658174514770507812e+00 5.101703643798828125e+00 5.273464679718017578e+00 5.946587562561035156e+00 5.836380481719970703e+00 4.863985538482666016e+00 8.127836227416992188e+00 5.961118221282958984e+00 5.844220161437988281e+00 3.270265817642211914e+00 3.158495187759399414e+00 0.000000000000000000e+00 4.744267940521240234e+00 3.229634284973144531e+00 3.465980529785156250e+00 5.922760009765625000e+00 5.361739635467529297e+00 4.771590709686279297e+00 7.859148979187011719e+00 4.953459262847900391e+00 5.556636810302734375e+00 6.521063327789306641e+00 6.173170566558837891e+00 5.463931560516357422e+00 8.291851997375488281e+00 6.069641113281250000e+00 5.454877376556396484e+00
4.321625709533691406e+00 5.146460533142089844e+00 4.882608890533447266e+00 4.800092697143554688e+00 5.001869678497314453e+00 5.240303993225097656e+00 5.056383132934570312e+00 3.865643024444580078e+00 5.151022434234619141e+00 4.481322288513183594e+00 4.346504688262939453e+00 4.689027309417724609e+00 5.062237739562988281e+00 4.895763397216796875e+00 5.125538825988769531e+00 4.863985538482666016e+00 4.955972671508789062e+00 4.949189186096191406e+00 4.566648006439208984e+00 4.447083473205566406e+00 4.744267940521240234e+00 0.000000000000000000e+00 4.399154186248779297e+00 4.716765403747558594e+00 5.361778259277343750e+00 4.696663856506347656e+00 5.365266799926757812e+00 4.771590232849121094e+00 4.119310379028320312e+00 4.961955547332763672e+00 6.024260520935058594e+00 5.613937854766845703e+00 5.997536659240722656e+00 5.463931560516357422e+00 5.419445037841796875e+00 4.857814311981201172e+00
5.373651027679443359e+00 5.569932460784912109e+00 5.397876739501953125e+00 7.730989456176757812e+00 4.800092697143554688e+00 5.698735237121582031e+00 6.239763736724853516e+00 4.759122371673583984e+00 5.915927410125732422e+00 7.744515895843505859e+00 4.481322288513183594e+00 5.492698192596435547e+00 6.074572563171386719e+00 5.438849925994873047e+00 5.713392257690429688e+00 7.839653015136718750e+00 4.863985538482666016e+00 5.530259609222412109e+00 3.698541164398193359e+00 2.634366989135742188e+00 3.229634284973144531e+00 4.399154186248779297e+00 0.000000000000000000e+00 3.144506931304931641e+00 6.835606575012207031e+00 5.862926483154296875e+00 6.469966411590576172e+00 8.201984405517578125e+00 4.771590232849121094e+00 6.116613864898681641e+00 6.996668815612792969e+00 6.206156253814697266e+00 6.612837791442871094e+00 8.309262275695800781e+00 5.463931560516357422e+00 5.574507713317871094e+00
5.469778060913085938e+00 5.793409824371337891e+00 5.583259582519531250e+00 7.944604396820068359e+00 5.777719020843505859e+00 4.800092697143554688e+00 6.270902633666992188e+00 4.953373908996582031e+00 6.031676769256591797e+00 7.916646480560302734e+00 5.456245899200439453e+00 4.481322288513183594e+00 6.360193729400634766e+00 5.884711265563964844e+00 6.098184108734130859e+00 8.204753875732421875e+00 6.042250156402587891e+00 4.863985061645507812e+00 3.777343988418579102e+00 3.004349470138549805e+00 3.465980529785156250e+00 4.716765403747558594e+00 3.144506931304931641e+00 0.000000000000000000e+00 6.523623466491699219e+00 5.630556106567382812e+00 6.219805717468261719e+00 8.087700843811035156e+00 5.281953334808349609e+00 4.771590232849121094e+00 7.629536628723144531e+00 7.019254684448242188e+00 7.347071170806884766e+00 8.978112220764160156e+00 6.957715988159179688e+00 5.463931560516357422e+00
4.145068168640136719e+00 6.517534255981445312e+00 5.744756698608398438e+00 6.955637454986572266e+00 6.998785495758056641e+00 6.660474300384521484e+00 2.956631183624267578e+00 3.950304269790649414e+00 4.512748241424560547e+00 5.485596656799316406e+00 5.246514320373535156e+00 4.853619575500488281e+00 3.732985734939575195e+00 5.455683708190917969e+00 5.023672580718994141e+00 6.229136943817138672e+00 6.191102981567382812e+00 5.585641860961914062e+00 4.771590709686279297e+00 6.259185314178466797e+00 5.922760009765625000e+00 5.361778259277343750e+00 6.835606575012207031e+00 6.523623466491699219e+00 0.000000000000000000e+00 3.285884618759155273e+00 3.270265817642211914e+00 4.566648006439208984e+00 3.698540925979614258e+00 3.777343988418579102e+00 4.205563068389892578e+00 5.513474464416503906e+00 5.293647289276123047e+00 6.171260833740234375e+00 6.018686294555664062e+00 4.836258411407470703e+00
3.671376228332519531e+00 4.145068168640136719e+00 4.217113971710205078e+00 5.727437973022460938e+00 5.267262458801269531e+00 4.961863040924072266e+00 4.844843387603759766e+00 2.956631183624267578e+00 4.855939865112304688e+00 5.740021705627441406e+00 4.971961021423339844e+00 4.716907024383544922e+00 4.438463211059570312e+00 3.732985973358154297e+00 4.414349079132080078e+00 5.717706203460693359e+00 5.153461933135986328e+00 4.574376106262207031e+00 5.287042617797851562e+00 4.771590232849121094e+00 5.361739635467529297e+00 4.696663856506347656e+00 5.862926483154296875e+00 5.630556106567382812e+00 3.285884618759155273e+00 0.000000000000000000e+00 3.158495187759399414e+00 4.447083473205566406e+00 2.634367227554321289e+00 3.004349470138549805e+00 5.154531002044677734e+00 4.205563068389892578e+00 5.038804054260253906e+00 5.923861503601074219e+00 5.250777244567871094e+00 4.028967380523681641e+00
4.769720077514648438e+00 6.044113636016845703e+00 4.145068168640136719e+00 6.701395511627197266e+00 6.372466564178466797e+00 6.081169605255126953e+00 4.302059650421142578e+00 3.722279310226440430e+00 2.956630945205688477e+00 5.551304817199707031e+00 4.832044124603271484e+00 4.513725757598876953e+00 4.901260375976562500e+00 5.323163986206054688e+00 3.732985734939575195e+00 6.312565803527832031e+00 5.871423721313476562e+00 5.323215007781982422e+00 5.643255710601806641e+00 6.061358928680419922e+00 4.771590709686279297e+00 5.365266799926757812e+00 6.469966411590576172e+00 6.219805717468261719e+00 3.270265817642211914e+00 3.158495187759399414e+00 0.000000000000000000e+00 4.744267940521240234e+00 3.229634046554565430e+00 3.465980768203735352e+00 5.360979080200195312e+00 5.471394062042236328e+00 4.205563068389892578e+00 6.332216262817382812e+00 5.773613452911376953e+00 4.636030673980712891e+00
5.262207508087158203e+00 6.411921501159667969e+00 5.871169567108154297e+00 4.145068168640136719e+00 6.656674861907958984e+00 6.480465412139892578e+00 5.394451618194580078e+00 4.908012390136718750e+00 5.628721714019775391e+00 2.956631183624267578e+00 5.718691825866699219e+00 5.571475505828857422e+00 5.547681331634521484e+00 5.893327713012695312e+00 5.747872829437255859e+00 3.732985734939575195e+00 6.323797702789306641e+00 5.930113792419433594e+00 7.648270130157470703e+00 7.939180850982666016e+00 7.859148979187011719e+00 4.771590232849121094e+00 8.201984405517578125e+00 8.087700843811035156e+00 4.566648006439208984e+00 4.447083473205566406e+00 4.744267940521240234e+00 0.000000000000000000e+00 4.399154663085937500e+00 4.716765403747558594e+00 6.244806289672851562e+00 6.311457157135009766e+00 6.347654819488525391e+00 4.205563068389892578e+00 6.508035182952880859e+00 5.641410827636718750e+00
3.569117069244384766e+00 4.527571678161621094e+00 3.823077678680419922e+00 5.362553596496582031e+00 4.145068168640136719e+00 4.675395011901855469e+00 4.161230087280273438e+00 2.577347517013549805e+00 3.872435569763183594e+00 4.846134662628173828e+00 2.956631183624267578e+00 3.751290559768676758e+00 4.110842704772949219e+00 3.897689104080200195e+00 3.775953769683837891e+00 5.156071662902832031e+00 3.732985734939575195e+00 4.012932300567626953e+00 5.115569114685058594e+00 5.004200935363769531e+00 4.953459262847900391e+00 4.119310379028320312e+00 4.771590232849121094e+00 5.281953334808349609e+00 3.698540925979614258e+00 2.634367227554321289e+00 3.229634046554565430e+00 4.399154663085937500e+00 0.000000000000000000e+00 3.144507169723510742e+00 5.148529052734375000e+00 4.656462192535400391e+00 4.785393238067626953e+00 5.632417678833007812e+00 4.205563068389892578e+00 3.761698484420776367e+00
4.305567741394042969e+00 5.272127628326416016e+00 4.626943588256835938e+00 6.071448802947998047e+00 5.681523323059082031e+00 4.145068168640136719e+00 4.739448070526123047e+00 3.645045280456542969e+00 4.597352981567382812e+00 5.562170982360839844e+00 4.815288066864013672e+00 2.956631183624267578e+00 5.020720005035400391e+00 4.999767780303955078e+00 4.853842735290527344e+00 6.099169731140136719e+00 5.616278648376464844e+00 3.732985973358154297e+00 5.613834381103515625e+00 5.646699905395507812e+00 5.556636810302734375e+00 4.961955547332763672e+00 6.116613864898681641e+00 4.771590232849121094e+00 3.777343988418579102e+00 3.004349470138549805e+00 3.465980768203735352e+00 4.716765403747558594e+00 3.144507169723510742e+00 0.000000000000000000e+00 6.365593433380126953e+00 6.098620891571044922e+00 6.156848430633544922e+00 6.931359767913818359e+00 6.403045177459716797e+00 4.205563068389892578e+00
4.829407691955566406e+00 6.834122180938720703e+00 6.285101413726806641e+00 7.414786338806152344e+00 7.089849472045898438e+00 7.685648441314697266e+00 4.100518226623535156e+00 4.665070533752441406e+00 5.366206645965576172e+00 6.214573860168457031e+00 5.544355392456054688e+00 6.340023040771484375e+00 4.387546062469482422e+00 5.758928298950195312e+00 5.559798240661621094e+00 6.676383495330810547e+00 6.227881908416748047e+00 6.714199066162109375e+00 5.463931560516357422e+00 6.659524917602539062e+00 6.521063327789306641e+00 6.024260520935058594e+00 6.996668815612792969e+00 7.629536628723144531e+00 4.205563068389892578e+00 5.154531002044677734e+00 5.360979080200195312e+00 6.244806289672851562e+00 5.148529052734375000e+00 6.365593433380126953e+00 0.000000000000000000e+00 3.285884618759155273e+00 3.270265817642211914e+00 4.566648006439208984e+00 3.698540925979614258e+00 3.777343988418579102e+00
4.640603065490722656e+00 4.829407691955566406e+00 5.118489742279052734e+00 6.427776813507080078e+00 5.562520027160644531e+00 6.421991348266601562e+00 5.784435272216796875e+00 4.100518226623535156e+00 5.824605941772460938e+00 6.587231159210205078e+00 5.463420867919921875e+00 6.387651443481445312e+00 5.189406394958496094e+00 4.387546062469482422e+00 5.203378677368164062e+00 6.354424953460693359e+00 5.378618240356445312e+00 6.059751510620117188e+00 6.078972339630126953e+00 5.463931560516357422e+00 6.173170566558837891e+00 5.613937854766845703e+00 6.206156253814697266e+00 7.019254684448242188e+00 5.513474464416503906e+00 4.205563068389892578e+00 5.471394062042236328e+00 6.311457157135009766e+00 4.656462192535400391e+00 6.098620891571044922e+00 3.285884618759155273e+00 0.000000000000000000e+00 3.158495187759399414e+00 4.447083473205566406e+00 2.634366989135742188e+00 3.004349470138549805e+00
5.341640949249267578e+00 6.356067657470703125e+00 4.829407691955566406e+00 7.151795387268066406e+00 6.444579601287841797e+00 7.164440631866455078e+00 5.120703220367431641e+00 4.433356285095214844e+00 4.100518226623535156e+00 6.243993282318115234e+00 5.118976593017578125e+00 6.054197788238525391e+00 5.383217811584472656e+00 5.601619720458984375e+00 4.387546062469482422e+00 6.727684020996093750e+00 5.879768371582031250e+00 6.469853401184082031e+00 6.210805892944335938e+00 6.446180820465087891e+00 5.463931560516357422e+00 5.997536659240722656e+00 6.612837791442871094e+00 7.347071170806884766e+00 5.293647289276123047e+00 5.038804054260253906e+00 4.205563068389892578e+00 6.347654819488525391e+00 4.785393238067626953e+00 6.156848430633544922e+00 3.270265817642211914e+00 3.158495187759399414e+00 0.000000000000000000e+00 4.744267940521240234e+00 3.229634046554565430e+00 3.465980529785156250e+00
5.777182579040527344e+00 6.699487686157226562e+00 6.365087985992431641e+00 4.829407691955566406e+00 6.718460083007812500e+00 7.499809741973876953e+00 6.059382915496826172e+00 5.458020210266113281e+00 6.297397136688232422e+00 4.100518226623535156e+00 5.954899311065673828e+00 6.871902465820312500e+00 5.969552993774414062e+00 6.138037204742431641e+00 6.185105800628662109e+00 4.387546062469482422e+00 6.323812007904052734e+00 6.970706462860107422e+00 8.070063591003417969e+00 8.230790138244628906e+00 8.291851997375488281e+00 5.463931560516357422e+00 8.309262275695800781e+00 8.978112220764160156e+00 6.171260833740234375e+00 5.923861503601074219e+00 6.332216262817382812e+00 4.205563068389892578e+00 5.632417678833007812e+00 6.931359767913818359e+00 4.566648006439208984e+00 4.447083473205566406e+00 4.744267940521240234e+00 0.000000000000000000e+00 4.399154663085937500e+00 4.716765403747558594e+00
4.872248172760009766e+00 5.439163684844970703e+00 5.096549987792968750e+00 6.341432571411132812e+00 4.829407691955566406e+00 6.436242580413818359e+00 5.499730587005615234e+00 4.202298641204833984e+00 5.318425655364990234e+00 6.072298049926757812e+00 4.100518226623535156e+00 5.963981628417968750e+00 5.203174114227294922e+00 4.842660427093505859e+00 4.979006767272949219e+00 6.100461959838867188e+00 4.387546062469482422e+00 5.902822494506835938e+00 6.173665046691894531e+00 5.922204971313476562e+00 6.069641113281250000e+00 5.419445037841796875e+00 5.463931560516357422e+00 6.957715988159179688e+00 6.018686294555664062e+00 5.250777244567871094e+00 5.773613452911376953e+00 6.508035182952880859e+00 4.205563068389892578e+00 6.403045177459716797e+00 3.698540925979614258e+00 2.634366989135742188e+00 3.229634046554565430e+00 4.399154663085937500e+00 0.000000000000000000e+00 3.144507169723510742e+00
4.014201164245605469e+00 4.843203067779541016e+00 4.398089408874511719e+00 5.907196044921875000e+00 4.999699115753173828e+00 4.829407691955566406e+00 4.687137603759765625e+00 3.298278331756591797e+00 4.582710742950439453e+00 5.558886051177978516e+00 4.223182678222656250e+00 4.100518226623535156e+00 4.685862541198730469e+00 4.453398704528808594e+00 4.546226024627685547e+00 5.865673542022705078e+00 4.840831756591796875e+00 4.387546062469482422e+00 5.480503559112548828e+00 5.337733268737792969e+00 5.454877376556396484e+00 4.857814311981201172e+00 5.574507713317871094e+00 5.463931560516357422e+00 4.836258411407470703e+00 4.028967380523681641e+00 4.636030673980712891e+00 5.641410827636718750e+00 3.761698484420776367e+00 4.205563068389892578e+00 3.777343988418579102e+00 3.004349470138549805e+00 3.465980529785156250e+00 4.716765403747558594e+00 3.144507169723510742e+00 0.000000000000000000e+00
