0.000000000000000000e+00 4.229408264160156250e+00 4.315558910369873047e+00 4.097478389739990234e+00 4.691273689270019531e+00 4.512628555297851562e+00 5.608962059020996094e+00 4.930097103118896484e+00 6.826849937438964844e+00 6.356741428375244141e+00 6.707999229431152344e+00 6.295127391815185547e+00 4.723942279815673828e+00 5.313407421112060547e+00 5.949506282806396484e+00 5.581516742706298828e+00 6.404571056365966797e+00 5.905343532562255859e+00 5.006018161773681641e+00 5.562237262725830078e+00 6.194792747497558594e+00 4.907433986663818359e+00 5.955661773681640625e+00 5.963109970092773438e+00 5.524395465850830078e+00 5.786893367767333984e+00 6.495475292205810547e+00 6.065564155578613281e+00 5.492460727691650391e+00 5.892443656921386719e+00 5.401220321655273438e+00 5.865562915802001953e+00 6.533895969390869141e+00 6.140239715576171875e+00 6.414448738098144531e+00 5.665197372436523438e+00
4.229408264160156250e+00 0.000000000000000000e+00 4.126924037933349609e+00 3.982717037200927734e+00 4.091382980346679688e+00 3.876137018203735352e+00 8.625012397766113281e+00 5.608962059020996094e+00 8.369935035705566406e+00 8.032643318176269531e+00 8.048050880432128906e+00 7.702709674835205078e+00 7.223207950592041016e+00 4.723941802978515625e+00 6.765743732452392578e+00 6.495941162109375000e+00 6.908046722412109375e+00 6.442430973052978516e+00 7.413348674774169922e+00 5.006018161773681641e+00 6.985165119171142578e+00 5.930028915405273438e+00 6.496991634368896484e+00 6.498377799987792969e+00 7.957734584808349609e+00 5.524395465850830078e+00 7.450996398925781250e+00 7.126182556152343750e+00 6.310086727142333984e+00 6.655840396881103516e+00 7.727697372436523438e+00 5.401220321655273438e+00 7.331812858581542969e+00 7.030753135681152344e+00 6.966545581817626953e+00 6.277843475341796875e+00
4.315558910369873047e+00 4.126924037933349609e+00 0.000000000000000000e+00 3.566507577896118164e+00 4.152803897857666016e+00 4.086193561553955078e+00 7.318684101104736328e+00 5.189229011535644531e+00 5.608962059020996094e+00 6.310105800628662109e+00 6.611627101898193359e+00 6.280160427093505859e+00 6.817824363708496094e+00 5.737504959106445312e+00 4.723941802978515625e+00 5.712007045745849609e+00 6.465238571166992188e+00 6.062119483947753906e+00 6.999506473541259766e+00 5.949025630950927734e+00 5.006018161773681641e+00 5.032133579254150391e+00 6.001371383666992188e+00 6.099232673645019531e+00 7.489645481109619141e+00 6.291544914245605469e+00 5.524394989013671875e+00 6.298690795898437500e+00 5.688290596008300781e+00 6.164888381958007812e+00 7.273421764373779297e+00 6.217223644256591797e+00 5.401220321655273438e+00 6.224036216735839844e+00 6.441142559051513672e+00 5.790772438049316406e+00
4.097478389739990234e+00 3.982717037200927734e+00 3.566507577896118164e+00 0.000000000000000000e+00 3.768132925033569336e+00 3.981695652008056641e+00 7.489419937133789062e+00 5.488317012786865234e+00 6.967310905456542969e+00 5.608962059020996094e+00 6.710413455963134766e+00 6.554412841796875000e+00 6.859779834747314453e+00 5.844490051269531250e+00 6.119164943695068359e+00 4.723941802978515625e+00 6.415678501129150391e+00 6.189894199371337891e+00 7.721151351928710938e+00 6.832222461700439453e+00 7.087877750396728516e+00 5.006018161773681641e+00 6.739979267120361328e+00 6.986801147460937500e+00 7.604306697845458984e+00 6.479157924652099609e+00 6.841369152069091797e+00 5.524394989013671875e+00 5.733681678771972656e+00 6.381863594055175781e+00 7.363591194152832031e+00 6.374867439270019531e+00 6.711756706237792969e+00 5.401220321655273438e+00 6.449487686157226562e+00 5.987028121948242188e+00
4.691273689270019531e+00 4.091382980346679688e+00 4.152803897857666016e+00 3.768132925033569336e+00 0.000000000000000000e+00 4.011639595031738281e+00 7.870180606842041016e+00 5.623932838439941406e+00 7.327950000762939453e+00 6.803594589233398438e+00 5.608962059020996094e+00 6.620369911193847656e+00 6.901363372802734375e+00 5.512619018554687500e+00 6.109296798706054688e+00 5.645172595977783203e+00 4.723941802978515625e+00 5.823028087615966797e+00 7.659414291381835938e+00 6.433378696441650391e+00 6.971050262451171875e+00 5.752457618713378906e+00 5.006018161773681641e+00 6.548776149749755859e+00 8.653719902038574219e+00 7.395913124084472656e+00 7.948131561279296875e+00 7.520666599273681641e+00 5.524395465850830078e+00 7.267062187194824219e+00 7.824147224426269531e+00 6.579697608947753906e+00 7.165863037109375000e+00 6.719234466552734375e+00 5.401219844818115234e+00 6.153045177459716797e+00
4.512628555297851562e+00 3.876137018203735352e+00 4.086193561553955078e+00 3.981695652008056641e+00 4.011639595031738281e+00 0.000000000000000000e+00 8.001244544982910156e+00 5.799831390380859375e+00 7.541514873504638672e+00 7.188071727752685547e+00 7.160873413085937500e+00 5.608962059020996094e+00 7.105336666107177734e+00 5.759792327880859375e+00 6.424633026123046875e+00 6.166381359100341797e+00 6.550579071044921875e+00 4.723941802978515625e+00 7.435684204101562500e+00 6.159577369689941406e+00 6.805419445037841797e+00 5.745680332183837891e+00 6.278572559356689453e+00 5.006018161773681641e+00 8.188078880310058594e+00 6.840069293975830078e+00 7.511723518371582031e+00 7.212316036224365234e+00 6.357215881347656250e+00 5.524395465850830078e+00 8.184102058410644531e+00 6.998850822448730469e+00 7.629367351531982422e+00 7.362720012664794922e+00 7.257608413696289062e+00 5.401220321655273438e+00
5.608962059020996094e+00 8.625012397766113281e+00 7.318684101104736328e+00 7.489419937133789062e+00 7.870180606842041016e+00 8.001244544982910156e+00 0.000000000000000000e+00 4.229407787322998047e+00 4.315558910369873047e+00 4.097478866577148438e+00 4.691273689270019531e+00 4.512629032135009766e+00 4.425990581512451172e+00 7.109751224517822266e+00 6.012405395507812500e+00 6.022351741790771484e+00 6.838387489318847656e+00 6.659016132354736328e+00 3.799601554870605469e+00 6.734814643859863281e+00 5.588455200195312500e+00 4.615331649780273438e+00 5.772166252136230469e+00 6.093527317047119141e+00 4.545452594757080078e+00 6.976591110229492188e+00 5.984314918518066406e+00 5.897023677825927734e+00 5.364752292633056641e+00 6.087588787078857422e+00 4.610408782958984375e+00 7.178440570831298828e+00 6.184910297393798828e+00 6.134073257446289062e+00 6.457483291625976562e+00 6.030986309051513672e+00
4.930097103118896484e+00 5.608962059020996094e+00 5.189229011535644531e+00 5.488317012786865234e+00 5.623932838439941406e+00 5.799831390380859375e+00 4.229407787322998047e+00 0.000000000000000000e+00 4.126924037933349609e+00 3.982717037200927734e+00 4.091382980346679688e+00 3.876136779785156250e+00 4.940245151519775391e+00 4.425990581512451172e+00 4.635213375091552734e+00 4.719126224517822266e+00 5.331382274627685547e+00 5.092332363128662109e+00 4.392266750335693359e+00 3.799601554870605469e+00 4.074975490570068359e+00 2.709452629089355469e+00 3.875101327896118164e+00 4.331147193908691406e+00 5.331533432006835938e+00 4.545452594757080078e+00 4.908736228942871094e+00 4.870708942413330078e+00 3.658981800079345703e+00 4.647103309631347656e+00 5.172766208648681641e+00 4.610408782958984375e+00 4.926897048950195312e+00 4.930853843688964844e+00 4.903489112854003906e+00 4.318236351013183594e+00
6.826849937438964844e+00 8.369935035705566406e+00 5.608962059020996094e+00 6.967310905456542969e+00 7.327950000762939453e+00 7.541514873504638672e+00 4.315558910369873047e+00 4.126924037933349609e+00 0.000000000000000000e+00 3.566507577896118164e+00 4.152803897857666016e+00 4.086193561553955078e+00 6.346485137939453125e+00 7.194205284118652344e+00 4.425990581512451172e+00 5.853528499603271484e+00 6.638200283050537109e+00 6.537589550018310547e+00 5.906877994537353516e+00 6.806726455688476562e+00 3.799601554870605469e+00 4.366018772125244141e+00 5.512333869934082031e+00 5.940910339355468750e+00 6.538988113403320312e+00 7.161675930023193359e+00 4.545452594757080078e+00 5.846255302429199219e+00 5.243230819702148438e+00 6.071660518646240234e+00 6.442571163177490234e+00 7.231903076171875000e+00 4.610408782958984375e+00 5.931636333465576172e+00 6.209961891174316406e+00 5.859416007995605469e+00
6.356741428375244141e+00 8.032643318176269531e+00 6.310105800628662109e+00 5.608962059020996094e+00 6.803594589233398438e+00 7.188071727752685547e+00 4.097478866577148438e+00 3.982717037200927734e+00 3.566507577896118164e+00 0.000000000000000000e+00 3.768132925033569336e+00 3.981695652008056641e+00 6.040589809417724609e+00 6.973715305328369141e+00 5.509532928466796875e+00 4.425990581512451172e+00 6.250145435333251953e+00 6.320013999938964844e+00 6.414928913116455078e+00 7.297730922698974609e+00 5.937320232391357422e+00 3.799601554870605469e+00 5.952620983123779297e+00 6.522743225097656250e+00 6.334513664245605469e+00 7.023001194000244141e+00 5.708199024200439453e+00 4.545452594757080078e+00 4.862810611724853516e+00 5.935014724731445312e+00 6.201897621154785156e+00 7.065584659576416016e+00 5.724279403686523438e+00 4.610408782958984375e+00 5.857320785522460938e+00 5.681656360626220703e+00
6.707999229431152344e+00 8.048050880432128906e+00 6.611627101898193359e+00 6.710413455963134766e+00 5.608962059020996094e+00 7.160873413085937500e+00 4.691273689270019531e+00 4.091382980346679688e+00 4.152803897857666016e+00 3.768132925033569336e+00 0.000000000000000000e+00 4.011639118194580078e+00 6.035838603973388672e+00 6.650863170623779297e+00 5.441015720367431641e+00 5.339673995971679688e+00 4.425990581512451172e+00 5.908115386962890625e+00 6.290638923645019531e+00 6.880142211914062500e+00 5.742794036865234375e+00 4.673103809356689453e+00 3.799601554870605469e+00 5.998968124389648438e+00 7.520493507385253906e+00 7.836643218994140625e+00 6.951429843902587891e+00 6.787710189819335938e+00 4.545452594757080078e+00 6.832041740417480469e+00 6.695426940917968750e+00 7.207382202148437500e+00 6.199973583221435547e+00 6.049890995025634766e+00 4.610408782958984375e+00 5.802331447601318359e+00
6.295127391815185547e+00 7.702709674835205078e+00 6.280160427093505859e+00 6.554412841796875000e+00 6.620369911193847656e+00 5.608962059020996094e+00 4.512629032135009766e+00 3.876136779785156250e+00 4.086193561553955078e+00 3.981695652008056641e+00 4.011639118194580078e+00 0.000000000000000000e+00 5.963550567626953125e+00 6.579956054687500000e+00 5.461928844451904297e+00 5.562734127044677734e+00 6.038167476654052734e+00 4.425990581512451172e+00 5.698290348052978516e+00 6.337505817413330078e+00 5.193599700927734375e+00 4.246830940246582031e+00 5.007276535034179688e+00 3.799601554870605469e+00 6.707547187805175781e+00 7.055181503295898438e+00 6.152330875396728516e+00 6.148633003234863281e+00 5.179960727691650391e+00 4.545452594757080078e+00 6.845916748046875000e+00 7.342576980590820312e+00 6.447706699371337891e+00 6.475979804992675781e+00 6.405558109283447266e+00 4.610408782958984375e+00
4.723942279815673828e+00 7.223207950592041016e+00 6.817824363708496094e+00 6.859779834747314453e+00 6.901363372802734375e+00 7.105336666107177734e+00 4.425990581512451172e+00 4.940245151519775391e+00 6.346485137939453125e+00 6.040589809417724609e+00 6.035838603973388672e+00 5.963550567626953125e+00 0.000000000000000000e+00 4.229408264160156250e+00 4.315558910369873047e+00 4.097478389739990234e+00 4.691273689270019531e+00 4.512629032135009766e+00 4.218973159790039062e+00 5.970696449279785156e+00 6.054586887359619141e+00 4.977354049682617188e+00 5.613783836364746094e+00 6.008706569671630859e+00 4.979528903961181641e+00 6.303658962249755859e+00 6.481590747833251953e+00 6.246555328369140625e+00 5.267734527587890625e+00 6.066630840301513672e+00 4.502488613128662109e+00 6.121705055236816406e+00 6.271687984466552734e+00 6.062458038330078125e+00 5.962341785430908203e+00 5.567768573760986328e+00
5.313407421112060547e+00 4.723941802978515625e+00 5.737504959106445312e+00 5.844490051269531250e+00 5.512619018554687500e+00 5.759792327880859375e+00 7.109751224517822266e+00 4.425990581512451172e+00 7.194205284118652344e+00 6.973715305328369141e+00 6.650863170623779297e+00 6.579956054687500000e+00 4.229408264160156250e+00 0.000000000000000000e+00 4.126924037933349609e+00 3.982717037200927734e+00 4.091382980346679688e+00 3.876136779785156250e+00 5.977126598358154297e+00 4.218973159790039062e+00 5.924852848052978516e+00 4.887245178222656250e+00 5.126826286315917969e+00 5.550097942352294922e+00 6.755078315734863281e+00 4.979528427124023438e+00 6.585282802581787109e+00 6.406218528747558594e+00 5.042606830596923828e+00 5.866184234619140625e+00 6.232600688934326172e+00 4.502488613128662109e+00 6.198914527893066406e+00 6.042442798614501953e+00 5.564702510833740234e+00 5.132804870605468750e+00
5.949506282806396484e+00 6.765743732452392578e+00 4.723941802978515625e+00 6.119164943695068359e+00 6.109296798706054688e+00 6.424633026123046875e+00 6.012405395507812500e+00 4.635213375091552734e+00 4.425990581512451172e+00 5.509532928466796875e+00 5.441015720367431641e+00 5.461928844451904297e+00 4.315558910369873047e+00 4.126924037933349609e+00 0.000000000000000000e+00 3.566507577896118164e+00 4.152803897857666016e+00 4.086193561553955078e+00 6.015775203704833984e+00 5.878655910491943359e+00 4.218973159790039062e+00 4.524429321289062500e+00 5.149569511413574219e+00 5.674810409545898438e+00 6.695409297943115234e+00 6.347320079803466797e+00 4.979528903961181641e+00 6.029829502105712891e+00 4.939180850982666016e+00 5.877577781677246094e+00 6.201518058776855469e+00 6.015086174011230469e+00 4.502488613128662109e+00 5.678593158721923828e+00 5.509050846099853516e+00 5.186095714569091797e+00
5.581516742706298828e+00 6.495941162109375000e+00 5.712007045745849609e+00 4.723941802978515625e+00 5.645172595977783203e+00 6.166381359100341797e+00 6.022351741790771484e+00 4.719126224517822266e+00 5.853528499603271484e+00 4.425990581512451172e+00 5.339673995971679688e+00 5.562734127044677734e+00 4.097478389739990234e+00 3.982717037200927734e+00 3.566507577896118164e+00 0.000000000000000000e+00 3.768132925033569336e+00 3.981695652008056641e+00 6.663638114929199219e+00 6.590779304504394531e+00 6.369376659393310547e+00 4.218973159790039062e+00 5.789677143096923828e+00 6.435032844543457031e+00 6.644593715667724609e+00 6.346324920654296875e+00 6.218723773956298828e+00 4.979528903961181641e+00 4.743984699249267578e+00 5.904208183288574219e+00 6.113106250762939453e+00 5.979778766632080078e+00 5.808470726013183594e+00 4.502488613128662109e+00 5.296096324920654297e+00 5.176723480224609375e+00
6.404571056365966797e+00 6.908046722412109375e+00 6.465238571166992188e+00 6.415678501129150391e+00 4.723941802978515625e+00 6.550579071044921875e+00 6.838387489318847656e+00 5.331382274627685547e+00 6.638200283050537109e+00 6.250145435333251953e+00 4.425990581512451172e+00 6.038167476654052734e+00 4.691273689270019531e+00 4.091382980346679688e+00 4.152803897857666016e+00 3.768132925033569336e+00 0.000000000000000000e+00 4.011639118194580078e+00 6.935488224029541016e+00 6.541709423065185547e+00 6.600982666015625000e+00 5.520576477050781250e+00 4.218973159790039062e+00 6.334603309631347656e+00 8.115323066711425781e+00 7.592257022857666016e+00 7.725766658782958984e+00 7.448736190795898438e+00 4.979528427124023438e+00 7.182490825653076172e+00 7.000812530517578125e+00 6.561838626861572266e+00 6.684812545776367188e+00 6.394827365875244141e+00 4.502488613128662109e+00 5.784496784210205078e+00
5.905343532562255859e+00 6.442430973052978516e+00 6.062119483947753906e+00 6.189894199371337891e+00 5.823028087615966797e+00 4.723941802978515625e+00 6.659016132354736328e+00 5.092332363128662109e+00 6.537589550018310547e+00 6.320013999938964844e+00 5.908115386962890625e+00 4.425990581512451172e+00 4.512629032135009766e+00 3.876136779785156250e+00 4.086193561553955078e+00 3.981695652008056641e+00 4.011639118194580078e+00 0.000000000000000000e+00 6.342125415802001953e+00 5.902945041656494141e+00 6.065471649169921875e+00 5.088970661163330078e+00 5.259160518646240234e+00 4.218972682952880859e+00 7.315397262573242188e+00 6.725188732147216797e+00 6.959845066070556641e+00 6.814655780792236328e+00 5.494518756866455078e+00 4.979528903961181641e+00 7.090302467346191406e+00 6.651916027069091797e+00 6.858801841735839844e+00 6.741968154907226562e+00 6.266649723052978516e+00 4.502488613128662109e+00
5.006018161773681641e+00 7.413348674774169922e+00 6.999506473541259766e+00 7.721151351928710938e+00 7.659414291381835938e+00 7.435684204101562500e+00 3.799601554870605469e+00 4.392266750335693359e+00 5.906877994537353516e+00 6.414928913116455078e+00 6.290638923645019531e+00 5.698290348052978516e+00 4.218973159790039062e+00 5.977126598358154297e+00 6.015775203704833984e+00 6.663638114929199219e+00 6.935488224029541016e+00 6.342125415802001953e+00 0.000000000000000000e+00 4.229408264160156250e+00 4.315558910369873047e+00 4.097478389739990234e+00 4.691273689270019531e+00 4.512628555297851562e+00 4.178649902343750000e+00 5.695606708526611328e+00 5.868746280670166016e+00 6.442039489746093750e+00 5.357952117919921875e+00 5.615017890930175781e+00 4.291334152221679688e+00 5.971333980560302734e+00 6.102702617645263672e+00 6.686669826507568359e+00 6.479651451110839844e+00 5.585892200469970703e+00
5.562237262725830078e+00 5.006018161773681641e+00 5.949025630950927734e+00 6.832222461700439453e+00 6.433378696441650391e+00 6.159577369689941406e+00 6.734814643859863281e+00 3.799601554870605469e+00 6.806726455688476562e+00 7.297730922698974609e+00 6.880142211914062500e+00 6.337505817413330078e+00 5.970696449279785156e+00 4.218973159790039062e+00 5.878655910491943359e+00 6.590779304504394531e+00 6.541709423065185547e+00 5.902945041656494141e+00 4.229408264160156250e+00 0.000000000000000000e+00 4.126924037933349609e+00 3.982717037200927734e+00 4.091382980346679688e+00 3.876136779785156250e+00 6.185311794281005859e+00 4.178649902343750000e+00 5.979858875274658203e+00 6.594061851501464844e+00 5.133039474487304688e+00 5.394267082214355469e+00 6.078655719757080078e+00 4.291334152221679688e+00 6.024702548980712891e+00 6.665648460388183594e+00 6.112598419189453125e+00 5.148730278015136719e+00
6.194792747497558594e+00 6.985165119171142578e+00 5.006018161773681641e+00 7.087877750396728516e+00 6.971050262451171875e+00 6.805419445037841797e+00 5.588455200195312500e+00 4.074975490570068359e+00 3.799601554870605469e+00 5.937320232391357422e+00 5.742794036865234375e+00 5.193599700927734375e+00 6.054586887359619141e+00 5.924852848052978516e+00 4.218973159790039062e+00 6.369376659393310547e+00 6.600982666015625000e+00 6.065471649169921875e+00 4.315558910369873047e+00 4.126924037933349609e+00 0.000000000000000000e+00 3.566507577896118164e+00 4.152803897857666016e+00 4.086193561553955078e+00 6.142324924468994141e+00 5.764245510101318359e+00 4.178649902343750000e+00 6.250880241394042969e+00 5.058494567871093750e+00 5.431810379028320312e+00 6.069284439086914062e+00 5.881926536560058594e+00 4.291334152221679688e+00 6.359152317047119141e+00 6.084424972534179688e+00 5.227998256683349609e+00
4.907433986663818359e+00 5.930028915405273438e+00 5.032133579254150391e+00 5.006018161773681641e+00 5.752457618713378906e+00 5.745680332183837891e+00 4.615331649780273438e+00 2.709452629089355469e+00 4.366018772125244141e+00 3.799601554870605469e+00 4.673103809356689453e+00 4.246830940246582031e+00 4.977354049682617188e+00 4.887245178222656250e+00 4.524429321289062500e+00 4.218973159790039062e+00 5.520576477050781250e+00 5.088970661163330078e+00 4.097478389739990234e+00 3.982717037200927734e+00 3.566507577896118164e+00 0.000000000000000000e+00 3.768132925033569336e+00 3.981695652008056641e+00 5.196250438690185547e+00 4.812966823577880859e+00 4.613965988159179688e+00 4.178649902343750000e+00 3.694455623626708984e+00 4.446243286132812500e+00 5.069339752197265625e+00 4.911649227142333984e+00 4.672497272491455078e+00 4.291334152221679688e+00 4.966888904571533203e+00 4.145551681518554688e+00
5.955661773681640625e+00 6.496991634368896484e+00 6.001371383666992188e+00 6.739979267120361328e+00 5.006018161773681641e+00 6.278572559356689453e+00 5.772166252136230469e+00 3.875101327896118164e+00 5.512333869934082031e+00 5.952620983123779297e+00 3.799601554870605469e+00 5.007276535034179688e+00 5.613783836364746094e+00 5.126826286315917969e+00 5.149569511413574219e+00 5.789677143096923828e+00 4.218973159790039062e+00 5.259160518646240234e+00 4.691273689270019531e+00 4.091382980346679688e+00 4.152803897857666016e+00 3.768132925033569336e+00 0.000000000000000000e+00 4.011639595031738281e+00 7.087360382080078125e+00 6.484825611114501953e+00 6.620077133178710938e+00 7.047757148742675781e+00 4.178649902343750000e+00 6.165984630584716797e+00 6.233883857727050781e+00 5.739866256713867188e+00 5.856826782226562500e+00 6.368576049804687500e+00 4.291334152221679688e+00 5.036798477172851562e+00
5.963109970092773438e+00 6.498377799987792969e+00 6.099232673645019531e+00 6.986801147460937500e+00 6.548776149749755859e+00 5.006018161773681641e+00 6.093527317047119141e+00 4.331147193908691406e+00 5.940910339355468750e+00 6.522743225097656250e+00 5.998968124389648438e+00 3.799601554870605469e+00 6.008706569671630859e+00 5.550097942352294922e+00 5.674810409545898438e+00 6.435032844543457031e+00 6.334603309631347656e+00 4.218972682952880859e+00 4.512628555297851562e+00 3.876136779785156250e+00 4.086193561553955078e+00 3.981695652008056641e+00 4.011639595031738281e+00 0.000000000000000000e+00 6.642397403717041016e+00 5.989406585693359375e+00 6.229897022247314453e+00 6.845506191253662109e+00 5.393455505371093750e+00 4.178649902343750000e+00 6.808563709259033203e+00 6.353781700134277344e+00 6.549280643463134766e+00 7.166121482849121094e+00 6.606682777404785156e+00 4.291334152221679688e+00
5.524395465850830078e+00 7.957734584808349609e+00 7.489645481109619141e+00 7.604306697845458984e+00 8.653719902038574219e+00 8.188078880310058594e+00 4.545452594757080078e+00 5.331533432006835938e+00 6.538988113403320312e+00 6.334513664245605469e+00 7.520493507385253906e+00 6.707547187805175781e+00 4.979528903961181641e+00 6.755078315734863281e+00 6.695409297943115234e+00 6.644593715667724609e+00 8.115323066711425781e+00 7.315397262573242188e+00 4.178649902343750000e+00 6.185311794281005859e+00 6.142324924468994141e+00 5.196250438690185547e+00 7.087360382080078125e+00 6.642397403717041016e+00 0.000000000000000000e+00 4.229408264160156250e+00 4.315558910369873047e+00 4.097478389739990234e+00 4.691273689270019531e+00 4.512628555297851562e+00 4.199147224426269531e+00 6.146803855895996094e+00 6.172782897949218750e+00 6.056353092193603516e+00 7.208653450012207031e+00 6.059372425079345703e+00
5.786893367767333984e+00 5.524395465850830078e+00 6.291544914245605469e+00 6.479157924652099609e+00 7.395913124084472656e+00 6.840069293975830078e+00 6.976591110229492188e+00 4.545452594757080078e+00 7.161675930023193359e+00 7.023001194000244141e+00 7.836643218994140625e+00 7.055181503295898438e+00 6.303658962249755859e+00 4.979528427124023438e+00 6.347320079803466797e+00 6.346324920654296875e+00 7.592257022857666016e+00 6.725188732147216797e+00 5.695606708526611328e+00 4.178649902343750000e+00 5.764245510101318359e+00 4.812966823577880859e+00 6.484825611114501953e+00 5.989406585693359375e+00 4.229408264160156250e+00 0.000000000000000000e+00 4.126924037933349609e+00 3.982717037200927734e+00 4.091382980346679688e+00 3.876136779785156250e+00 5.766997814178466797e+00 4.199147224426269531e+00 5.852199077606201172e+00 5.787024974822998047e+00 6.665852069854736328e+00 5.395752429962158203e+00
6.495475292205810547e+00 7.450996398925781250e+00 5.524394989013671875e+00 6.841369152069091797e+00 7.948131561279296875e+00 7.511723518371582031e+00 5.984314918518066406e+00 4.908736228942871094e+00 4.545452594757080078e+00 5.708199024200439453e+00 6.951429843902587891e+00 6.152330875396728516e+00 6.481590747833251953e+00 6.585282802581787109e+00 4.979528903961181641e+00 6.218723773956298828e+00 7.725766658782958984e+00 6.959845066070556641e+00 5.868746280670166016e+00 5.979858875274658203e+00 4.178649902343750000e+00 4.613965988159179688e+00 6.620077133178710938e+00 6.229897022247314453e+00 4.315558910369873047e+00 4.126924037933349609e+00 0.000000000000000000e+00 3.566507577896118164e+00 4.152803897857666016e+00 4.086193561553955078e+00 5.866048812866210938e+00 5.922874450683593750e+00 4.199146747589111328e+00 5.546503543853759766e+00 6.734690666198730469e+00 5.585945129394531250e+00
6.065564155578613281e+00 7.126182556152343750e+00 6.298690795898437500e+00 5.524394989013671875e+00 7.520666599273681641e+00 7.212316036224365234e+00 5.897023677825927734e+00 4.870708942413330078e+00 5.846255302429199219e+00 4.545452594757080078e+00 6.787710189819335938e+00 6.148633003234863281e+00 6.246555328369140625e+00 6.406218528747558594e+00 6.029829502105712891e+00 4.979528903961181641e+00 7.448736190795898438e+00 6.814655780792236328e+00 6.442039489746093750e+00 6.594061851501464844e+00 6.250880241394042969e+00 4.178649902343750000e+00 7.047757148742675781e+00 6.845506191253662109e+00 4.097478389739990234e+00 3.982717037200927734e+00 3.566507577896118164e+00 0.000000000000000000e+00 3.768132925033569336e+00 3.981695652008056641e+00 5.671412467956542969e+00 5.787926197052001953e+00 5.471921920776367188e+00 4.199146747589111328e+00 6.472882747650146484e+00 5.472551822662353516e+00
5.492460727691650391e+00 6.310086727142333984e+00 5.688290596008300781e+00 5.733681678771972656e+00 5.524395465850830078e+00 6.357215881347656250e+00 5.364752292633056641e+00 3.658981800079345703e+00 5.243230819702148438e+00 4.862810611724853516e+00 4.545452594757080078e+00 5.179960727691650391e+00 5.267734527587890625e+00 5.042606830596923828e+00 4.939180850982666016e+00 4.743984699249267578e+00 4.979528427124023438e+00 5.494518756866455078e+00 5.357952117919921875e+00 5.133039474487304688e+00 5.058494567871093750e+00 3.694455623626708984e+00 4.178649902343750000e+00 5.393455505371093750e+00 4.691273689270019531e+00 4.091382980346679688e+00 4.152803897857666016e+00 3.768132925033569336e+00 0.000000000000000000e+00 4.011639118194580078e+00 5.226574897766113281e+00 4.930609703063964844e+00 4.939754962921142578e+00 4.665309429168701172e+00 4.199146747589111328e+00 4.485713481903076172e+00
5.892443656921386719e+00 6.655840396881103516e+00 6.164888381958007812e+00 6.381863594055175781e+00 7.267062187194824219e+00 5.524395465850830078e+00 6.087588787078857422e+00 4.647103309631347656e+00 6.071660518646240234e+00 5.935014724731445312e+00 6.832041740417480469e+00 4.545452594757080078e+00 6.066630840301513672e+00 5.866184234619140625e+00 5.877577781677246094e+00 5.904208183288574219e+00 7.182490825653076172e+00 4.979528903961181641e+00 5.615017890930175781e+00 5.394267082214355469e+00 5.431810379028320312e+00 4.446243286132812500e+00 6.165984630584716797e+00 4.178649902343750000e+00 4.512628555297851562e+00 3.876136779785156250e+00 4.086193561553955078e+00 3.981695652008056641e+00 4.011639118194580078e+00 0.000000000000000000e+00 6.267162322998046875e+00 6.016676902770996094e+00 6.120199203491210938e+00 6.084788322448730469e+00 6.879720211029052734e+00 4.199146747589111328e+00
5.401220321655273438e+00 7.727697372436523438e+00 7.273421764373779297e+00 7.363591194152832031e+00 7.824147224426269531e+00 8.184102058410644531e+00 4.610408782958984375e+00 5.172766208648681641e+00 6.442571163177490234e+00 6.201897621154785156e+00 6.695426940917968750e+00 6.845916748046875000e+00 4.502488613128662109e+00 6.232600688934326172e+00 6.201518058776855469e+00 6.113106250762939453e+00 7.000812530517578125e+00 7.090302467346191406e+00 4.291334152221679688e+00 6.078655719757080078e+00 6.069284439086914062e+00 5.069339752197265625e+00 6.233883857727050781e+00 6.808563709259033203e+00 4.199147224426269531e+00 5.766997814178466797e+00 5.866048812866210938e+00 5.671412467956542969e+00 5.226574897766113281e+00 6.267162322998046875e+00 0.000000000000000000e+00 4.229408264160156250e+00 4.315558910369873047e+00 4.097478389739990234e+00 4.691273689270019531e+00 4.512629032135009766e+00
5.865562915802001953e+00 5.401220321655273438e+00 6.217223644256591797e+00 6.374867439270019531e+00 6.579697608947753906e+00 6.998850822448730469e+00 7.178440570831298828e+00 4.610408782958984375e+00 7.231903076171875000e+00 7.065584659576416016e+00 7.207382202148437500e+00 7.342576980590820312e+00 6.121705055236816406e+00 4.502488613128662109e+00 6.015086174011230469e+00 5.979778766632080078e+00 6.561838626861572266e+00 6.651916027069091797e+00 5.971333980560302734e+00 4.291334152221679688e+00 5.881926536560058594e+00 4.911649227142333984e+00 5.739866256713867188e+00 6.353781700134277344e+00 6.146803855895996094e+00 4.199147224426269531e+00 5.922874450683593750e+00 5.787926197052001953e+00 4.930609703063964844e+00 6.016676902770996094e+00 4.229408264160156250e+00 0.000000000000000000e+00 4.126924037933349609e+00 3.982717037200927734e+00 4.091382503509521484e+00 3.876136779785156250e+00
6.533895969390869141e+00 7.331812858581542969e+00 5.401220321655273438e+00 6.711756706237792969e+00 7.165863037109375000e+00 7.629367351531982422e+00 6.184910297393798828e+00 4.926897048950195312e+00 4.610408782958984375e+00 5.724279403686523438e+00 6.199973583221435547e+00 6.447706699371337891e+00 6.271687984466552734e+00 6.198914527893066406e+00 4.502488613128662109e+00 5.808470726013183594e+00 6.684812545776367188e+00 6.858801841735839844e+00 6.102702617645263672e+00 6.024702548980712891e+00 4.291334152221679688e+00 4.672497272491455078e+00 5.856826782226562500e+00 6.549280643463134766e+00 6.172782897949218750e+00 5.852199077606201172e+00 4.199146747589111328e+00 5.471921920776367188e+00 4.939754962921142578e+00 6.120199203491210938e+00 4.315558910369873047e+00 4.126924037933349609e+00 0.000000000000000000e+00 3.566507577896118164e+00 4.152803897857666016e+00 4.086193561553955078e+00
6.140239715576171875e+00 7.030753135681152344e+00 6.224036216735839844e+00 5.401220321655273438e+00 6.719234466552734375e+00 7.362720012664794922e+00 6.134073257446289062e+00 4.930853843688964844e+00 5.931636333465576172e+00 4.610408782958984375e+00 6.049890995025634766e+00 6.475979804992675781e+00 6.062458038330078125e+00 6.042442798614501953e+00 5.678593158721923828e+00 4.502488613128662109e+00 6.394827365875244141e+00 6.741968154907226562e+00 6.686669826507568359e+00 6.665648460388183594e+00 6.359152317047119141e+00 4.291334152221679688e+00 6.368576049804687500e+00 7.166121482849121094e+00 6.056353092193603516e+00 5.787024974822998047e+00 5.546503543853759766e+00 4.199146747589111328e+00 4.665309429168701172e+00 6.084788322448730469e+00 4.097478389739990234e+00 3.982717037200927734e+00 3.566507577896118164e+00 0.000000000000000000e+00 3.768132925033569336e+00 3.981695652008056641e+00
6.414448738098144531e+00 6.966545581817626953e+00 6.441142559051513672e+00 6.449487686157226562e+00 5.401219844818115234e+00 7.257608413696289062e+00 6.457483291625976562e+00 4.903489112854003906e+00 6.209961891174316406e+00 5.857320785522460938e+00 4.610408782958984375e+00 6.405558109283447266e+00 5.962341785430908203e+00 5.564702510833740234e+00 5.509050846099853516e+00 5.296096324920654297e+00 4.502488613128662109e+00 6.266649723052978516e+00 6.479651451110839844e+00 6.112598419189453125e+00 6.084424972534179688e+00 4.966888904571533203e+00 4.291334152221679688e+00 6.606682777404785156e+00 7.208653450012207031e+00 6.665852069854736328e+00 6.734690666198730469e+00 6.472882747650146484e+00 4.199146747589111328e+00 6.879720211029052734e+00 4.691273689270019531e+00 4.091382503509521484e+00 4.152803897857666016e+00 3.768132925033569336e+00 0.000000000000000000e+00 4.011639118194580078e+00
5.665197372436523438e+00 6.277843475341796875e+00 5.790772438049316406e+00 5.987028121948242188e+00 6.153045177459716797e+00 5.401220321655273438e+00 6.030986309051513672e+00 4.318236351013183594e+00 5.859416007995605469e+00 5.681656360626220703e+00 5.802331447601318359e+00 4.610408782958984375e+00 5.567768573760986328e+00 5.132804870605468750e+00 5.186095714569091797e+00 5.176723480224609375e+00 5.784496784210205078e+00 4.502488613128662109e+00 5.585892200469970703e+00 5.148730278015136719e+00 5.227998256683349609e+00 4.145551681518554688e+00 5.036798477172851562e+00 4.291334152221679688e+00 6.059372425079345703e+00 5.395752429962158203e+00 5.585945129394531250e+00 5.472551822662353516e+00 4.485713481903076172e+00 4.199146747589111328e+00 4.512629032135009766e+00 3.876136779785156250e+00 4.086193561553955078e+00 3.981695652008056641e+00 4.011639118194580078e+00 0.000000000000000000e+00
