0.000000000000000000e+00 8.382154464721679688e+00 7.944803237915039062e+00 1.062110614776611328e+01 9.313628196716308594e+00 8.805197715759277344e+00 1.003189754486083984e+01 7.195441722869873047e+00 1.002441310882568359e+01 1.223622417449951172e+01 9.696418762207031250e+00 9.471077919006347656e+00 9.566426277160644531e+00 9.424686431884765625e+00 9.483325958251953125e+00 1.270839405059814453e+01 1.081006050109863281e+01 9.900656700134277344e+00 1.225784206390380859e+01 1.230865955352783203e+01 1.285248661041259766e+01 9.138747215270996094e+00 1.287626361846923828e+01 1.332615947723388672e+01 9.875955581665039062e+00 8.369187355041503906e+00 9.494463920593261719e+00 1.172015762329101562e+01 8.746020317077636719e+00 9.556335449218750000e+00 9.343771934509277344e+00 8.448347091674804688e+00 9.274281501770019531e+00 1.177837848663330078e+01 9.655582427978515625e+00 8.130070686340332031e+00
8.382154464721679688e+00 0.000000000000000000e+00 6.544846057891845703e+00 9.559936523437500000e+00 6.424719810485839844e+00 6.449153423309326172e+00 1.703010940551757812e+01 1.003189754486083984e+01 1.411839580535888672e+01 1.573005962371826172e+01 1.294909286499023438e+01 1.314863204956054688e+01 1.532087993621826172e+01 9.566426277160644531e+00 1.194156169891357422e+01 1.459589195251464844e+01 1.201428508758544922e+01 1.162047100067138672e+01 1.701550102233886719e+01 1.225784206390380859e+01 1.462578678131103516e+01 1.145046997070312500e+01 1.376021766662597656e+01 1.451408576965332031e+01 1.629560470581054688e+01 9.875955581665039062e+00 1.294649314880371094e+01 1.461842536926269531e+01 1.134803771972656250e+01 1.237478542327880859e+01 1.561277008056640625e+01 9.343771934509277344e+00 1.232556056976318359e+01 1.426557731628417969e+01 1.157392120361328125e+01 1.078657150268554688e+01
7.944803237915039062e+00 6.544846057891845703e+00 0.000000000000000000e+00 9.398243904113769531e+00 7.077218055725097656e+00 7.196157455444335938e+00 1.506747627258300781e+01 9.360494613647460938e+00 1.003189754486083984e+01 1.373005104064941406e+01 1.098334503173828125e+01 1.127938365936279297e+01 1.481010913848876953e+01 1.122952175140380859e+01 9.566426277160644531e+00 1.420300388336181641e+01 1.203759288787841797e+01 1.170380592346191406e+01 1.617289924621582031e+01 1.312500286102294922e+01 1.225784206390380859e+01 1.035489845275878906e+01 1.331651687622070312e+01 1.414311981201171875e+01 1.520407867431640625e+01 1.063613510131835938e+01 9.875955581665039062e+00 1.354218578338623047e+01 1.050455951690673828e+01 1.166560173034667969e+01 1.465740776062011719e+01 1.040974140167236328e+01 9.343771934509277344e+00 1.336648559570312500e+01 1.099942111968994141e+01 1.023547077178955078e+01
1.062110614776611328e+01 9.559936523437500000e+00 9.398243904113769531e+00 0.000000000000000000e+00 9.353188514709472656e+00 9.722780227661132812e+00 1.664837837219238281e+01 1.168879413604736328e+01 1.376290893554687500e+01 1.003189754486083984e+01 1.258891105651855469e+01 1.305465316772460938e+01 1.572086238861083984e+01 1.236032772064208984e+01 1.256828117370605469e+01 9.566426277160644531e+00 1.266558265686035156e+01 1.256363964080810547e+01 2.103825950622558594e+01 1.876648139953613281e+01 1.923380851745605469e+01 1.225784111022949219e+01 1.860329246520996094e+01 1.934252548217773438e+01 1.683219146728515625e+01 1.281231689453125000e+01 1.372341918945312500e+01 9.875955581665039062e+00 1.225608539581298828e+01 1.346494483947753906e+01 1.617089271545410156e+01 1.240524864196777344e+01 1.313785266876220703e+01 9.343771934509277344e+00 1.246404933929443359e+01 1.202009773254394531e+01
9.313628196716308594e+00 6.424719810485839844e+00 7.077218055725097656e+00 9.353188514709472656e+00 0.000000000000000000e+00 7.782763957977294922e+00 1.675543975830078125e+01 1.077742958068847656e+01 1.344686222076416016e+01 1.475674533843994141e+01 1.003189754486083984e+01 1.288810920715332031e+01 1.548105239868164062e+01 1.101108646392822266e+01 1.176024532318115234e+01 1.405632591247558594e+01 9.566426277160644531e+00 1.193589878082275391e+01 1.755558395385742188e+01 1.391832447052001953e+01 1.494502353668212891e+01 1.137502193450927734e+01 1.225784206390380859e+01 1.522585201263427734e+01 1.708986473083496094e+01 1.220020866394042969e+01 1.359769248962402344e+01 1.482638359069824219e+01 9.875955581665039062e+00 1.349624919891357422e+01 1.596462440490722656e+01 1.110002422332763672e+01 1.240156841278076172e+01 1.393642234802246094e+01 9.343771934509277344e+00 1.139988708496093750e+01
8.805197715759277344e+00 6.449153423309326172e+00 7.196157455444335938e+00 9.722780227661132812e+00 7.782763957977294922e+00 0.000000000000000000e+00 1.632910346984863281e+01 1.056288719177246094e+01 1.332751941680908203e+01 1.482966232299804688e+01 1.250269603729248047e+01 1.003189754486083984e+01 1.549429130554199219e+01 1.145341968536376953e+01 1.223206043243408203e+01 1.463737869262695312e+01 1.271653175354003906e+01 9.566426277160644531e+00 1.667290687561035156e+01 1.315423107147216797e+01 1.428463745117187500e+01 1.074434280395507812e+01 1.377771949768066406e+01 1.225784015655517578e+01 1.608752632141113281e+01 1.118556404113769531e+01 1.274959182739257812e+01 1.424180889129638672e+01 1.157856178283691406e+01 9.875955581665039062e+00 1.623505783081054688e+01 1.189307022094726562e+01 1.316877365112304688e+01 1.480521011352539062e+01 1.287623882293701172e+01 9.343770980834960938e+00
1.003189754486083984e+01 1.703010940551757812e+01 1.506747627258300781e+01 1.664837837219238281e+01 1.675543975830078125e+01 1.632910346984863281e+01 0.000000000000000000e+00 8.382154464721679688e+00 7.944803237915039062e+00 1.062110614776611328e+01 9.313629150390625000e+00 8.805197715759277344e+00 7.772051811218261719e+00 1.329804992675781250e+01 1.104951381683349609e+01 1.393245220184326172e+01 1.338311576843261719e+01 1.246516799926757812e+01 1.148907852172851562e+01 1.588623523712158203e+01 1.449829864501953125e+01 1.135705184936523438e+01 1.552109909057617188e+01 1.574166202545166016e+01 5.764694213867187500e+00 1.117432689666748047e+01 9.439915657043457031e+00 1.169534015655517578e+01 1.027385902404785156e+01 1.074662017822265625e+01 5.575876712799072266e+00 1.158809852600097656e+01 9.647106170654296875e+00 1.209281730651855469e+01 1.141826343536376953e+01 9.917233467102050781e+00
7.195441722869873047e+00 1.003189754486083984e+01 9.360494613647460938e+00 1.168879413604736328e+01 1.077742958068847656e+01 1.056288719177246094e+01 8.382154464721679688e+00 0.000000000000000000e+00 6.544846057891845703e+00 9.559936523437500000e+00 6.424719810485839844e+00 6.449153423309326172e+00 9.191980361938476562e+00 7.772051811218261719e+00 7.458824157714843750e+00 1.124833011627197266e+01 9.352449417114257812e+00 8.559654235839843750e+00 1.233476448059082031e+01 1.148907852172851562e+01 1.182382202148437500e+01 7.579848289489746094e+00 1.205507564544677734e+01 1.271797752380371094e+01 9.061944961547851562e+00 5.764694213867187500e+00 6.888669013977050781e+00 9.694952011108398438e+00 6.221908569335937500e+00 7.627355098724365234e+00 8.271507263183593750e+00 5.575876712799072266e+00 6.312580585479736328e+00 9.585803031921386719e+00 7.209506034851074219e+00 5.429411411285400391e+00
1.002441310882568359e+01 1.411839580535888672e+01 1.003189754486083984e+01 1.376290893554687500e+01 1.344686222076416016e+01 1.332751941680908203e+01 7.944803237915039062e+00 6.544846057891845703e+00 0.000000000000000000e+00 9.398243904113769531e+00 7.077218055725097656e+00 7.196156978607177734e+00 1.117844390869140625e+01 1.228191757202148438e+01 7.772051811218261719e+00 1.307919311523437500e+01 1.199516773223876953e+01 1.144842815399169922e+01 1.341778469085693359e+01 1.448672008514404297e+01 1.148907852172851562e+01 9.456207275390625000e+00 1.375376224517822266e+01 1.438649368286132812e+01 1.017797470092773438e+01 1.023130702972412109e+01 5.764694213867187500e+00 1.093341922760009766e+01 8.725541114807128906e+00 9.847973823547363281e+00 9.764934539794921875e+00 1.039240837097167969e+01 5.575876712799072266e+00 1.108598136901855469e+01 9.739800453186035156e+00 8.587686538696289062e+00
1.223622417449951172e+01 1.573005962371826172e+01 1.373005104064941406e+01 1.003189754486083984e+01 1.475674533843994141e+01 1.482966232299804688e+01 1.062110614776611328e+01 9.559936523437500000e+00 9.398243904113769531e+00 0.000000000000000000e+00 9.353188514709472656e+00 9.722780227661132812e+00 1.234148025512695312e+01 1.330674266815185547e+01 1.124269866943359375e+01 7.772051811218261719e+00 1.260736465454101562e+01 1.230775356292724609e+01 1.899028587341308594e+01 1.973140907287597656e+01 1.874118423461914062e+01 1.148907852172851562e+01 1.890680122375488281e+01 1.950961303710937500e+01 1.246187019348144531e+01 1.246017932891845703e+01 1.111655235290527344e+01 5.764694213867187500e+00 1.074938392639160156e+01 1.190585517883300781e+01 1.189791393280029297e+01 1.237246799468994141e+01 1.076735019683837891e+01 5.575876712799072266e+00 1.134800624847412109e+01 1.063082981109619141e+01
9.696418762207031250e+00 1.294909286499023438e+01 1.098334503173828125e+01 1.258891105651855469e+01 1.003189754486083984e+01 1.250269603729248047e+01 9.313629150390625000e+00 6.424719810485839844e+00 7.077218055725097656e+00 9.353188514709472656e+00 0.000000000000000000e+00 7.782763957977294922e+00 1.073262119293212891e+01 1.076546764373779297e+01 8.780634880065917969e+00 1.169735813140869141e+01 7.772051334381103516e+00 1.031799316406250000e+01 1.402072143554687500e+01 1.418544960021972656e+01 1.322897720336914062e+01 9.027454376220703125e+00 1.148907852172851562e+01 1.444568729400634766e+01 1.159304046630859375e+01 1.050263214111328125e+01 9.513272285461425781e+00 1.121955585479736328e+01 5.764694213867187500e+00 1.062793254852294922e+01 1.026116180419921875e+01 9.631088256835937500e+00 8.215297698974609375e+00 1.040998649597167969e+01 5.575876712799072266e+00 8.297516822814941406e+00
9.471077919006347656e+00 1.314863204956054688e+01 1.127938365936279297e+01 1.305465316772460938e+01 1.288810920715332031e+01 1.003189754486083984e+01 8.805197715759277344e+00 6.449153423309326172e+00 7.196156978607177734e+00 9.722780227661132812e+00 7.782763957977294922e+00 0.000000000000000000e+00 1.097689342498779297e+01 1.143350601196289062e+01 9.659834861755371094e+00 1.258545589447021484e+01 1.164007759094238281e+01 7.772051811218261719e+00 1.308667182922363281e+01 1.361741542816162109e+01 1.267264652252197266e+01 8.511034011840820312e+00 1.328392791748046875e+01 1.148907852172851562e+01 1.029740619659423828e+01 9.563994407653808594e+00 8.546937942504882812e+00 1.066671848297119141e+01 8.640211105346679688e+00 5.764694213867187500e+00 1.090377426147460938e+01 1.076500988006591797e+01 9.591756820678710938e+00 1.175717449188232422e+01 1.069929122924804688e+01 5.575876712799072266e+00
9.566426277160644531e+00 1.532087993621826172e+01 1.481010913848876953e+01 1.572086238861083984e+01 1.548105239868164062e+01 1.549429130554199219e+01 7.772051811218261719e+00 9.191980361938476562e+00 1.117844390869140625e+01 1.234148025512695312e+01 1.073262119293212891e+01 1.097689342498779297e+01 0.000000000000000000e+00 8.382154464721679688e+00 7.944803237915039062e+00 1.062110614776611328e+01 9.313629150390625000e+00 8.805197715759277344e+00 1.252219581604003906e+01 1.519888687133789062e+01 1.537660884857177734e+01 1.152772998809814453e+01 1.528894042968750000e+01 1.597380065917968750e+01 7.885701179504394531e+00 1.037522792816162109e+01 1.093149280548095703e+01 1.203465747833251953e+01 1.012647151947021484e+01 1.126935386657714844e+01 7.570338726043701172e+00 1.069256019592285156e+01 1.098722839355468750e+01 1.231077766418457031e+01 1.116409492492675781e+01 1.035021877288818359e+01
9.424686431884765625e+00 9.566426277160644531e+00 1.122952175140380859e+01 1.236032772064208984e+01 1.101108646392822266e+01 1.145341968536376953e+01 1.329804992675781250e+01 7.772051811218261719e+00 1.228191757202148438e+01 1.330674266815185547e+01 1.076546764373779297e+01 1.143350601196289062e+01 8.382154464721679688e+00 0.000000000000000000e+00 6.544846534729003906e+00 9.559936523437500000e+00 6.424719333648681641e+00 6.449153423309326172e+00 1.493739414215087891e+01 1.252219581604003906e+01 1.456760215759277344e+01 1.036980438232421875e+01 1.357736492156982422e+01 1.467249584197998047e+01 1.253970718383789062e+01 7.885701656341552734e+00 1.113607215881347656e+01 1.217443561553955078e+01 9.048658370971679688e+00 1.076372814178466797e+01 1.186635017395019531e+01 7.570338249206542969e+00 1.066180229187011719e+01 1.197411632537841797e+01 9.613016128540039062e+00 9.188406944274902344e+00
9.483325958251953125e+00 1.194156169891357422e+01 9.566426277160644531e+00 1.256828117370605469e+01 1.176024532318115234e+01 1.223206043243408203e+01 1.104951381683349609e+01 7.458824157714843750e+00 7.772051811218261719e+00 1.124269866943359375e+01 8.780634880065917969e+00 9.659834861755371094e+00 7.944803237915039062e+00 6.544846534729003906e+00 0.000000000000000000e+00 9.398243904113769531e+00 7.077218055725097656e+00 7.196156978607177734e+00 1.426220512390136719e+01 1.367720222473144531e+01 1.252219581604003906e+01 9.586076736450195312e+00 1.343801403045654297e+01 1.459111595153808594e+01 1.145036411285400391e+01 9.275048255920410156e+00 7.885701179504394531e+00 1.123204040527343750e+01 8.467313766479492188e+00 1.034689044952392578e+01 1.096086883544921875e+01 9.306774139404296875e+00 7.570338726043701172e+00 1.125988864898681641e+01 9.364351272583007812e+00 9.005049705505371094e+00
1.270839405059814453e+01 1.459589195251464844e+01 1.420300388336181641e+01 9.566426277160644531e+00 1.405632591247558594e+01 1.463737869262695312e+01 1.393245220184326172e+01 1.124833011627197266e+01 1.307919311523437500e+01 7.772051811218261719e+00 1.169735813140869141e+01 1.258545589447021484e+01 1.062110614776611328e+01 9.559936523437500000e+00 9.398243904113769531e+00 0.000000000000000000e+00 9.353188514709472656e+00 9.722780227661132812e+00 2.015782928466796875e+01 1.971960258483886719e+01 1.995925903320312500e+01 1.252219581604003906e+01 1.926693916320800781e+01 2.022097969055175781e+01 1.432310676574707031e+01 1.260699844360351562e+01 1.322360897064208984e+01 7.885701656341552734e+00 1.155175590515136719e+01 1.319691085815429688e+01 1.373610496520996094e+01 1.241069507598876953e+01 1.282532501220703125e+01 7.570338249206542969e+00 1.199742221832275391e+01 1.194531917572021484e+01
1.081006050109863281e+01 1.201428508758544922e+01 1.203759288787841797e+01 1.266558265686035156e+01 9.566426277160644531e+00 1.271653175354003906e+01 1.338311576843261719e+01 9.352449417114257812e+00 1.199516773223876953e+01 1.260736465454101562e+01 7.772051334381103516e+00 1.164007759094238281e+01 9.313629150390625000e+00 6.424719333648681641e+00 7.077218055725097656e+00 9.353188514709472656e+00 0.000000000000000000e+00 7.782763481140136719e+00 1.591686248779296875e+01 1.455403900146484375e+01 1.527103900909423828e+01 1.083329105377197266e+01 1.252219581604003906e+01 1.574800395965576172e+01 1.397535419464111328e+01 1.118232536315917969e+01 1.236313819885253906e+01 1.287981986999511719e+01 7.885701179504394531e+00 1.250682830810546875e+01 1.278555297851562500e+01 1.023542976379394531e+01 1.127399635314941406e+01 1.206839656829833984e+01 7.570338726043701172e+00 1.046821880340576172e+01
9.900656700134277344e+00 1.162047100067138672e+01 1.170380592346191406e+01 1.256363964080810547e+01 1.193589878082275391e+01 9.566426277160644531e+00 1.246516799926757812e+01 8.559654235839843750e+00 1.144842815399169922e+01 1.230775356292724609e+01 1.031799316406250000e+01 7.772051811218261719e+00 8.805197715759277344e+00 6.449153423309326172e+00 7.196156978607177734e+00 9.722780227661132812e+00 7.782763481140136719e+00 0.000000000000000000e+00 1.461203479766845703e+01 1.347263336181640625e+01 1.429263877868652344e+01 9.684407234191894531e+00 1.366580009460449219e+01 1.252219676971435547e+01 1.234638690948486328e+01 9.575693130493164062e+00 1.099453353881835938e+01 1.180148315429687500e+01 9.438783645629882812e+00 7.885701179504394531e+00 1.274974632263183594e+01 1.064783477783203125e+01 1.170890522003173828e+01 1.268835353851318359e+01 1.123295307159423828e+01 7.570338249206542969e+00
1.225784206390380859e+01 1.701550102233886719e+01 1.617289924621582031e+01 2.103825950622558594e+01 1.755558395385742188e+01 1.667290687561035156e+01 1.148907852172851562e+01 1.233476448059082031e+01 1.341778469085693359e+01 1.899028587341308594e+01 1.402072143554687500e+01 1.308667182922363281e+01 1.252219581604003906e+01 1.493739414215087891e+01 1.426220512390136719e+01 2.015782928466796875e+01 1.591686248779296875e+01 1.461203479766845703e+01 0.000000000000000000e+00 8.382154464721679688e+00 7.944803237915039062e+00 1.062110614776611328e+01 9.313629150390625000e+00 8.805198669433593750e+00 1.128728389739990234e+01 1.299706363677978516e+01 1.296924209594726562e+01 1.862192916870117188e+01 1.332521343231201172e+01 1.309165668487548828e+01 1.134974575042724609e+01 1.348693180084228516e+01 1.325560569763183594e+01 1.896804428100585938e+01 1.435064888000488281e+01 1.256217956542968750e+01
1.230865955352783203e+01 1.225784206390380859e+01 1.312500286102294922e+01 1.876648139953613281e+01 1.391832447052001953e+01 1.315423107147216797e+01 1.588623523712158203e+01 1.148907852172851562e+01 1.448672008514404297e+01 1.973140907287597656e+01 1.418544960021972656e+01 1.361741542816162109e+01 1.519888687133789062e+01 1.252219581604003906e+01 1.367720222473144531e+01 1.971960258483886719e+01 1.455403900146484375e+01 1.347263336181640625e+01 8.382154464721679688e+00 0.000000000000000000e+00 6.544846057891845703e+00 9.559936523437500000e+00 6.424719810485839844e+00 6.449153423309326172e+00 1.504669284820556641e+01 1.128728389739990234e+01 1.329120063781738281e+01 1.881755447387695312e+01 1.268204689025878906e+01 1.281371212005615234e+01 1.470568561553955078e+01 1.134974575042724609e+01 1.313796520233154297e+01 1.885606384277343750e+01 1.332870578765869141e+01 1.179187679290771484e+01
1.285248661041259766e+01 1.462578678131103516e+01 1.225784206390380859e+01 1.923380851745605469e+01 1.494502353668212891e+01 1.428463745117187500e+01 1.449829864501953125e+01 1.182382202148437500e+01 1.148907852172851562e+01 1.874118423461914062e+01 1.322897720336914062e+01 1.267264652252197266e+01 1.537660884857177734e+01 1.456760215759277344e+01 1.252219581604003906e+01 1.995925903320312500e+01 1.527103900909423828e+01 1.429263877868652344e+01 7.944803237915039062e+00 6.544846057891845703e+00 0.000000000000000000e+00 9.398244857788085938e+00 7.077218055725097656e+00 7.196157455444335938e+00 1.458917903900146484e+01 1.279920387268066406e+01 1.128728389739990234e+01 1.856385612487792969e+01 1.277599620819091797e+01 1.296017265319824219e+01 1.442782592773437500e+01 1.306511878967285156e+01 1.134974670410156250e+01 1.874917030334472656e+01 1.362020397186279297e+01 1.217731761932373047e+01
9.138747215270996094e+00 1.145046997070312500e+01 1.035489845275878906e+01 1.225784111022949219e+01 1.137502193450927734e+01 1.074434280395507812e+01 1.135705184936523438e+01 7.579848289489746094e+00 9.456207275390625000e+00 1.148907852172851562e+01 9.027454376220703125e+00 8.511034011840820312e+00 1.152772998809814453e+01 1.036980438232421875e+01 9.586076736450195312e+00 1.252219581604003906e+01 1.083329105377197266e+01 9.684407234191894531e+00 1.062110614776611328e+01 9.559936523437500000e+00 9.398244857788085938e+00 0.000000000000000000e+00 9.353188514709472656e+00 9.722780227661132812e+00 1.156049823760986328e+01 9.137282371520996094e+00 9.318946838378906250e+00 1.128728389739990234e+01 8.469604492187500000e+00 9.045818328857421875e+00 1.111136913299560547e+01 9.212332725524902344e+00 9.097038269042968750e+00 1.134974575042724609e+01 9.408372879028320312e+00 7.526434421539306641e+00
1.287626361846923828e+01 1.376021766662597656e+01 1.331651687622070312e+01 1.860329246520996094e+01 1.225784206390380859e+01 1.377771949768066406e+01 1.552109909057617188e+01 1.205507564544677734e+01 1.375376224517822266e+01 1.890680122375488281e+01 1.148907852172851562e+01 1.328392791748046875e+01 1.528894042968750000e+01 1.357736492156982422e+01 1.343801403045654297e+01 1.926693916320800781e+01 1.252219581604003906e+01 1.366580009460449219e+01 9.313629150390625000e+00 6.424719810485839844e+00 7.077218055725097656e+00 9.353188514709472656e+00 0.000000000000000000e+00 7.782763957977294922e+00 1.583450603485107422e+01 1.328628158569335938e+01 1.384750843048095703e+01 1.892182922363281250e+01 1.128728389739990234e+01 1.382087326049804688e+01 1.500598812103271484e+01 1.274884796142578125e+01 1.312621402740478516e+01 1.854940032958984375e+01 1.134974575042724609e+01 1.226652145385742188e+01
1.332615947723388672e+01 1.451408576965332031e+01 1.414311981201171875e+01 1.934252548217773438e+01 1.522585201263427734e+01 1.225784015655517578e+01 1.574166202545166016e+01 1.271797752380371094e+01 1.438649368286132812e+01 1.950961303710937500e+01 1.444568729400634766e+01 1.148907852172851562e+01 1.597380065917968750e+01 1.467249584197998047e+01 1.459111595153808594e+01 2.022097969055175781e+01 1.574800395965576172e+01 1.252219676971435547e+01 8.805198669433593750e+00 6.449153423309326172e+00 7.196157455444335938e+00 9.722780227661132812e+00 7.782763957977294922e+00 0.000000000000000000e+00 1.544270515441894531e+01 1.318322944641113281e+01 1.379887104034423828e+01 1.902744293212890625e+01 1.359896564483642578e+01 1.128728389739990234e+01 1.596521472930908203e+01 1.420451450347900391e+01 1.459163188934326172e+01 1.974971199035644531e+01 1.510988807678222656e+01 1.134974575042724609e+01
9.875955581665039062e+00 1.629560470581054688e+01 1.520407867431640625e+01 1.683219146728515625e+01 1.708986473083496094e+01 1.608752632141113281e+01 5.764694213867187500e+00 9.061944961547851562e+00 1.017797470092773438e+01 1.246187019348144531e+01 1.159304046630859375e+01 1.029740619659423828e+01 7.885701179504394531e+00 1.253970718383789062e+01 1.145036411285400391e+01 1.432310676574707031e+01 1.397535419464111328e+01 1.234638690948486328e+01 1.128728389739990234e+01 1.504669284820556641e+01 1.458917903900146484e+01 1.156049823760986328e+01 1.583450603485107422e+01 1.544270515441894531e+01 0.000000000000000000e+00 8.382155418395996094e+00 7.944803237915039062e+00 1.062110614776611328e+01 9.313628196716308594e+00 8.805197715759277344e+00 5.728717803955078125e+00 1.070693492889404297e+01 1.010119056701660156e+01 1.253884506225585938e+01 1.210486507415771484e+01 9.764870643615722656e+00
8.369187355041503906e+00 9.875955581665039062e+00 1.063613510131835938e+01 1.281231689453125000e+01 1.220020866394042969e+01 1.118556404113769531e+01 1.117432689666748047e+01 5.764694213867187500e+00 1.023130702972412109e+01 1.246017932891845703e+01 1.050263214111328125e+01 9.563994407653808594e+00 1.037522792816162109e+01 7.885701656341552734e+00 9.275048255920410156e+00 1.260699844360351562e+01 1.118232536315917969e+01 9.575693130493164062e+00 1.299706363677978516e+01 1.128728389739990234e+01 1.279920387268066406e+01 9.137282371520996094e+00 1.328628158569335938e+01 1.318322944641113281e+01 8.382155418395996094e+00 0.000000000000000000e+00 6.544846534729003906e+00 9.559935569763183594e+00 6.424719810485839844e+00 6.449153423309326172e+00 9.566556930541992188e+00 5.728717803955078125e+00 8.377912521362304688e+00 1.114663219451904297e+01 9.460515975952148438e+00 6.917589187622070312e+00
9.494463920593261719e+00 1.294649314880371094e+01 9.875955581665039062e+00 1.372341918945312500e+01 1.359769248962402344e+01 1.274959182739257812e+01 9.439915657043457031e+00 6.888669013977050781e+00 5.764694213867187500e+00 1.111655235290527344e+01 9.513272285461425781e+00 8.546937942504882812e+00 1.093149280548095703e+01 1.113607215881347656e+01 7.885701179504394531e+00 1.322360897064208984e+01 1.236313819885253906e+01 1.099453353881835938e+01 1.296924209594726562e+01 1.329120063781738281e+01 1.128728389739990234e+01 9.318946838378906250e+00 1.384750843048095703e+01 1.379887104034423828e+01 7.944803237915039062e+00 6.544846534729003906e+00 0.000000000000000000e+00 9.398243904113769531e+00 7.077217578887939453e+00 7.196156978607177734e+00 9.478510856628417969e+00 9.006498336791992188e+00 5.728717803955078125e+00 1.125370216369628906e+01 1.018700885772705078e+01 7.969311714172363281e+00
1.172015762329101562e+01 1.461842536926269531e+01 1.354218578338623047e+01 9.875955581665039062e+00 1.482638359069824219e+01 1.424180889129638672e+01 1.169534015655517578e+01 9.694952011108398438e+00 1.093341922760009766e+01 5.764694213867187500e+00 1.121955585479736328e+01 1.066671848297119141e+01 1.203465747833251953e+01 1.217443561553955078e+01 1.123204040527343750e+01 7.885701656341552734e+00 1.287981986999511719e+01 1.180148315429687500e+01 1.862192916870117188e+01 1.881755447387695312e+01 1.856385612487792969e+01 1.128728389739990234e+01 1.892182922363281250e+01 1.902744293212890625e+01 1.062110614776611328e+01 9.559935569763183594e+00 9.398243904113769531e+00 0.000000000000000000e+00 9.353188514709472656e+00 9.722780227661132812e+00 1.157711315155029297e+01 1.114332866668701172e+01 1.075381755828857422e+01 5.728717803955078125e+00 1.164773178100585938e+01 1.003778266906738281e+01
8.746020317077636719e+00 1.134803771972656250e+01 1.050455951690673828e+01 1.225608539581298828e+01 9.875955581665039062e+00 1.157856178283691406e+01 1.027385902404785156e+01 6.221908569335937500e+00 8.725541114807128906e+00 1.074938392639160156e+01 5.764694213867187500e+00 8.640211105346679688e+00 1.012647151947021484e+01 9.048658370971679688e+00 8.467313766479492188e+00 1.155175590515136719e+01 7.885701179504394531e+00 9.438783645629882812e+00 1.332521343231201172e+01 1.268204689025878906e+01 1.277599620819091797e+01 8.469604492187500000e+00 1.128728389739990234e+01 1.359896564483642578e+01 9.313628196716308594e+00 6.424719810485839844e+00 7.077217578887939453e+00 9.353188514709472656e+00 0.000000000000000000e+00 7.782763957977294922e+00 9.622683525085449219e+00 7.660881042480468750e+00 7.876248359680175781e+00 1.024358463287353516e+01 5.728717327117919922e+00 7.171243667602539062e+00
9.556335449218750000e+00 1.237478542327880859e+01 1.166560173034667969e+01 1.346494483947753906e+01 1.349624919891357422e+01 9.875955581665039062e+00 1.074662017822265625e+01 7.627355098724365234e+00 9.847973823547363281e+00 1.190585517883300781e+01 1.062793254852294922e+01 5.764694213867187500e+00 1.126935386657714844e+01 1.076372814178466797e+01 1.034689044952392578e+01 1.319691085815429688e+01 1.250682830810546875e+01 7.885701179504394531e+00 1.309165668487548828e+01 1.281371212005615234e+01 1.296017265319824219e+01 9.045818328857421875e+00 1.382087326049804688e+01 1.128728389739990234e+01 8.805197715759277344e+00 6.449153423309326172e+00 7.196156978607177734e+00 9.722780227661132812e+00 7.782763957977294922e+00 0.000000000000000000e+00 1.119583606719970703e+01 1.004821109771728516e+01 1.028084850311279297e+01 1.240742588043212891e+01 1.163410854339599609e+01 5.728717803955078125e+00
9.343771934509277344e+00 1.561277008056640625e+01 1.465740776062011719e+01 1.617089271545410156e+01 1.596462440490722656e+01 1.623505783081054688e+01 5.575876712799072266e+00 8.271507263183593750e+00 9.764934539794921875e+00 1.189791393280029297e+01 1.026116180419921875e+01 1.090377426147460938e+01 7.570338726043701172e+00 1.186635017395019531e+01 1.096086883544921875e+01 1.373610496520996094e+01 1.278555297851562500e+01 1.274974632263183594e+01 1.134974575042724609e+01 1.470568561553955078e+01 1.442782592773437500e+01 1.111136913299560547e+01 1.500598812103271484e+01 1.596521472930908203e+01 5.728717803955078125e+00 9.566556930541992188e+00 9.478510856628417969e+00 1.157711315155029297e+01 9.622683525085449219e+00 1.119583606719970703e+01 0.000000000000000000e+00 8.382154464721679688e+00 7.944803237915039062e+00 1.062110614776611328e+01 9.313628196716308594e+00 8.805197715759277344e+00
8.448347091674804688e+00 9.343771934509277344e+00 1.040974140167236328e+01 1.240524864196777344e+01 1.110002422332763672e+01 1.189307022094726562e+01 1.158809852600097656e+01 5.575876712799072266e+00 1.039240837097167969e+01 1.237246799468994141e+01 9.631088256835937500e+00 1.076500988006591797e+01 1.069256019592285156e+01 7.570338249206542969e+00 9.306774139404296875e+00 1.241069507598876953e+01 1.023542976379394531e+01 1.064783477783203125e+01 1.348693180084228516e+01 1.134974575042724609e+01 1.306511878967285156e+01 9.212332725524902344e+00 1.274884796142578125e+01 1.420451450347900391e+01 1.070693492889404297e+01 5.728717803955078125e+00 9.006498336791992188e+00 1.114332866668701172e+01 7.660881042480468750e+00 1.004821109771728516e+01 8.382154464721679688e+00 0.000000000000000000e+00 6.544846534729003906e+00 9.559936523437500000e+00 6.424719810485839844e+00 6.449153423309326172e+00
9.274281501770019531e+00 1.232556056976318359e+01 9.343771934509277344e+00 1.313785266876220703e+01 1.240156841278076172e+01 1.316877365112304688e+01 9.647106170654296875e+00 6.312580585479736328e+00 5.575876712799072266e+00 1.076735019683837891e+01 8.215297698974609375e+00 9.591756820678710938e+00 1.098722839355468750e+01 1.066180229187011719e+01 7.570338726043701172e+00 1.282532501220703125e+01 1.127399635314941406e+01 1.170890522003173828e+01 1.325560569763183594e+01 1.313796520233154297e+01 1.134974670410156250e+01 9.097038269042968750e+00 1.312621402740478516e+01 1.459163188934326172e+01 1.010119056701660156e+01 8.377912521362304688e+00 5.728717803955078125e+00 1.075381755828857422e+01 7.876248359680175781e+00 1.028084850311279297e+01 7.944803237915039062e+00 6.544846534729003906e+00 0.000000000000000000e+00 9.398243904113769531e+00 7.077217578887939453e+00 7.196156978607177734e+00
1.177837848663330078e+01 1.426557731628417969e+01 1.336648559570312500e+01 9.343771934509277344e+00 1.393642234802246094e+01 1.480521011352539062e+01 1.209281730651855469e+01 9.585803031921386719e+00 1.108598136901855469e+01 5.575876712799072266e+00 1.040998649597167969e+01 1.175717449188232422e+01 1.231077766418457031e+01 1.197411632537841797e+01 1.125988864898681641e+01 7.570338249206542969e+00 1.206839656829833984e+01 1.268835353851318359e+01 1.896804428100585938e+01 1.885606384277343750e+01 1.874917030334472656e+01 1.134974575042724609e+01 1.854940032958984375e+01 1.974971199035644531e+01 1.253884506225585938e+01 1.114663219451904297e+01 1.125370216369628906e+01 5.728717803955078125e+00 1.024358463287353516e+01 1.240742588043212891e+01 1.062110614776611328e+01 9.559936523437500000e+00 9.398243904113769531e+00 0.000000000000000000e+00 9.353188514709472656e+00 9.722780227661132812e+00
9.655582427978515625e+00 1.157392120361328125e+01 1.099942111968994141e+01 1.246404933929443359e+01 9.343771934509277344e+00 1.287623882293701172e+01 1.141826343536376953e+01 7.209506034851074219e+00 9.739800453186035156e+00 1.134800624847412109e+01 5.575876712799072266e+00 1.069929122924804688e+01 1.116409492492675781e+01 9.613016128540039062e+00 9.364351272583007812e+00 1.199742221832275391e+01 7.570338726043701172e+00 1.123295307159423828e+01 1.435064888000488281e+01 1.332870578765869141e+01 1.362020397186279297e+01 9.408372879028320312e+00 1.134974575042724609e+01 1.510988807678222656e+01 1.210486507415771484e+01 9.460515975952148438e+00 1.018700885772705078e+01 1.164773178100585938e+01 5.728717327117919922e+00 1.163410854339599609e+01 9.313628196716308594e+00 6.424719810485839844e+00 7.077217578887939453e+00 9.353188514709472656e+00 0.000000000000000000e+00 7.782763481140136719e+00
8.130070686340332031e+00 1.078657150268554688e+01 1.023547077178955078e+01 1.202009773254394531e+01 1.139988708496093750e+01 9.343770980834960938e+00 9.917233467102050781e+00 5.429411411285400391e+00 8.587686538696289062e+00 1.063082981109619141e+01 8.297516822814941406e+00 5.575876712799072266e+00 1.035021877288818359e+01 9.188406944274902344e+00 9.005049705505371094e+00 1.194531917572021484e+01 1.046821880340576172e+01 7.570338249206542969e+00 1.256217956542968750e+01 1.179187679290771484e+01 1.217731761932373047e+01 7.526434421539306641e+00 1.226652145385742188e+01 1.134974575042724609e+01 9.764870643615722656e+00 6.917589187622070312e+00 7.969311714172363281e+00 1.003778266906738281e+01 7.171243667602539062e+00 5.728717803955078125e+00 8.805197715759277344e+00 6.449153423309326172e+00 7.196156978607177734e+00 9.722780227661132812e+00 7.782763481140136719e+00 0.000000000000000000e+00
