0.000000000000000000e+00 4.631358146667480469e+00 4.168706417083740234e+00 4.420969963073730469e+00 5.050542831420898438e+00 4.516547679901123047e+00 4.671895503997802734e+00 3.350019931793212891e+00 5.356938362121582031e+00 4.826380729675292969e+00 5.148539543151855469e+00 4.302300930023193359e+00 4.089533329010009766e+00 4.968180656433105469e+00 5.047851085662841797e+00 4.668107509613037109e+00 5.791192054748535156e+00 4.865090370178222656e+00 4.870225429534912109e+00 5.031026363372802734e+00 5.556033134460449219e+00 3.903995275497436523e+00 5.543866157531738281e+00 4.944403171539306641e+00 4.924222946166992188e+00 5.079874515533447266e+00 5.623142242431640625e+00 5.075202941894531250e+00 4.441261768341064453e+00 4.674970149993896484e+00 4.770788192749023438e+00 5.380642890930175781e+00 5.679291248321533203e+00 5.373325347900390625e+00 5.632379531860351562e+00 4.440122604370117188e+00
4.631358146667480469e+00 0.000000000000000000e+00 4.211601734161376953e+00 3.824407100677490234e+00 4.087856292724609375e+00 3.369049787521362305e+00 8.679259300231933594e+00 4.671895503997802734e+00 7.817270278930664062e+00 7.101304531097412109e+00 7.054324626922607422e+00 6.443177700042724609e+00 7.187817573547363281e+00 4.089533329010009766e+00 6.271461009979248047e+00 5.510290145874023438e+00 6.183157444000244141e+00 5.302013874053955078e+00 8.063865661621093750e+00 4.870225906372070312e+00 7.147469520568847656e+00 5.493600368499755859e+00 6.464857101440429688e+00 5.937656879425048828e+00 8.098751068115234375e+00 4.924222946166992188e+00 7.202188968658447266e+00 6.382093906402587891e+00 5.551550388336181641e+00 5.718300819396972656e+00 7.711581230163574219e+00 4.770788192749023438e+00 6.918989658355712891e+00 6.261974811553955078e+00 6.179390430450439453e+00 5.091617584228515625e+00
4.168706417083740234e+00 4.211601734161376953e+00 0.000000000000000000e+00 4.001889228820800781e+00 4.505325794219970703e+00 3.926825523376464844e+00 7.050720691680908203e+00 4.244841098785400391e+00 4.671895503997802734e+00 5.502001762390136719e+00 5.639624595642089844e+00 4.902905941009521484e+00 6.536359786987304688e+00 5.439901351928710938e+00 4.089533329010009766e+00 5.184879302978515625e+00 6.078608036041259766e+00 5.226036548614501953e+00 7.164141654968261719e+00 5.641546249389648438e+00 4.870225906372070312e+00 4.683912277221679688e+00 5.979308605194091797e+00 5.449365615844726562e+00 7.185572624206542969e+00 5.665650844573974609e+00 4.924222946166992188e+00 5.677516460418701172e+00 4.951882839202880859e+00 5.184830665588378906e+00 6.929842948913574219e+00 5.755310535430908203e+00 4.770788192749023438e+00 5.764281749725341797e+00 5.864968776702880859e+00 4.756009578704833984e+00
4.420969963073730469e+00 3.824407100677490234e+00 4.001889228820800781e+00 0.000000000000000000e+00 4.254884719848632812e+00 3.753426313400268555e+00 7.710331916809082031e+00 4.740978717803955078e+00 6.738800525665283203e+00 4.671895503997802734e+00 6.097634792327880859e+00 5.502402782440185547e+00 7.123713493347167969e+00 5.686603069305419922e+00 6.212554931640625000e+00 4.089533805847167969e+00 6.372753620147705078e+00 5.642352104187011719e+00 8.443161010742187500e+00 6.819878101348876953e+00 7.584813594818115234e+00 4.870225906372070312e+00 7.166128158569335938e+00 6.794043064117431641e+00 7.863091468811035156e+00 6.084159851074218750e+00 6.949243545532226562e+00 4.924222946166992188e+00 5.509639263153076172e+00 5.794792175292968750e+00 7.465800285339355469e+00 5.963279247283935547e+00 6.657637119293212891e+00 4.770788192749023438e+00 6.144308567047119141e+00 5.180392265319824219e+00
5.050542831420898438e+00 4.087856292724609375e+00 4.505325794219970703e+00 4.254884719848632812e+00 0.000000000000000000e+00 3.799531698226928711e+00 8.256011962890625000e+00 5.225978374481201172e+00 7.241806983947753906e+00 6.533004760742187500e+00 4.671895503997802734e+00 5.777038097381591797e+00 7.136290073394775391e+00 5.351473808288574219e+00 6.090568065643310547e+00 5.389309883117675781e+00 4.089533329010009766e+00 5.138162136077880859e+00 8.229198455810546875e+00 6.250195503234863281e+00 7.230628013610839844e+00 5.682682037353515625e+00 4.870225906372070312e+00 6.080870628356933594e+00 8.932363510131835938e+00 7.148241996765136719e+00 8.035590171813964844e+00 7.372102737426757812e+00 4.924222946166992188e+00 6.776705741882324219e+00 8.050659179687500000e+00 6.384129524230957031e+00 7.191586017608642578e+00 6.631470203399658203e+00 4.770788192749023438e+00 5.504237651824951172e+00
4.516547679901123047e+00 3.369049787521362305e+00 3.926825523376464844e+00 3.753426313400268555e+00 3.799531698226928711e+00 0.000000000000000000e+00 8.120457649230957031e+00 4.983941078186035156e+00 7.103143692016601562e+00 6.446177005767822266e+00 6.257150650024414062e+00 4.671895503997802734e+00 7.111811637878417969e+00 5.295112609863281250e+00 6.080874443054199219e+00 5.457915782928466797e+00 5.993391036987304688e+00 4.089533329010009766e+00 7.986831665039062500e+00 5.906218528747558594e+00 6.970116138458251953e+00 5.427299976348876953e+00 6.271688938140869141e+00 4.870225906372070312e+00 8.212124824523925781e+00 6.204672813415527344e+00 7.242471218109130859e+00 6.564506530761718750e+00 5.607591629028320312e+00 4.924222946166992188e+00 8.161161422729492188e+00 6.503634929656982422e+00 7.330834388732910156e+00 6.845494270324707031e+00 6.640563964843750000e+00 4.770788192749023438e+00
4.671895503997802734e+00 8.679259300231933594e+00 7.050720691680908203e+00 7.710331916809082031e+00 8.256011962890625000e+00 8.120457649230957031e+00 0.000000000000000000e+00 4.631358146667480469e+00 4.168706417083740234e+00 4.420969963073730469e+00 5.050542831420898438e+00 4.516547679901123047e+00 4.254440784454345703e+00 7.623139381408691406e+00 6.112668514251708984e+00 6.422214984893798828e+00 7.465991020202636719e+00 6.982914924621582031e+00 3.980703592300415039e+00 7.035025596618652344e+00 5.788293361663818359e+00 5.044374942779541016e+00 6.609726428985595703e+00 6.347444057464599609e+00 4.087194919586181641e+00 7.093361377716064453e+00 5.880888938903808594e+00 6.024326801300048828e+00 5.745357036590576172e+00 6.166729927062988281e+00 4.139855861663818359e+00 7.441959381103515625e+00 6.094282150268554688e+00 6.428704261779785156e+00 6.850461006164550781e+00 6.148877143859863281e+00
3.350019931793212891e+00 4.671895503997802734e+00 4.244841098785400391e+00 4.740978717803955078e+00 5.225978374481201172e+00 4.983941078186035156e+00 4.631358146667480469e+00 0.000000000000000000e+00 4.211601734161376953e+00 3.824407339096069336e+00 4.087856292724609375e+00 3.369049787521362305e+00 4.581183433532714844e+00 4.254440784454345703e+00 4.377405643463134766e+00 4.214671134948730469e+00 5.327391147613525391e+00 4.598900794982910156e+00 5.009928226470947266e+00 3.980703592300415039e+00 4.654858589172363281e+00 2.886299610137939453e+00 4.763923168182373047e+00 4.364084720611572266e+00 5.098383903503417969e+00 4.087194919586181641e+00 4.773174762725830078e+00 4.383206367492675781e+00 3.471395015716552734e+00 4.101063728332519531e+00 4.668299674987792969e+00 4.139855861663818359e+00 4.550261020660400391e+00 4.428824424743652344e+00 4.619148254394531250e+00 3.459062576293945312e+00
5.356938362121582031e+00 7.817270278930664062e+00 4.671895503997802734e+00 6.738800525665283203e+00 7.241806983947753906e+00 7.103143692016601562e+00 4.168706417083740234e+00 4.211601734161376953e+00 0.000000000000000000e+00 4.001889228820800781e+00 4.505325794219970703e+00 3.926825523376464844e+00 5.795864582061767578e+00 7.246656417846679688e+00 4.254440784454345703e+00 5.985704421997070312e+00 6.974571704864501953e+00 6.472675323486328125e+00 5.739676952362060547e+00 6.745329856872558594e+00 3.980703592300415039e+00 4.651412487030029297e+00 6.180472850799560547e+00 5.918663024902343750e+00 5.794972419738769531e+00 6.789868831634521484e+00 4.087194919586181641e+00 5.679883956909179688e+00 5.224704265594482422e+00 5.705062866210937500e+00 5.647368431091308594e+00 7.003365039825439453e+00 4.139855861663818359e+00 5.930819988250732422e+00 6.252603054046630859e+00 5.495970726013183594e+00
4.826380729675292969e+00 7.101304531097412109e+00 5.502001762390136719e+00 4.671895503997802734e+00 6.533004760742187500e+00 6.446177005767822266e+00 4.420969963073730469e+00 3.824407339096069336e+00 4.001889228820800781e+00 0.000000000000000000e+00 4.254884719848632812e+00 3.753426313400268555e+00 5.834864139556884766e+00 6.905741691589355469e+00 5.692285537719726562e+00 4.254440784454345703e+00 6.688607692718505859e+00 6.233016967773437500e+00 6.733219146728515625e+00 7.253514289855957031e+00 6.487418174743652344e+00 3.980703592300415039e+00 6.799250125885009766e+00 6.627542018890380859e+00 6.017289638519287109e+00 6.591662406921386719e+00 5.760163307189941406e+00 4.087194919586181641e+00 5.055968284606933594e+00 5.628071784973144531e+00 5.660258293151855469e+00 6.626801967620849609e+00 5.579642772674560547e+00 4.139855861663818359e+00 5.905930519104003906e+00 5.181972026824951172e+00
5.148539543151855469e+00 7.054324626922607422e+00 5.639624595642089844e+00 6.097634792327880859e+00 4.671895503997802734e+00 6.257150650024414062e+00 5.050542831420898438e+00 4.087856292724609375e+00 4.505325794219970703e+00 4.254884719848632812e+00 0.000000000000000000e+00 3.799531459808349609e+00 5.610301494598388672e+00 6.421882629394531250e+00 5.305826187133789062e+00 5.260336875915527344e+00 4.254440784454345703e+00 5.537650585174560547e+00 6.246558189392089844e+00 6.512923717498779297e+00 5.838636875152587891e+00 4.655134677886962891e+00 3.980703592300415039e+00 5.656216144561767578e+00 7.170575618743896484e+00 7.401411056518554688e+00 6.834377288818359375e+00 6.637438297271728516e+00 4.087194919586181641e+00 6.424158573150634766e+00 6.193865299224853516e+00 6.808922290802001953e+00 5.981445789337158203e+00 5.966981887817382812e+00 4.139855861663818359e+00 5.250095367431640625e+00
4.302300930023193359e+00 6.443177700042724609e+00 4.902905941009521484e+00 5.502402782440185547e+00 5.777038097381591797e+00 4.671895503997802734e+00 4.516547679901123047e+00 3.369049787521362305e+00 3.926825523376464844e+00 3.753426313400268555e+00 3.799531459808349609e+00 0.000000000000000000e+00 5.313928604125976562e+00 6.144236564636230469e+00 5.014472007751464844e+00 5.052370071411132812e+00 5.865818977355957031e+00 4.254440784454345703e+00 5.674536705017089844e+00 5.945399284362792969e+00 5.244173049926757812e+00 3.993007659912109375e+00 5.345288276672363281e+00 3.980703592300415039e+00 6.014996051788330078e+00 6.268381118774414062e+00 5.630497455596923828e+00 5.469145298004150391e+00 4.584037303924560547e+00 4.087194919586181641e+00 6.104631900787353516e+00 6.709150314331054688e+00 5.908555984497070312e+00 5.966606140136718750e+00 5.965415954589843750e+00 4.139855861663818359e+00
4.089533329010009766e+00 7.187817573547363281e+00 6.536359786987304688e+00 7.123713493347167969e+00 7.136290073394775391e+00 7.111811637878417969e+00 4.254440784454345703e+00 4.581183433532714844e+00 5.795864582061767578e+00 5.834864139556884766e+00 5.610301494598388672e+00 5.313928604125976562e+00 0.000000000000000000e+00 4.631358146667480469e+00 4.168706417083740234e+00 4.420969963073730469e+00 5.050542831420898438e+00 4.516547679901123047e+00 4.462409496307373047e+00 5.915757179260253906e+00 5.973700523376464844e+00 5.090501785278320312e+00 5.968485355377197266e+00 5.839135646820068359e+00 4.923106670379638672e+00 6.267781257629394531e+00 6.342738628387451172e+00 6.342296123504638672e+00 5.329932689666748047e+00 5.941274166107177734e+00 4.427217006683349609e+00 6.267542839050292969e+00 6.141317844390869141e+00 6.339596271514892578e+00 6.103924751281738281e+00 5.478038311004638672e+00
4.968180656433105469e+00 4.089533329010009766e+00 5.439901351928710938e+00 5.686603069305419922e+00 5.351473808288574219e+00 5.295112609863281250e+00 7.623139381408691406e+00 4.254440784454345703e+00 7.246656417846679688e+00 6.905741691589355469e+00 6.421882629394531250e+00 6.144236564636230469e+00 4.631358146667480469e+00 0.000000000000000000e+00 4.211601734161376953e+00 3.824407339096069336e+00 4.087856292724609375e+00 3.369049787521362305e+00 6.908616542816162109e+00 4.462409496307373047e+00 6.512371063232421875e+00 5.230748176574707031e+00 5.761232376098632812e+00 5.604748725891113281e+00 7.217190265655517578e+00 4.923106670379638672e+00 6.855011940002441406e+00 6.458112239837646484e+00 5.100209712982177734e+00 5.714141368865966797e+00 6.543498039245605469e+00 4.427217006683349609e+00 6.312122821807861328e+00 6.085986614227294922e+00 5.498010158538818359e+00 4.767371654510498047e+00
5.047851085662841797e+00 6.271461009979248047e+00 4.089533329010009766e+00 6.212554931640625000e+00 6.090568065643310547e+00 6.080874443054199219e+00 6.112668514251708984e+00 4.377405643463134766e+00 4.254440784454345703e+00 5.692285537719726562e+00 5.305826187133789062e+00 5.014472007751464844e+00 4.168706417083740234e+00 4.211601734161376953e+00 0.000000000000000000e+00 4.001889228820800781e+00 4.505325794219970703e+00 3.926825523376464844e+00 6.236771583557128906e+00 5.735014915466308594e+00 4.462409496307373047e+00 4.897903919219970703e+00 5.658524513244628906e+00 5.542776584625244141e+00 6.557427883148193359e+00 6.079305648803710938e+00 4.923106670379638672e+00 6.170869827270507812e+00 4.958116054534912109e+00 5.630653381347656250e+00 6.020045280456542969e+00 5.901930332183837891e+00 4.427217006683349609e+00 5.993597030639648438e+00 5.595574378967285156e+00 4.928716182708740234e+00
4.668107509613037109e+00 5.510290145874023438e+00 5.184879302978515625e+00 4.089533805847167969e+00 5.389309883117675781e+00 5.457915782928466797e+00 6.422214984893798828e+00 4.214671134948730469e+00 5.985704421997070312e+00 4.254440784454345703e+00 5.260336875915527344e+00 5.052370071411132812e+00 4.420969963073730469e+00 3.824407339096069336e+00 4.001889228820800781e+00 0.000000000000000000e+00 4.254884719848632812e+00 3.753426313400268555e+00 7.280312061309814453e+00 6.458919525146484375e+00 6.918595790863037109e+00 4.462409496307373047e+00 6.462486743927001953e+00 6.428792953491210938e+00 6.880348205566406250e+00 6.001576423645019531e+00 6.513414859771728516e+00 4.923106670379638672e+00 4.955952644348144531e+00 5.704820156097412109e+00 6.172517776489257812e+00 5.604770183563232422e+00 5.942013740539550781e+00 4.427217006683349609e+00 5.367372989654541016e+00 4.759479999542236328e+00
5.791192054748535156e+00 6.183157444000244141e+00 6.078608036041259766e+00 6.372753620147705078e+00 4.089533329010009766e+00 5.993391036987304688e+00 7.465991020202636719e+00 5.327391147613525391e+00 6.974571704864501953e+00 6.688607692718505859e+00 4.254440784454345703e+00 5.865818977355957031e+00 5.050542831420898438e+00 4.087856292724609375e+00 4.505325794219970703e+00 4.254884719848632812e+00 0.000000000000000000e+00 3.799531459808349609e+00 7.430972099304199219e+00 6.328943729400634766e+00 6.957241535186767578e+00 5.854104042053222656e+00 4.462409496307373047e+00 6.158815860748291016e+00 8.430999755859375000e+00 7.475490570068359375e+00 8.030378341674804688e+00 7.753745555877685547e+00 4.923106670379638672e+00 7.118479728698730469e+00 7.277264595031738281e+00 6.511030197143554688e+00 6.963187217712402344e+00 6.826410293579101562e+00 4.427217006683349609e+00 5.647696971893310547e+00
4.865090370178222656e+00 5.302013874053955078e+00 5.226036548614501953e+00 5.642352104187011719e+00 5.138162136077880859e+00 4.089533329010009766e+00 6.982914924621582031e+00 4.598900794982910156e+00 6.472675323486328125e+00 6.233016967773437500e+00 5.537650585174560547e+00 4.254440784454345703e+00 4.516547679901123047e+00 3.369049787521362305e+00 3.926825523376464844e+00 3.753426313400268555e+00 3.799531459808349609e+00 0.000000000000000000e+00 6.821223735809326172e+00 5.577991485595703125e+00 6.320105552673339844e+00 5.164613723754882812e+00 5.546896934509277344e+00 4.462409019470214844e+00 7.346673965454101562e+00 6.206733703613281250e+00 6.899972438812255859e+00 6.641189575195312500e+00 5.164695262908935547e+00 4.923106670379638672e+00 7.070360660552978516e+00 6.258886814117431641e+00 6.763740062713623047e+00 6.687620639801025391e+00 6.014723777770996094e+00 4.427217006683349609e+00
4.870225429534912109e+00 8.063865661621093750e+00 7.164141654968261719e+00 8.443161010742187500e+00 8.229198455810546875e+00 7.986831665039062500e+00 3.980703592300415039e+00 5.009928226470947266e+00 5.739676952362060547e+00 6.733219146728515625e+00 6.246558189392089844e+00 5.674536705017089844e+00 4.462409496307373047e+00 6.908616542816162109e+00 6.236771583557128906e+00 7.280312061309814453e+00 7.430972099304199219e+00 6.821223735809326172e+00 0.000000000000000000e+00 4.631358623504638672e+00 4.168706417083740234e+00 4.420969963073730469e+00 5.050542831420898438e+00 4.516547679901123047e+00 4.514299869537353516e+00 6.464782238006591797e+00 6.162658691406250000e+00 7.064808368682861328e+00 5.860748291015625000e+00 6.136567115783691406e+00 4.502651691436767578e+00 6.806035518646240234e+00 6.324201107025146484e+00 7.376243591308593750e+00 6.908674240112304688e+00 6.074480533599853516e+00
5.031026363372802734e+00 4.870225906372070312e+00 5.641546249389648438e+00 6.819878101348876953e+00 6.250195503234863281e+00 5.906218528747558594e+00 7.035025596618652344e+00 3.980703592300415039e+00 6.745329856872558594e+00 7.253514289855957031e+00 6.512923717498779297e+00 5.945399284362792969e+00 5.915757179260253906e+00 4.462409496307373047e+00 5.735014915466308594e+00 6.458919525146484375e+00 6.328943729400634766e+00 5.577991485595703125e+00 4.631358623504638672e+00 0.000000000000000000e+00 4.211601734161376953e+00 3.824407339096069336e+00 4.087856292724609375e+00 3.369049787521362305e+00 6.470189571380615234e+00 4.514299869537353516e+00 6.194579124450683594e+00 6.710260391235351562e+00 5.058253288269042969e+00 5.351983070373535156e+00 6.092995166778564453e+00 4.502651691436767578e+00 5.979651451110839844e+00 6.700098037719726562e+00 5.859488010406494141e+00 4.822017192840576172e+00
5.556033134460449219e+00 7.147469520568847656e+00 4.870225906372070312e+00 7.584813594818115234e+00 7.230628013610839844e+00 6.970116138458251953e+00 5.788293361663818359e+00 4.654858589172363281e+00 3.980703592300415039e+00 6.487418174743652344e+00 5.838636875152587891e+00 5.244173049926757812e+00 5.973700523376464844e+00 6.512371063232421875e+00 4.462409496307373047e+00 6.918595790863037109e+00 6.957241535186767578e+00 6.320105552673339844e+00 4.168706417083740234e+00 4.211601734161376953e+00 0.000000000000000000e+00 4.001889228820800781e+00 4.505325794219970703e+00 3.926825523376464844e+00 6.126635551452636719e+00 6.153061866760253906e+00 4.514299869537353516e+00 6.794137477874755859e+00 5.377452373504638672e+00 5.697092533111572266e+00 5.942091464996337891e+00 6.345603942871093750e+00 4.502651691436767578e+00 6.966747760772705078e+00 6.338472366333007812e+00 5.438432216644287109e+00
3.903995275497436523e+00 5.493600368499755859e+00 4.683912277221679688e+00 4.870225906372070312e+00 5.682682037353515625e+00 5.427299976348876953e+00 5.044374942779541016e+00 2.886299610137939453e+00 4.651412487030029297e+00 3.980703592300415039e+00 4.655134677886962891e+00 3.993007659912109375e+00 5.090501785278320312e+00 5.230748176574707031e+00 4.897903919219970703e+00 4.462409496307373047e+00 5.854104042053222656e+00 5.164613723754882812e+00 4.420969963073730469e+00 3.824407339096069336e+00 4.001889228820800781e+00 0.000000000000000000e+00 4.254884719848632812e+00 3.753426074981689453e+00 5.471402168273925781e+00 4.998237609863281250e+00 5.160206794738769531e+00 4.514299869537353516e+00 4.117862224578857422e+00 4.621561050415039062e+00 5.022820472717285156e+00 4.990852355957031250e+00 4.903305053710937500e+00 4.502651691436767578e+00 5.073038578033447266e+00 3.999774932861328125e+00
5.543866157531738281e+00 6.464857101440429688e+00 5.979308605194091797e+00 7.166128158569335938e+00 4.870225906372070312e+00 6.271688938140869141e+00 6.609726428985595703e+00 4.763923168182373047e+00 6.180472850799560547e+00 6.799250125885009766e+00 3.980703592300415039e+00 5.345288276672363281e+00 5.968485355377197266e+00 5.761232376098632812e+00 5.658524513244628906e+00 6.462486743927001953e+00 4.462409496307373047e+00 5.546896934509277344e+00 5.050542831420898438e+00 4.087856292724609375e+00 4.505325794219970703e+00 4.254884719848632812e+00 0.000000000000000000e+00 3.799531459808349609e+00 7.577954769134521484e+00 6.970868110656738281e+00 7.241320610046386719e+00 7.746552944183349609e+00 4.514299869537353516e+00 6.575196266174316406e+00 6.620719432830810547e+00 6.295655250549316406e+00 6.400580406188964844e+00 7.142835617065429688e+00 4.502651691436767578e+00 5.384109020233154297e+00
4.944403171539306641e+00 5.937656879425048828e+00 5.449365615844726562e+00 6.794043064117431641e+00 6.080870628356933594e+00 4.870225906372070312e+00 6.347444057464599609e+00 4.364084720611572266e+00 5.918663024902343750e+00 6.627542018890380859e+00 5.656216144561767578e+00 3.980703592300415039e+00 5.839135646820068359e+00 5.604748725891113281e+00 5.542776584625244141e+00 6.428792953491210938e+00 6.158815860748291016e+00 4.462409019470214844e+00 4.516547679901123047e+00 3.369049787521362305e+00 3.926825523376464844e+00 3.753426074981689453e+00 3.799531459808349609e+00 0.000000000000000000e+00 6.625612735748291016e+00 5.900429725646972656e+00 6.256265640258789062e+00 6.897490978240966797e+00 5.137846469879150391e+00 4.514299869537353516e+00 6.666845798492431641e+00 6.324309349060058594e+00 6.466151714324951172e+00 7.261263847351074219e+00 6.358615875244140625e+00 4.502651691436767578e+00
4.924222946166992188e+00 8.098751068115234375e+00 7.185572624206542969e+00 7.863091468811035156e+00 8.932363510131835938e+00 8.212124824523925781e+00 4.087194919586181641e+00 5.098383903503417969e+00 5.794972419738769531e+00 6.017289638519287109e+00 7.170575618743896484e+00 6.014996051788330078e+00 4.923106670379638672e+00 7.217190265655517578e+00 6.557427883148193359e+00 6.880348205566406250e+00 8.430999755859375000e+00 7.346673965454101562e+00 4.514299869537353516e+00 6.470189571380615234e+00 6.126635551452636719e+00 5.471402168273925781e+00 7.577954769134521484e+00 6.625612735748291016e+00 0.000000000000000000e+00 4.631358146667480469e+00 4.168706893920898438e+00 4.420969963073730469e+00 5.050542831420898438e+00 4.516547679901123047e+00 4.393700122833251953e+00 6.737048625946044922e+00 6.229357719421386719e+00 6.591817855834960938e+00 7.635380268096923828e+00 6.249055862426757812e+00
5.079874515533447266e+00 4.924222946166992188e+00 5.665650844573974609e+00 6.084159851074218750e+00 7.148241996765136719e+00 6.204672813415527344e+00 7.093361377716064453e+00 4.087194919586181641e+00 6.789868831634521484e+00 6.591662406921386719e+00 7.401411056518554688e+00 6.268381118774414062e+00 6.267781257629394531e+00 4.923106670379638672e+00 6.079305648803710938e+00 6.001576423645019531e+00 7.475490570068359375e+00 6.206733703613281250e+00 6.464782238006591797e+00 4.514299869537353516e+00 6.153061866760253906e+00 4.998237609863281250e+00 6.970868110656738281e+00 5.900429725646972656e+00 4.631358146667480469e+00 0.000000000000000000e+00 4.211601734161376953e+00 3.824407339096069336e+00 4.087856292724609375e+00 3.369049787521362305e+00 6.010019779205322266e+00 4.393700122833251953e+00 5.876276493072509766e+00 5.822322368621826172e+00 6.698348522186279297e+00 5.036690235137939453e+00
5.623142242431640625e+00 7.202188968658447266e+00 4.924222946166992188e+00 6.949243545532226562e+00 8.035590171813964844e+00 7.242471218109130859e+00 5.880888938903808594e+00 4.773174762725830078e+00 4.087194919586181641e+00 5.760163307189941406e+00 6.834377288818359375e+00 5.630497455596923828e+00 6.342738628387451172e+00 6.855011940002441406e+00 4.923106670379638672e+00 6.513414859771728516e+00 8.030378341674804688e+00 6.899972438812255859e+00 6.162658691406250000e+00 6.194579124450683594e+00 4.514299869537353516e+00 5.160206794738769531e+00 7.241320610046386719e+00 6.256265640258789062e+00 4.168706893920898438e+00 4.211601734161376953e+00 0.000000000000000000e+00 4.001889228820800781e+00 4.505325317382812500e+00 3.926825523376464844e+00 5.878821372985839844e+00 6.289176940917968750e+00 4.393700122833251953e+00 6.148172378540039062e+00 7.139104843139648438e+00 5.652368545532226562e+00
5.075202941894531250e+00 6.382093906402587891e+00 5.677516460418701172e+00 4.924222946166992188e+00 7.372102737426757812e+00 6.564506530761718750e+00 6.024326801300048828e+00 4.383206367492675781e+00 5.679883956909179688e+00 4.087194919586181641e+00 6.637438297271728516e+00 5.469145298004150391e+00 6.342296123504638672e+00 6.458112239837646484e+00 6.170869827270507812e+00 4.923106670379638672e+00 7.753745555877685547e+00 6.641189575195312500e+00 7.064808368682861328e+00 6.710260391235351562e+00 6.794137477874755859e+00 4.514299869537353516e+00 7.746552944183349609e+00 6.897490978240966797e+00 4.420969963073730469e+00 3.824407339096069336e+00 4.001889228820800781e+00 0.000000000000000000e+00 4.254884719848632812e+00 3.753426313400268555e+00 5.852100849151611328e+00 5.827687263488769531e+00 5.730568408966064453e+00 4.393700122833251953e+00 6.803866386413574219e+00 5.304452419281005859e+00
4.441261768341064453e+00 5.551550388336181641e+00 4.951882839202880859e+00 5.509639263153076172e+00 4.924222946166992188e+00 5.607591629028320312e+00 5.745357036590576172e+00 3.471395015716552734e+00 5.224704265594482422e+00 5.055968284606933594e+00 4.087194919586181641e+00 4.584037303924560547e+00 5.329932689666748047e+00 5.100209712982177734e+00 4.958116054534912109e+00 4.955952644348144531e+00 4.923106670379638672e+00 5.164695262908935547e+00 5.860748291015625000e+00 5.058253288269042969e+00 5.377452373504638672e+00 4.117862224578857422e+00 4.514299869537353516e+00 5.137846469879150391e+00 5.050542831420898438e+00 4.087856292724609375e+00 4.505325317382812500e+00 4.254884719848632812e+00 0.000000000000000000e+00 3.799531459808349609e+00 5.596976280212402344e+00 5.211761951446533203e+00 5.313971996307373047e+00 5.340850353240966797e+00 4.393700122833251953e+00 4.427356719970703125e+00
4.674970149993896484e+00 5.718300819396972656e+00 5.184830665588378906e+00 5.794792175292968750e+00 6.776705741882324219e+00 4.924222946166992188e+00 6.166729927062988281e+00 4.101063728332519531e+00 5.705062866210937500e+00 5.628071784973144531e+00 6.424158573150634766e+00 4.087194919586181641e+00 5.941274166107177734e+00 5.714141368865966797e+00 5.630653381347656250e+00 5.704820156097412109e+00 7.118479728698730469e+00 4.923106670379638672e+00 6.136567115783691406e+00 5.351983070373535156e+00 5.697092533111572266e+00 4.621561050415039062e+00 6.575196266174316406e+00 4.514299869537353516e+00 4.516547679901123047e+00 3.369049787521362305e+00 3.926825523376464844e+00 3.753426313400268555e+00 3.799531459808349609e+00 0.000000000000000000e+00 6.352708816528320312e+00 5.995160102844238281e+00 6.123712062835693359e+00 6.216784477233886719e+00 6.919579982757568359e+00 4.393700122833251953e+00
4.770788192749023438e+00 7.711581230163574219e+00 6.929842948913574219e+00 7.465800285339355469e+00 8.050659179687500000e+00 8.161161422729492188e+00 4.139855861663818359e+00 4.668299674987792969e+00 5.647368431091308594e+00 5.660258293151855469e+00 6.193865299224853516e+00 6.104631900787353516e+00 4.427217006683349609e+00 6.543498039245605469e+00 6.020045280456542969e+00 6.172517776489257812e+00 7.277264595031738281e+00 7.070360660552978516e+00 4.502651691436767578e+00 6.092995166778564453e+00 5.942091464996337891e+00 5.022820472717285156e+00 6.620719432830810547e+00 6.666845798492431641e+00 4.393700122833251953e+00 6.010019779205322266e+00 5.878821372985839844e+00 5.852100849151611328e+00 5.596976280212402344e+00 6.352708816528320312e+00 0.000000000000000000e+00 4.631358146667480469e+00 4.168706417083740234e+00 4.420969963073730469e+00 5.050542831420898438e+00 4.516547679901123047e+00
5.380642890930175781e+00 4.770788192749023438e+00 5.755310535430908203e+00 5.963279247283935547e+00 6.384129524230957031e+00 6.503634929656982422e+00 7.441959381103515625e+00 4.139855861663818359e+00 7.003365039825439453e+00 6.626801967620849609e+00 6.808922290802001953e+00 6.709150314331054688e+00 6.267542839050292969e+00 4.427217006683349609e+00 5.901930332183837891e+00 5.604770183563232422e+00 6.511030197143554688e+00 6.258886814117431641e+00 6.806035518646240234e+00 4.502651691436767578e+00 6.345603942871093750e+00 4.990852355957031250e+00 6.295655250549316406e+00 6.324309349060058594e+00 6.737048625946044922e+00 4.393700122833251953e+00 6.289176940917968750e+00 5.827687263488769531e+00 5.211761951446533203e+00 5.995160102844238281e+00 4.631358146667480469e+00 0.000000000000000000e+00 4.211601734161376953e+00 3.824407100677490234e+00 4.087856292724609375e+00 3.369049787521362305e+00
5.679291248321533203e+00 6.918989658355712891e+00 4.770788192749023438e+00 6.657637119293212891e+00 7.191586017608642578e+00 7.330834388732910156e+00 6.094282150268554688e+00 4.550261020660400391e+00 4.139855861663818359e+00 5.579642772674560547e+00 5.981445789337158203e+00 5.908555984497070312e+00 6.141317844390869141e+00 6.312122821807861328e+00 4.427217006683349609e+00 5.942013740539550781e+00 6.963187217712402344e+00 6.763740062713623047e+00 6.324201107025146484e+00 5.979651451110839844e+00 4.502651691436767578e+00 4.903305053710937500e+00 6.400580406188964844e+00 6.466151714324951172e+00 6.229357719421386719e+00 5.876276493072509766e+00 4.393700122833251953e+00 5.730568408966064453e+00 5.313971996307373047e+00 6.123712062835693359e+00 4.168706417083740234e+00 4.211601734161376953e+00 0.000000000000000000e+00 4.001889705657958984e+00 4.505325317382812500e+00 3.926825523376464844e+00
5.373325347900390625e+00 6.261974811553955078e+00 5.764281749725341797e+00 4.770788192749023438e+00 6.631470203399658203e+00 6.845494270324707031e+00 6.428704261779785156e+00 4.428824424743652344e+00 5.930819988250732422e+00 4.139855861663818359e+00 5.966981887817382812e+00 5.966606140136718750e+00 6.339596271514892578e+00 6.085986614227294922e+00 5.993597030639648438e+00 4.427217006683349609e+00 6.826410293579101562e+00 6.687620639801025391e+00 7.376243591308593750e+00 6.700098037719726562e+00 6.966747760772705078e+00 4.502651691436767578e+00 7.142835617065429688e+00 7.261263847351074219e+00 6.591817855834960938e+00 5.822322368621826172e+00 6.148172378540039062e+00 4.393700122833251953e+00 5.340850353240966797e+00 6.216784477233886719e+00 4.420969963073730469e+00 3.824407100677490234e+00 4.001889705657958984e+00 0.000000000000000000e+00 4.254884719848632812e+00 3.753426313400268555e+00
5.632379531860351562e+00 6.179390430450439453e+00 5.864968776702880859e+00 6.144308567047119141e+00 4.770788192749023438e+00 6.640563964843750000e+00 6.850461006164550781e+00 4.619148254394531250e+00 6.252603054046630859e+00 5.905930519104003906e+00 4.139855861663818359e+00 5.965415954589843750e+00 6.103924751281738281e+00 5.498010158538818359e+00 5.595574378967285156e+00 5.367372989654541016e+00 4.427217006683349609e+00 6.014723777770996094e+00 6.908674240112304688e+00 5.859488010406494141e+00 6.338472366333007812e+00 5.073038578033447266e+00 4.502651691436767578e+00 6.358615875244140625e+00 7.635380268096923828e+00 6.698348522186279297e+00 7.139104843139648438e+00 6.803866386413574219e+00 4.393700122833251953e+00 6.919579982757568359e+00 5.050542831420898438e+00 4.087856292724609375e+00 4.505325317382812500e+00 4.254884719848632812e+00 0.000000000000000000e+00 3.799531459808349609e+00
4.440122604370117188e+00 5.091617584228515625e+00 4.756009578704833984e+00 5.180392265319824219e+00 5.504237651824951172e+00 4.770788192749023438e+00 6.148877143859863281e+00 3.459062576293945312e+00 5.495970726013183594e+00 5.181972026824951172e+00 5.250095367431640625e+00 4.139855861663818359e+00 5.478038311004638672e+00 4.767371654510498047e+00 4.928716182708740234e+00 4.759479999542236328e+00 5.647696971893310547e+00 4.427217006683349609e+00 6.074480533599853516e+00 4.822017192840576172e+00 5.438432216644287109e+00 3.999774932861328125e+00 5.384109020233154297e+00 4.502651691436767578e+00 6.249055862426757812e+00 5.036690235137939453e+00 5.652368545532226562e+00 5.304452419281005859e+00 4.427356719970703125e+00 4.393700122833251953e+00 4.516547679901123047e+00 3.369049787521362305e+00 3.926825523376464844e+00 3.753426313400268555e+00 3.799531459808349609e+00 0.000000000000000000e+00
