0.000000000000000000e+00 3.836143016815185547e+00 3.873568773269653320e+00 3.806156635284423828e+00 4.275094032287597656e+00 4.387741565704345703e+00 4.359468936920166016e+00 3.434709310531616211e+00 5.410527706146240234e+00 4.796403408050537109e+00 4.751727581024169922e+00 5.008001327514648438e+00 3.762111663818359375e+00 4.256434917449951172e+00 4.821394920349121094e+00 4.425033569335937500e+00 4.977440834045410156e+00 4.686634540557861328e+00 4.301513671875000000e+00 4.681655883789062500e+00 5.137366294860839844e+00 3.783246040344238281e+00 5.042350292205810547e+00 5.401432514190673828e+00 4.514626026153564453e+00 4.375182151794433594e+00 5.360145092010498047e+00 4.783535480499267578e+00 4.260520458221435547e+00 5.092955589294433594e+00 5.105947494506835938e+00 5.054096221923828125e+00 5.601283073425292969e+00 5.352410316467285156e+00 5.349421501159667969e+00 4.403648853302001953e+00
3.836143016815185547e+00 0.000000000000000000e+00 3.596015214920043945e+00 3.169096946716308594e+00 3.076464414596557617e+00 3.480774164199829102e+00 7.459536552429199219e+00 4.359468936920166016e+00 7.008875846862792969e+00 6.362827301025390625e+00 5.974182128906250000e+00 6.314057826995849609e+00 6.294578552246093750e+00 3.762111902236938477e+00 5.650210380554199219e+00 5.088173389434814453e+00 5.168690204620361328e+00 5.057696819305419922e+00 6.672339439392089844e+00 4.301513195037841797e+00 5.968285083770751953e+00 4.601130485534667969e+00 5.283427715301513672e+00 5.774088382720947266e+00 7.145169734954833984e+00 4.514626026153564453e+00 6.527905941009521484e+00 5.864655017852783203e+00 5.029499053955078125e+00 5.895534515380859375e+00 7.485284328460693359e+00 5.105947494506835938e+00 6.674126625061035156e+00 6.280720233917236328e+00 5.920076847076416016e+00 5.243895530700683594e+00
3.873568773269653320e+00 3.596015214920043945e+00 0.000000000000000000e+00 3.192661762237548828e+00 3.657119035720825195e+00 3.714577436447143555e+00 6.224564075469970703e+00 3.840345144271850586e+00 4.359468936920166016e+00 4.842255592346191406e+00 4.734205245971679688e+00 4.935745716094970703e+00 5.922009468078613281e+00 4.716433048248291016e+00 3.762111902236938477e+00 4.604275226593017578e+00 5.077910423278808594e+00 4.735243320465087891e+00 6.373583793640136719e+00 5.219986438751220703e+00 4.301513195037841797e+00 4.139351367950439453e+00 5.257224559783935547e+00 5.553045272827148438e+00 6.483950138092041016e+00 4.900283813476562500e+00 4.514626026153564453e+00 5.024311065673828125e+00 4.461541652679443359e+00 5.209533691406250000e+00 7.125734329223632812e+00 5.784469127655029297e+00 5.105947494506835938e+00 5.835700988769531250e+00 5.780593395233154297e+00 4.861974716186523438e+00
3.806156635284423828e+00 3.169096946716308594e+00 3.192661762237548828e+00 0.000000000000000000e+00 3.182942152023315430e+00 3.732017517089843750e+00 6.631598949432373047e+00 4.196513652801513672e+00 5.911740779876708984e+00 4.359468936920166016e+00 4.991985321044921875e+00 5.499279022216796875e+00 6.140008926391601562e+00 4.743818759918212891e+00 5.243453025817871094e+00 3.762111902236938477e+00 5.068431377410888672e+00 5.069478988647460938e+00 7.187957763671875000e+00 5.993495464324951172e+00 6.344917774200439453e+00 4.301513671875000000e+00 5.996406078338623047e+00 6.521353721618652344e+00 6.845080852508544922e+00 5.143526554107666016e+00 5.992175579071044922e+00 4.514626026153564453e+00 4.689689636230468750e+00 5.709671020507812500e+00 7.243393898010253906e+00 5.725409507751464844e+00 6.202593803405761719e+00 5.105947494506835938e+00 5.690363407135009766e+00 5.096767902374267578e+00
4.275094032287597656e+00 3.076464414596557617e+00 3.657119035720825195e+00 3.182942152023315430e+00 0.000000000000000000e+00 3.803047418594360352e+00 7.209985256195068359e+00 4.609593868255615234e+00 6.507401943206787109e+00 5.775141716003417969e+00 4.359468936920166016e+00 5.915526390075683594e+00 6.331264972686767578e+00 4.529997348785400391e+00 5.410253047943115234e+00 4.783326625823974609e+00 3.762111902236938477e+00 4.983015537261962891e+00 6.937838077545166016e+00 5.293457508087158203e+00 6.009714126586914062e+00 4.616426467895507812e+00 4.301513671875000000e+00 5.978337764739990234e+00 7.691847324371337891e+00 5.864903926849365234e+00 6.899810314178466797e+00 6.247619628906250000e+00 4.514626026153564453e+00 6.454093933105468750e+00 7.750996589660644531e+00 6.001945018768310547e+00 6.743529319763183594e+00 6.326405525207519531e+00 5.105947494506835938e+00 5.507616996765136719e+00
4.387741565704345703e+00 3.480774164199829102e+00 3.714577436447143555e+00 3.732017517089843750e+00 3.803047418594360352e+00 0.000000000000000000e+00 7.171778678894042969e+00 4.730136871337890625e+00 6.422190189361572266e+00 5.968565940856933594e+00 5.651798248291015625e+00 4.359468936920166016e+00 6.696788787841796875e+00 5.192133426666259766e+00 5.786243438720703125e+00 5.519353866577148438e+00 5.692351818084716797e+00 3.762111902236938477e+00 6.806989192962646484e+00 5.281810283660888672e+00 5.810843467712402344e+00 4.725874900817871094e+00 5.494711875915527344e+00 4.301513195037841797e+00 7.302742958068847656e+00 5.498903751373291016e+00 6.420329093933105469e+00 6.001605033874511719e+00 5.294780731201171875e+00 4.514626026153564453e+00 8.441197395324707031e+00 6.991032123565673828e+00 7.489911079406738281e+00 7.349847316741943359e+00 7.122772693634033203e+00 5.105947494506835938e+00
4.359468936920166016e+00 7.459536552429199219e+00 6.224564075469970703e+00 6.631598949432373047e+00 7.209985256195068359e+00 7.171778678894042969e+00 0.000000000000000000e+00 3.836143016815185547e+00 3.873568773269653320e+00 3.806156635284423828e+00 4.275094032287597656e+00 4.387741565704345703e+00 3.796776294708251953e+00 6.348464012145996094e+00 5.314467430114746094e+00 5.507200717926025391e+00 6.303921222686767578e+00 5.950103759765625000e+00 3.856006622314453125e+00 6.340930938720703125e+00 5.243471622467041016e+00 4.600546836853027344e+00 6.040989398956298828e+00 6.222412109375000000e+00 3.637730836868286133e+00 5.823846817016601562e+00 5.130115032196044922e+00 5.120523929595947266e+00 5.070085048675537109e+00 5.653901576995849609e+00 4.377520561218261719e+00 6.368642807006835938e+00 5.403892517089843750e+00 5.676846981048583984e+00 6.034134864807128906e+00 5.065696716308593750e+00
3.434709310531616211e+00 4.359468936920166016e+00 3.840345144271850586e+00 4.196513652801513672e+00 4.609593868255615234e+00 4.730136871337890625e+00 3.836143016815185547e+00 0.000000000000000000e+00 3.596015214920043945e+00 3.169096946716308594e+00 3.076464414596557617e+00 3.480774164199829102e+00 4.237925052642822266e+00 3.796776294708251953e+00 3.872836828231811523e+00 3.835897922515869141e+00 4.444787025451660156e+00 4.134701728820800781e+00 4.354555606842041016e+00 3.856006622314453125e+00 3.846837043762207031e+00 2.469565868377685547e+00 4.130270004272460938e+00 4.578133106231689453e+00 4.688385963439941406e+00 3.637730836868286133e+00 4.275132656097412109e+00 3.975927352905273438e+00 3.305427074432373047e+00 4.343040943145751953e+00 5.215146064758300781e+00 4.377520561218261719e+00 4.521937370300292969e+00 4.593692302703857422e+00 4.573625564575195312e+00 3.441491842269897461e+00
5.410527706146240234e+00 7.008875846862792969e+00 4.359468936920166016e+00 5.911740779876708984e+00 6.507401943206787109e+00 6.422190189361572266e+00 3.873568773269653320e+00 3.596015214920043945e+00 0.000000000000000000e+00 3.192661762237548828e+00 3.657119035720825195e+00 3.714577436447143555e+00 5.531412601470947266e+00 6.300381660461425781e+00 3.796776533126831055e+00 5.216512203216552734e+00 6.001166343688964844e+00 5.579070568084716797e+00 5.679141998291015625e+00 6.387650012969970703e+00 3.856006622314453125e+00 4.387553215026855469e+00 5.828462600708007812e+00 5.970222473144531250e+00 5.491553306579589844e+00 5.835414409637451172e+00 3.637730836868286133e+00 4.883192062377929688e+00 4.766905784606933594e+00 5.332161903381347656e+00 6.255588531494140625e+00 6.613630771636962891e+00 4.377520561218261719e+00 5.735679149627685547e+00 6.039373397827148438e+00 5.017197132110595703e+00
4.796403408050537109e+00 6.362827301025390625e+00 4.842255592346191406e+00 4.359468936920166016e+00 5.775141716003417969e+00 5.968565940856933594e+00 3.806156635284423828e+00 3.169096946716308594e+00 3.192661762237548828e+00 0.000000000000000000e+00 3.182942152023315430e+00 3.732017517089843750e+00 5.241700172424316406e+00 5.848355293273925781e+00 4.690970420837402344e+00 3.796776294708251953e+00 5.492467403411865234e+00 5.352802753448486328e+00 6.127495288848876953e+00 6.612501144409179688e+00 5.556359291076660156e+00 3.856006622314453125e+00 6.044735908508300781e+00 6.448617935180664062e+00 5.405559062957763672e+00 5.544775009155273438e+00 4.796538829803466797e+00 3.637730598449707031e+00 4.365844726562500000e+00 5.304944038391113281e+00 5.922198772430419922e+00 6.108168601989746094e+00 5.080701828002929688e+00 4.377520561218261719e+00 5.448706150054931641e+00 4.664750099182128906e+00
4.751727581024169922e+00 5.974182128906250000e+00 4.734205245971679688e+00 4.991985321044921875e+00 4.359468936920166016e+00 5.651798248291015625e+00 4.275094032287597656e+00 3.076464414596557617e+00 3.657119035720825195e+00 3.182942152023315430e+00 0.000000000000000000e+00 3.803047657012939453e+00 5.064035892486572266e+00 5.291895389556884766e+00 4.423355579376220703e+00 4.350409984588623047e+00 3.796776294708251953e+00 4.854601383209228516e+00 5.458652496337890625e+00 5.622074127197265625e+00 4.745065212249755859e+00 3.668922424316406250e+00 3.856006622314453125e+00 5.530006885528564453e+00 6.108459472656250000e+00 5.871080875396728516e+00 5.521940231323242188e+00 5.260020256042480469e+00 3.637730836868286133e+00 5.742931365966796875e+00 6.202213764190673828e+00 6.027983665466308594e+00 5.347932338714599609e+00 5.375799655914306641e+00 4.377520561218261719e+00 4.679799079895019531e+00
5.008001327514648438e+00 6.314057826995849609e+00 4.935745716094970703e+00 5.499279022216796875e+00 5.915526390075683594e+00 4.359468936920166016e+00 4.387741565704345703e+00 3.480774164199829102e+00 3.714577436447143555e+00 3.732017517089843750e+00 3.803047657012939453e+00 0.000000000000000000e+00 5.650825977325439453e+00 5.997236728668212891e+00 5.030026912689208984e+00 5.294755458831787109e+00 5.847240447998046875e+00 3.796776533126831055e+00 5.433572292327880859e+00 5.745420455932617188e+00 4.657272815704345703e+00 4.001101016998291016e+00 5.299334049224853516e+00 3.856006622314453125e+00 5.744920730590820312e+00 5.642317771911621094e+00 5.062646865844726562e+00 5.116605281829833984e+00 4.734053134918212891e+00 3.637730836868286133e+00 7.153225898742675781e+00 7.121312141418457031e+00 6.383516311645507812e+00 6.664937496185302734e+00 6.734329700469970703e+00 4.377520561218261719e+00
3.762111663818359375e+00 6.294578552246093750e+00 5.922009468078613281e+00 6.140008926391601562e+00 6.331264972686767578e+00 6.696788787841796875e+00 3.796776294708251953e+00 4.237925052642822266e+00 5.531412601470947266e+00 5.241700172424316406e+00 5.064035892486572266e+00 5.650825977325439453e+00 0.000000000000000000e+00 3.836142778396606445e+00 3.873568773269653320e+00 3.806156635284423828e+00 4.275094032287597656e+00 4.387741088867187500e+00 4.236614227294921875e+00 5.667101383209228516e+00 5.634766101837158203e+00 4.776843547821044922e+00 5.703174114227294922e+00 6.329501152038574219e+00 4.283815383911132812e+00 5.278606891632080078e+00 5.710740566253662109e+00 5.469079971313476562e+00 4.876091480255126953e+00 5.945472240447998047e+00 4.706751823425292969e+00 5.690250396728515625e+00 5.776622772216796875e+00 5.812959671020507812e+00 5.688068866729736328e+00 5.188078880310058594e+00
4.256434917449951172e+00 3.762111902236938477e+00 4.716433048248291016e+00 4.743818759918212891e+00 4.529997348785400391e+00 5.192133426666259766e+00 6.348464012145996094e+00 3.796776294708251953e+00 6.300381660461425781e+00 5.848355293273925781e+00 5.291895389556884766e+00 5.997236728668212891e+00 3.836142778396606445e+00 0.000000000000000000e+00 3.596015214920043945e+00 3.169096946716308594e+00 3.076464414596557617e+00 3.480774164199829102e+00 5.763138294219970703e+00 4.236614704132080078e+00 5.497839927673339844e+00 4.350108623504638672e+00 4.925774574279785156e+00 5.785755157470703125e+00 6.186310768127441406e+00 4.283815383911132812e+00 5.978521347045898438e+00 5.538101196289062500e+00 4.490862846374511719e+00 5.780617713928222656e+00 6.431179046630859375e+00 4.706751823425292969e+00 5.982199668884277344e+00 5.816993236541748047e+00 5.294609546661376953e+00 4.926483154296875000e+00
4.821394920349121094e+00 5.650210380554199219e+00 3.762111902236938477e+00 5.243453025817871094e+00 5.410253047943115234e+00 5.786243438720703125e+00 5.314467430114746094e+00 3.872836828231811523e+00 3.796776533126831055e+00 4.690970420837402344e+00 4.423355579376220703e+00 5.030026912689208984e+00 3.873568773269653320e+00 3.596015214920043945e+00 0.000000000000000000e+00 3.192661762237548828e+00 3.657119035720825195e+00 3.714577436447143555e+00 5.844338417053222656e+00 5.615533828735351562e+00 4.236614704132080078e+00 4.441547393798828125e+00 5.369090557098388672e+00 5.984249591827392578e+00 5.839406967163085938e+00 5.179004192352294922e+00 4.283815383911132812e+00 5.134213924407958984e+00 4.429155349731445312e+00 5.535116672515869141e+00 6.398963451385498047e+00 5.863699436187744141e+00 4.706751823425292969e+00 5.769354343414306641e+00 5.589356422424316406e+00 5.025003433227539062e+00
4.425033569335937500e+00 5.088173389434814453e+00 4.604275226593017578e+00 3.762111902236938477e+00 4.783326625823974609e+00 5.519353866577148438e+00 5.507200717926025391e+00 3.835897922515869141e+00 5.216512203216552734e+00 3.796776294708251953e+00 4.350409984588623047e+00 5.294755458831787109e+00 3.806156635284423828e+00 3.169096946716308594e+00 3.192661762237548828e+00 0.000000000000000000e+00 3.182942152023315430e+00 3.732017278671264648e+00 6.484846591949462891e+00 6.087751865386962891e+00 6.046208858489990234e+00 4.236614704132080078e+00 5.830813407897949219e+00 6.660012245178222656e+00 5.980382442474365234e+00 5.110572338104248047e+00 5.543299674987792969e+00 4.283815383911132812e+00 4.307902812957763672e+00 5.740330219268798828e+00 6.284121513366699219e+00 5.527745723724365234e+00 5.604262351989746094e+00 4.706751823425292969e+00 5.201794147491455078e+00 4.943853378295898438e+00
4.977440834045410156e+00 5.168690204620361328e+00 5.077910423278808594e+00 5.068431377410888672e+00 3.762111902236938477e+00 5.692351818084716797e+00 6.303921222686767578e+00 4.444787025451660156e+00 6.001166343688964844e+00 5.492467403411865234e+00 3.796776294708251953e+00 5.847240447998046875e+00 4.275094032287597656e+00 3.076464414596557617e+00 3.657119035720825195e+00 3.182942152023315430e+00 0.000000000000000000e+00 3.803047657012939453e+00 6.318582057952880859e+00 5.528455734252929688e+00 5.815473079681396484e+00 4.707618236541748047e+00 4.236614227294921875e+00 6.242805480957031250e+00 7.034113407135009766e+00 5.955129146575927734e+00 6.620707511901855469e+00 6.197287082672119141e+00 4.283815383911132812e+00 6.588685989379882812e+00 6.964608192443847656e+00 5.933246135711669922e+00 6.309926509857177734e+00 6.124590873718261719e+00 4.706751823425292969e+00 5.495714187622070312e+00
4.686634540557861328e+00 5.057696819305419922e+00 4.735243320465087891e+00 5.069478988647460938e+00 4.983015537261962891e+00 3.762111902236938477e+00 5.950103759765625000e+00 4.134701728820800781e+00 5.579070568084716797e+00 5.352802753448486328e+00 4.854601383209228516e+00 3.796776533126831055e+00 4.387741088867187500e+00 3.480774164199829102e+00 3.714577436447143555e+00 3.732017278671264648e+00 3.803047657012939453e+00 0.000000000000000000e+00 5.860015392303466797e+00 5.162793159484863281e+00 5.261438846588134766e+00 4.404311180114746094e+00 5.084439754486083984e+00 4.236614704132080078e+00 6.313323497772216797e+00 5.245779037475585938e+00 5.801794052124023438e+00 5.621980667114257812e+00 4.713567256927490234e+00 4.283815383911132812e+00 7.476323604583740234e+00 6.653448104858398438e+00 6.830266952514648438e+00 6.908056259155273438e+00 6.559763431549072266e+00 4.706751823425292969e+00
4.301513671875000000e+00 6.672339439392089844e+00 6.373583793640136719e+00 7.187957763671875000e+00 6.937838077545166016e+00 6.806989192962646484e+00 3.856006622314453125e+00 4.354555606842041016e+00 5.679141998291015625e+00 6.127495288848876953e+00 5.458652496337890625e+00 5.433572292327880859e+00 4.236614227294921875e+00 5.763138294219970703e+00 5.844338417053222656e+00 6.484846591949462891e+00 6.318582057952880859e+00 5.860015392303466797e+00 0.000000000000000000e+00 3.836143016815185547e+00 3.873568773269653320e+00 3.806156635284423828e+00 4.275094032287597656e+00 4.387741088867187500e+00 4.484249114990234375e+00 5.492719650268554688e+00 5.964294910430908203e+00 6.425399303436279297e+00 5.406739234924316406e+00 5.851893424987792969e+00 5.000411987304687500e+00 5.981506347656250000e+00 6.117419242858886719e+00 6.801367759704589844e+00 6.237297534942626953e+00 5.187037944793701172e+00
4.681655883789062500e+00 4.301513195037841797e+00 5.219986438751220703e+00 5.993495464324951172e+00 5.293457508087158203e+00 5.281810283660888672e+00 6.340930938720703125e+00 3.856006622314453125e+00 6.387650012969970703e+00 6.612501144409179688e+00 5.622074127197265625e+00 5.745420455932617188e+00 5.667101383209228516e+00 4.236614704132080078e+00 5.615533828735351562e+00 6.087751865386962891e+00 5.528455734252929688e+00 5.162793159484863281e+00 3.836143016815185547e+00 0.000000000000000000e+00 3.596015214920043945e+00 3.169096946716308594e+00 3.076464414596557617e+00 3.480774164199829102e+00 6.283231258392333984e+00 4.484249114990234375e+00 6.176902294158935547e+00 6.441786289215087891e+00 5.007548809051513672e+00 5.635839462280273438e+00 6.607707977294921875e+00 5.000411987304687500e+00 6.268277645111083984e+00 6.764365673065185547e+00 5.833847522735595703e+00 4.869350433349609375e+00
5.137366294860839844e+00 5.968285083770751953e+00 4.301513195037841797e+00 6.344917774200439453e+00 6.009714126586914062e+00 5.810843467712402344e+00 5.243471622467041016e+00 3.846837043762207031e+00 3.856006622314453125e+00 5.556359291076660156e+00 4.745065212249755859e+00 4.657272815704345703e+00 5.634766101837158203e+00 5.497839927673339844e+00 4.236614704132080078e+00 6.046208858489990234e+00 5.815473079681396484e+00 5.261438846588134766e+00 3.873568773269653320e+00 3.596015214920043945e+00 0.000000000000000000e+00 3.192661762237548828e+00 3.657119035720825195e+00 3.714577436447143555e+00 5.886700153350830078e+00 5.284459590911865234e+00 4.484249114990234375e+00 6.044188976287841797e+00 4.885808944702148438e+00 5.322657108306884766e+00 6.526445388793945312e+00 6.048106193542480469e+00 5.000411987304687500e+00 6.674630641937255859e+00 6.048785686492919922e+00 4.902755737304687500e+00
3.783246040344238281e+00 4.601130485534667969e+00 4.139351367950439453e+00 4.301513671875000000e+00 4.616426467895507812e+00 4.725874900817871094e+00 4.600546836853027344e+00 2.469565868377685547e+00 4.387553215026855469e+00 3.856006622314453125e+00 3.668922424316406250e+00 4.001101016998291016e+00 4.776843547821044922e+00 4.350108623504638672e+00 4.441547393798828125e+00 4.236614704132080078e+00 4.707618236541748047e+00 4.404311180114746094e+00 3.806156635284423828e+00 3.169096946716308594e+00 3.192661762237548828e+00 0.000000000000000000e+00 3.182942152023315430e+00 3.732017517089843750e+00 5.282507419586181641e+00 4.336671829223632812e+00 4.906214237213134766e+00 4.484249114990234375e+00 3.794349431991577148e+00 4.714859962463378906e+00 5.720427513122558594e+00 4.933350086212158203e+00 5.083671092987060547e+00 5.000411987304687500e+00 4.898051738739013672e+00 3.848816394805908203e+00
5.042350292205810547e+00 5.283427715301513672e+00 5.257224559783935547e+00 5.996406078338623047e+00 4.301513671875000000e+00 5.494711875915527344e+00 6.040989398956298828e+00 4.130270004272460938e+00 5.828462600708007812e+00 6.044735908508300781e+00 3.856006622314453125e+00 5.299334049224853516e+00 5.703174114227294922e+00 4.925774574279785156e+00 5.369090557098388672e+00 5.830813407897949219e+00 4.236614227294921875e+00 5.084439754486083984e+00 4.275094032287597656e+00 3.076464414596557617e+00 3.657119035720825195e+00 3.182942152023315430e+00 0.000000000000000000e+00 3.803047657012939453e+00 6.894708633422851562e+00 5.837011814117431641e+00 6.564670562744140625e+00 6.788382530212402344e+00 4.484249114990234375e+00 6.213505268096923828e+00 6.903420925140380859e+00 5.907937526702880859e+00 6.337939739227294922e+00 6.802909374237060547e+00 5.000411987304687500e+00 5.147129058837890625e+00
5.401432514190673828e+00 5.774088382720947266e+00 5.553045272827148438e+00 6.521353721618652344e+00 5.978337764739990234e+00 4.301513195037841797e+00 6.222412109375000000e+00 4.578133106231689453e+00 5.970222473144531250e+00 6.448617935180664062e+00 5.530006885528564453e+00 3.856006622314453125e+00 6.329501152038574219e+00 5.785755157470703125e+00 5.984249591827392578e+00 6.660012245178222656e+00 6.242805480957031250e+00 4.236614704132080078e+00 4.387741088867187500e+00 3.480774164199829102e+00 3.714577436447143555e+00 3.732017517089843750e+00 3.803047657012939453e+00 0.000000000000000000e+00 6.669097900390625000e+00 5.717156410217285156e+00 6.283508300781250000e+00 6.770745277404785156e+00 5.525909900665283203e+00 4.484249114990234375e+00 7.849039077758789062e+00 7.108392715454101562e+00 7.318975448608398438e+00 7.940451145172119141e+00 7.241660594940185547e+00 5.000411987304687500e+00
4.514626026153564453e+00 7.145169734954833984e+00 6.483950138092041016e+00 6.845080852508544922e+00 7.691847324371337891e+00 7.302742958068847656e+00 3.637730836868286133e+00 4.688385963439941406e+00 5.491553306579589844e+00 5.405559062957763672e+00 6.108459472656250000e+00 5.744920730590820312e+00 4.283815383911132812e+00 6.186310768127441406e+00 5.839406967163085938e+00 5.980382442474365234e+00 7.034113407135009766e+00 6.313323497772216797e+00 4.484249114990234375e+00 6.283231258392333984e+00 5.886700153350830078e+00 5.282507419586181641e+00 6.894708633422851562e+00 6.669097900390625000e+00 0.000000000000000000e+00 3.836143016815185547e+00 3.873568773269653320e+00 3.806156635284423828e+00 4.275094032287597656e+00 4.387741088867187500e+00 4.499213218688964844e+00 5.972581386566162109e+00 5.674665451049804688e+00 5.899743556976318359e+00 6.579875946044921875e+00 5.221136569976806641e+00
4.375182151794433594e+00 4.514626026153564453e+00 4.900283813476562500e+00 5.143526554107666016e+00 5.864903926849365234e+00 5.498903751373291016e+00 5.823846817016601562e+00 3.637730836868286133e+00 5.835414409637451172e+00 5.544775009155273438e+00 5.871080875396728516e+00 5.642317771911621094e+00 5.278606891632080078e+00 4.283815383911132812e+00 5.179004192352294922e+00 5.110572338104248047e+00 5.955129146575927734e+00 5.245779037475585938e+00 5.492719650268554688e+00 4.484249114990234375e+00 5.284459590911865234e+00 4.336671829223632812e+00 5.837011814117431641e+00 5.717156410217285156e+00 3.836143016815185547e+00 0.000000000000000000e+00 3.596015214920043945e+00 3.169096946716308594e+00 3.076464414596557617e+00 3.480774164199829102e+00 5.852015495300292969e+00 4.499213218688964844e+00 5.423633098602294922e+00 5.445227622985839844e+00 5.811209201812744141e+00 4.405787944793701172e+00
5.360145092010498047e+00 6.527905941009521484e+00 4.514626026153564453e+00 5.992175579071044922e+00 6.899810314178466797e+00 6.420329093933105469e+00 5.130115032196044922e+00 4.275132656097412109e+00 3.637730836868286133e+00 4.796538829803466797e+00 5.521940231323242188e+00 5.062646865844726562e+00 5.710740566253662109e+00 5.978521347045898438e+00 4.283815383911132812e+00 5.543299674987792969e+00 6.620707511901855469e+00 5.801794052124023438e+00 5.964294910430908203e+00 6.176902294158935547e+00 4.484249114990234375e+00 4.906214237213134766e+00 6.564670562744140625e+00 6.283508300781250000e+00 3.873568773269653320e+00 3.596015214920043945e+00 0.000000000000000000e+00 3.192661762237548828e+00 3.657119035720825195e+00 3.714577436447143555e+00 6.188140392303466797e+00 6.077227592468261719e+00 4.499213218688964844e+00 5.793001174926757812e+00 6.437272548675537109e+00 4.985148906707763672e+00
4.783535480499267578e+00 5.864655017852783203e+00 5.024311065673828125e+00 4.514626026153564453e+00 6.247619628906250000e+00 6.001605033874511719e+00 5.120523929595947266e+00 3.975927352905273438e+00 4.883192062377929688e+00 3.637730598449707031e+00 5.260020256042480469e+00 5.116605281829833984e+00 5.469079971313476562e+00 5.538101196289062500e+00 5.134213924407958984e+00 4.283815383911132812e+00 6.197287082672119141e+00 5.621980667114257812e+00 6.425399303436279297e+00 6.441786289215087891e+00 6.044188976287841797e+00 4.484249114990234375e+00 6.788382530212402344e+00 6.770745277404785156e+00 3.806156635284423828e+00 3.169096946716308594e+00 3.192661762237548828e+00 0.000000000000000000e+00 3.182942152023315430e+00 3.732017755508422852e+00 5.886638641357421875e+00 5.560727119445800781e+00 5.226198673248291016e+00 4.499213218688964844e+00 5.922181129455566406e+00 4.675331592559814453e+00
4.260520458221435547e+00 5.029499053955078125e+00 4.461541652679443359e+00 4.689689636230468750e+00 4.514626026153564453e+00 5.294780731201171875e+00 5.070085048675537109e+00 3.305427074432373047e+00 4.766905784606933594e+00 4.365844726562500000e+00 3.637730836868286133e+00 4.734053134918212891e+00 4.876091480255126953e+00 4.490862846374511719e+00 4.429155349731445312e+00 4.307902812957763672e+00 4.283815383911132812e+00 4.713567256927490234e+00 5.406739234924316406e+00 5.007548809051513672e+00 4.885808944702148438e+00 3.794349431991577148e+00 4.484249114990234375e+00 5.525909900665283203e+00 4.275094032287597656e+00 3.076464414596557617e+00 3.657119035720825195e+00 3.182942152023315430e+00 0.000000000000000000e+00 3.803047418594360352e+00 5.808952808380126953e+00 5.064084529876708984e+00 5.079015254974365234e+00 5.067134380340576172e+00 4.499213218688964844e+00 4.206631660461425781e+00
5.092955589294433594e+00 5.895534515380859375e+00 5.209533691406250000e+00 5.709671020507812500e+00 6.454093933105468750e+00 4.514626026153564453e+00 5.653901576995849609e+00 4.343040943145751953e+00 5.332161903381347656e+00 5.304944038391113281e+00 5.742931365966796875e+00 3.637730836868286133e+00 5.945472240447998047e+00 5.780617713928222656e+00 5.535116672515869141e+00 5.740330219268798828e+00 6.588685989379882812e+00 4.283815383911132812e+00 5.851893424987792969e+00 5.635839462280273438e+00 5.322657108306884766e+00 4.714859962463378906e+00 6.213505268096923828e+00 4.484249114990234375e+00 4.387741088867187500e+00 3.480774164199829102e+00 3.714577436447143555e+00 3.732017755508422852e+00 3.803047418594360352e+00 0.000000000000000000e+00 7.192364215850830078e+00 6.731006145477294922e+00 6.574975013732910156e+00 6.817845821380615234e+00 7.191413402557373047e+00 4.499213218688964844e+00
5.105947494506835938e+00 7.485284328460693359e+00 7.125734329223632812e+00 7.243393898010253906e+00 7.750996589660644531e+00 8.441197395324707031e+00 4.377520561218261719e+00 5.215146064758300781e+00 6.255588531494140625e+00 5.922198772430419922e+00 6.202213764190673828e+00 7.153225898742675781e+00 4.706751823425292969e+00 6.431179046630859375e+00 6.398963451385498047e+00 6.284121513366699219e+00 6.964608192443847656e+00 7.476323604583740234e+00 5.000411987304687500e+00 6.607707977294921875e+00 6.526445388793945312e+00 5.720427513122558594e+00 6.903420925140380859e+00 7.849039077758789062e+00 4.499213218688964844e+00 5.852015495300292969e+00 6.188140392303466797e+00 5.886638641357421875e+00 5.808952808380126953e+00 7.192364215850830078e+00 0.000000000000000000e+00 3.836143016815185547e+00 3.873568773269653320e+00 3.806156635284423828e+00 4.275094032287597656e+00 4.387741088867187500e+00
5.054096221923828125e+00 5.105947494506835938e+00 5.784469127655029297e+00 5.725409507751464844e+00 6.001945018768310547e+00 6.991032123565673828e+00 6.368642807006835938e+00 4.377520561218261719e+00 6.613630771636962891e+00 6.108168601989746094e+00 6.027983665466308594e+00 7.121312141418457031e+00 5.690250396728515625e+00 4.706751823425292969e+00 5.863699436187744141e+00 5.527745723724365234e+00 5.933246135711669922e+00 6.653448104858398438e+00 5.981506347656250000e+00 5.000411987304687500e+00 6.048106193542480469e+00 4.933350086212158203e+00 5.907937526702880859e+00 7.108392715454101562e+00 5.972581386566162109e+00 4.499213218688964844e+00 6.077227592468261719e+00 5.560727119445800781e+00 5.064084529876708984e+00 6.731006145477294922e+00 3.836143016815185547e+00 0.000000000000000000e+00 3.596015214920043945e+00 3.169097185134887695e+00 3.076464414596557617e+00 3.480774164199829102e+00
5.601283073425292969e+00 6.674126625061035156e+00 5.105947494506835938e+00 6.202593803405761719e+00 6.743529319763183594e+00 7.489911079406738281e+00 5.403892517089843750e+00 4.521937370300292969e+00 4.377520561218261719e+00 5.080701828002929688e+00 5.347932338714599609e+00 6.383516311645507812e+00 5.776622772216796875e+00 5.982199668884277344e+00 4.706751823425292969e+00 5.604262351989746094e+00 6.309926509857177734e+00 6.830266952514648438e+00 6.117419242858886719e+00 6.268277645111083984e+00 5.000411987304687500e+00 5.083671092987060547e+00 6.337939739227294922e+00 7.318975448608398438e+00 5.674665451049804688e+00 5.423633098602294922e+00 4.499213218688964844e+00 5.226198673248291016e+00 5.079015254974365234e+00 6.574975013732910156e+00 3.873568773269653320e+00 3.596015214920043945e+00 0.000000000000000000e+00 3.192661762237548828e+00 3.657119035720825195e+00 3.714577436447143555e+00
5.352410316467285156e+00 6.280720233917236328e+00 5.835700988769531250e+00 5.105947494506835938e+00 6.326405525207519531e+00 7.349847316741943359e+00 5.676846981048583984e+00 4.593692302703857422e+00 5.735679149627685547e+00 4.377520561218261719e+00 5.375799655914306641e+00 6.664937496185302734e+00 5.812959671020507812e+00 5.816993236541748047e+00 5.769354343414306641e+00 4.706751823425292969e+00 6.124590873718261719e+00 6.908056259155273438e+00 6.801367759704589844e+00 6.764365673065185547e+00 6.674630641937255859e+00 5.000411987304687500e+00 6.802909374237060547e+00 7.940451145172119141e+00 5.899743556976318359e+00 5.445227622985839844e+00 5.793001174926757812e+00 4.499213218688964844e+00 5.067134380340576172e+00 6.817845821380615234e+00 3.806156635284423828e+00 3.169097185134887695e+00 3.192661762237548828e+00 0.000000000000000000e+00 3.182942152023315430e+00 3.732017517089843750e+00
5.349421501159667969e+00 5.920076847076416016e+00 5.780593395233154297e+00 5.690363407135009766e+00 5.105947494506835938e+00 7.122772693634033203e+00 6.034134864807128906e+00 4.573625564575195312e+00 6.039373397827148438e+00 5.448706150054931641e+00 4.377520561218261719e+00 6.734329700469970703e+00 5.688068866729736328e+00 5.294609546661376953e+00 5.589356422424316406e+00 5.201794147491455078e+00 4.706751823425292969e+00 6.559763431549072266e+00 6.237297534942626953e+00 5.833847522735595703e+00 6.048785686492919922e+00 4.898051738739013672e+00 5.000411987304687500e+00 7.241660594940185547e+00 6.579875946044921875e+00 5.811209201812744141e+00 6.437272548675537109e+00 5.922181129455566406e+00 4.499213218688964844e+00 7.191413402557373047e+00 4.275094032287597656e+00 3.076464414596557617e+00 3.657119035720825195e+00 3.182942152023315430e+00 0.000000000000000000e+00 3.803047657012939453e+00
4.403648853302001953e+00 5.243895530700683594e+00 4.861974716186523438e+00 5.096767902374267578e+00 5.507616996765136719e+00 5.105947494506835938e+00 5.065696716308593750e+00 3.441491842269897461e+00 5.017197132110595703e+00 4.664750099182128906e+00 4.679799079895019531e+00 4.377520561218261719e+00 5.188078880310058594e+00 4.926483154296875000e+00 5.025003433227539062e+00 4.943853378295898438e+00 5.495714187622070312e+00 4.706751823425292969e+00 5.187037944793701172e+00 4.869350433349609375e+00 4.902755737304687500e+00 3.848816394805908203e+00 5.147129058837890625e+00 5.000411987304687500e+00 5.221136569976806641e+00 4.405787944793701172e+00 4.985148906707763672e+00 4.675331592559814453e+00 4.206631660461425781e+00 4.499213218688964844e+00 4.387741088867187500e+00 3.480774164199829102e+00 3.714577436447143555e+00 3.732017517089843750e+00 3.803047657012939453e+00 0.000000000000000000e+00
