0.000000000000000000e+00 8.798707008361816406e+00 6.646422863006591797e+00 9.441293716430664062e+00 8.363593101501464844e+00 7.405772686004638672e+00 1.016864109039306641e+01 9.052138328552246094e+00 1.073426914215087891e+01 1.206727981567382812e+01 1.089752101898193359e+01 1.077973937988281250e+01 9.293022155761718750e+00 1.114481163024902344e+01 9.877161026000976562e+00 1.237704372406005859e+01 1.128949832916259766e+01 1.116160297393798828e+01 1.029168415069580078e+01 1.216824436187744141e+01 1.120772075653076172e+01 1.017540931701660156e+01 1.157823562622070312e+01 1.200683212280273438e+01 9.753198623657226562e+00 1.143790054321289062e+01 1.075755310058593750e+01 1.257157993316650391e+01 9.806777954101562500e+00 1.106234550476074219e+01 9.321931838989257812e+00 1.048852443695068359e+01 9.853056907653808594e+00 1.183724594116210938e+01 1.038874530792236328e+01 1.023159217834472656e+01
8.798707008361816406e+00 0.000000000000000000e+00 7.389882087707519531e+00 9.891869544982910156e+00 8.150599479675292969e+00 7.634512424468994141e+00 1.672410774230957031e+01 1.016864109039306641e+01 1.498456668853759766e+01 1.591249847412109375e+01 1.463269901275634766e+01 1.478243446350097656e+01 1.426001930236816406e+01 9.293022155761718750e+00 1.214760780334472656e+01 1.419411659240722656e+01 1.278694725036621094e+01 1.294574546813964844e+01 1.478532409667968750e+01 1.029168415069580078e+01 1.308885955810546875e+01 1.214577484130859375e+01 1.287664413452148438e+01 1.352309608459472656e+01 1.463757896423339844e+01 9.753198623657226562e+00 1.295673465728759766e+01 1.443856906890869141e+01 1.159189701080322266e+01 1.294342899322509766e+01 1.478587627410888672e+01 9.321931838989257812e+00 1.272103118896484375e+01 1.425264644622802734e+01 1.259821796417236328e+01 1.274489212036132812e+01
6.646422863006591797e+00 7.389882087707519531e+00 0.000000000000000000e+00 8.419337272644042969e+00 6.837422847747802734e+00 6.675872325897216797e+00 1.341371917724609375e+01 9.564830780029296875e+00 1.016864109039306641e+01 1.263796329498291016e+01 1.130965518951416016e+01 1.175909137725830078e+01 1.278718280792236328e+01 1.159210205078125000e+01 9.293022155761718750e+00 1.295821380615234375e+01 1.171453380584716797e+01 1.213590049743652344e+01 1.321265983581542969e+01 1.223682880401611328e+01 1.029168319702148438e+01 1.047696781158447266e+01 1.163343715667724609e+01 1.258437633514404297e+01 1.276223564147949219e+01 1.147142219543457031e+01 9.753198623657226562e+00 1.278149986267089844e+01 9.825905799865722656e+00 1.164783859252929688e+01 1.284772205352783203e+01 1.100876426696777344e+01 9.321930885314941406e+00 1.248431777954101562e+01 1.089574718475341797e+01 1.133127975463867188e+01
9.441293716430664062e+00 9.891869544982910156e+00 8.419337272644042969e+00 0.000000000000000000e+00 9.376564025878906250e+00 9.219085693359375000e+00 1.547447490692138672e+01 1.221855545043945312e+01 1.374244880676269531e+01 1.016864109039306641e+01 1.355161571502685547e+01 1.390211772918701172e+01 1.406432819366455078e+01 1.292074680328369141e+01 1.210684490203857422e+01 9.293022155761718750e+00 1.295106410980224609e+01 1.330543136596679688e+01 1.692851448059082031e+01 1.612500572204589844e+01 1.561541271209716797e+01 1.029168319702148438e+01 1.560588455200195312e+01 1.630422973632812500e+01 1.450796890258789062e+01 1.332199764251708984e+01 1.298666667938232422e+01 9.753198623657226562e+00 1.184742259979248047e+01 1.336935997009277344e+01 1.455858898162841797e+01 1.289794731140136719e+01 1.263760566711425781e+01 9.321931838989257812e+00 1.272054767608642578e+01 1.306704235076904297e+01
8.363593101501464844e+00 8.150599479675292969e+00 6.837422847747802734e+00 9.376564025878906250e+00 0.000000000000000000e+00 7.936879158020019531e+00 1.509787845611572266e+01 1.120496368408203125e+01 1.312992477416992188e+01 1.410659885406494141e+01 1.016864109039306641e+01 1.337708187103271484e+01 1.360761260986328125e+01 1.191969108581542969e+01 1.135741519927978516e+01 1.344731521606445312e+01 9.293022155761718750e+00 1.271169281005859375e+01 1.475402832031250000e+01 1.337512969970703125e+01 1.303845500946044922e+01 1.200557231903076172e+01 1.029168415069580078e+01 1.393289375305175781e+01 1.529628181457519531e+01 1.373834991455078125e+01 1.368217945098876953e+01 1.502425479888916016e+01 9.753198623657226562e+00 1.412181758880615234e+01 1.434469127655029297e+01 1.216331577301025391e+01 1.218934822082519531e+01 1.370490360260009766e+01 9.321931838989257812e+00 1.271833801269531250e+01
7.405772686004638672e+00 7.634512424468994141e+00 6.675872325897216797e+00 9.219085693359375000e+00 7.936879158020019531e+00 0.000000000000000000e+00 1.415240955352783203e+01 1.023980998992919922e+01 1.255630779266357422e+01 1.354683303833007812e+01 1.240339851379394531e+01 1.016864109039306641e+01 1.256304264068603516e+01 1.103175735473632812e+01 1.070397090911865234e+01 1.287124919891357422e+01 1.170988845825195312e+01 9.293022155761718750e+00 1.331782436370849609e+01 1.206378555297851562e+01 1.194175624847412109e+01 1.076998996734619141e+01 1.198749923706054688e+01 1.029168415069580078e+01 1.332536029815673828e+01 1.180207347869873047e+01 1.198800086975097656e+01 1.347193622589111328e+01 1.080796718597412109e+01 9.753198623657226562e+00 1.337169742584228516e+01 1.131088447570800781e+01 1.159885692596435547e+01 1.315417480468750000e+01 1.174856662750244141e+01 9.321931838989257812e+00
1.016864109039306641e+01 1.672410774230957031e+01 1.341371917724609375e+01 1.547447490692138672e+01 1.509787845611572266e+01 1.415240955352783203e+01 0.000000000000000000e+00 8.798706054687500000e+00 6.646422863006591797e+00 9.441293716430664062e+00 8.363593101501464844e+00 7.405772686004638672e+00 8.579381942749023438e+00 1.450274658203125000e+01 1.082384014129638672e+01 1.368783378601074219e+01 1.301127529144287109e+01 1.240447044372558594e+01 8.847259521484375000e+00 1.480873775482177734e+01 1.141577529907226562e+01 1.108215904235839844e+01 1.268880462646484375e+01 1.259218883514404297e+01 7.978414535522460938e+00 1.407952594757080078e+01 1.079846477508544922e+01 1.317174720764160156e+01 1.092236614227294922e+01 1.153038024902343750e+01 7.016593456268310547e+00 1.308512973785400391e+01 9.579591751098632812e+00 1.222189140319824219e+01 1.117386150360107422e+01 1.044335269927978516e+01
9.052138328552246094e+00 1.016864109039306641e+01 9.564830780029296875e+00 1.221855545043945312e+01 1.120496368408203125e+01 1.023980998992919922e+01 8.798706054687500000e+00 0.000000000000000000e+00 7.389882564544677734e+00 9.891869544982910156e+00 8.150598526000976562e+00 7.634511947631835938e+00 9.576869964599609375e+00 8.579381942749023438e+00 8.263432502746582031e+00 1.169449615478515625e+01 1.031839370727539062e+01 9.899724960327148438e+00 9.596028327941894531e+00 8.847259521484375000e+00 8.783385276794433594e+00 8.241227149963378906e+00 9.689214706420898438e+00 9.919478416442871094e+00 9.160329818725585938e+00 7.978414535522460938e+00 8.359519004821777344e+00 1.118236541748046875e+01 7.656367778778076172e+00 8.901082038879394531e+00 9.059747695922851562e+00 7.016593456268310547e+00 7.591653347015380859e+00 1.065433597564697266e+01 8.761674880981445312e+00 8.242155075073242188e+00
1.073426914215087891e+01 1.498456668853759766e+01 1.016864109039306641e+01 1.374244880676269531e+01 1.312992477416992188e+01 1.255630779266357422e+01 6.646422863006591797e+00 7.389882564544677734e+00 0.000000000000000000e+00 8.419337272644042969e+00 6.837422847747802734e+00 6.675872325897216797e+00 1.088144969940185547e+01 1.371670341491699219e+01 8.579381942749023438e+00 1.302801704406738281e+01 1.211276817321777344e+01 1.200907611846923828e+01 1.070410919189453125e+01 1.373392963409423828e+01 8.847259521484375000e+00 9.833132743835449219e+00 1.139892196655273438e+01 1.184964370727539062e+01 9.952548980712890625e+00 1.290927314758300781e+01 7.978414535522460938e+00 1.210228633880615234e+01 9.344621658325195312e+00 1.067214393615722656e+01 9.749177932739257812e+00 1.224960041046142578e+01 7.016593456268310547e+00 1.152218723297119141e+01 1.016340446472167969e+01 1.002119636535644531e+01
1.206727981567382812e+01 1.591249847412109375e+01 1.263796329498291016e+01 1.016864109039306641e+01 1.410659885406494141e+01 1.354683303833007812e+01 9.441293716430664062e+00 9.891869544982910156e+00 8.419337272644042969e+00 0.000000000000000000e+00 9.376564025878906250e+00 9.219085693359375000e+00 1.175290679931640625e+01 1.435787200927734375e+01 1.092029380798339844e+01 8.579381942749023438e+00 1.275345134735107422e+01 1.262552833557128906e+01 1.456055641174316406e+01 1.686203765869140625e+01 1.419957733154296875e+01 8.847259521484375000e+00 1.495238494873046875e+01 1.527439212799072266e+01 1.149309825897216797e+01 1.406993579864501953e+01 1.107318019866943359e+01 7.978414058685302734e+00 1.079659938812255859e+01 1.193289279937744141e+01 1.128568172454833984e+01 1.344055271148681641e+01 1.036700820922851562e+01 7.016593933105468750e+00 1.148135089874267578e+01 1.132279491424560547e+01
1.089752101898193359e+01 1.463269901275634766e+01 1.130965518951416016e+01 1.355161571502685547e+01 1.016864109039306641e+01 1.240339851379394531e+01 8.363593101501464844e+00 8.150598526000976562e+00 6.837422847747802734e+00 9.376564025878906250e+00 0.000000000000000000e+00 7.936878681182861328e+00 1.085438537597656250e+01 1.317599582672119141e+01 9.695004463195800781e+00 1.266494941711425781e+01 8.579381942749023438e+00 1.167397308349609375e+01 1.163793849945068359e+01 1.398326396942138672e+01 1.095961856842041016e+01 1.043139934539794922e+01 8.847259521484375000e+00 1.240684127807617188e+01 1.216188621520996094e+01 1.419699859619140625e+01 1.155374050140380859e+01 1.365955924987792969e+01 7.978414535522460938e+00 1.246615123748779297e+01 1.065407752990722656e+01 1.243232631683349609e+01 9.416531562805175781e+00 1.193665027618408203e+01 7.016593456268310547e+00 1.056121540069580078e+01
1.077973937988281250e+01 1.478243446350097656e+01 1.175909137725830078e+01 1.390211772918701172e+01 1.337708187103271484e+01 1.016864109039306641e+01 7.405772686004638672e+00 7.634511947631835938e+00 6.675872325897216797e+00 9.219085693359375000e+00 7.936878681182861328e+00 0.000000000000000000e+00 1.015045070648193359e+01 1.287550354003906250e+01 9.598344802856445312e+00 1.256147766113281250e+01 1.170119667053222656e+01 8.579381942749023438e+00 1.037669086456298828e+01 1.321830081939697266e+01 1.026004314422607422e+01 9.655258178710937500e+00 1.134047412872314453e+01 8.847259521484375000e+00 1.020056247711181641e+01 1.283169746398925781e+01 1.012670135498046875e+01 1.244585704803466797e+01 9.894107818603515625e+00 7.978414535522460938e+00 9.954521179199218750e+00 1.212862682342529297e+01 9.336773872375488281e+00 1.184240722656250000e+01 1.062609958648681641e+01 7.016593456268310547e+00
9.293022155761718750e+00 1.426001930236816406e+01 1.278718280792236328e+01 1.406432819366455078e+01 1.360761260986328125e+01 1.256304264068603516e+01 8.579381942749023438e+00 9.576869964599609375e+00 1.088144969940185547e+01 1.175290679931640625e+01 1.085438537597656250e+01 1.015045070648193359e+01 0.000000000000000000e+00 8.798706054687500000e+00 6.646422863006591797e+00 9.441293716430664062e+00 8.363593101501464844e+00 7.405772686004638672e+00 9.829696655273437500e+00 1.335443782806396484e+01 1.221859550476074219e+01 1.079584217071533203e+01 1.239422893524169922e+01 1.230823230743408203e+01 8.727607727050781250e+00 1.230619621276855469e+01 1.139070129394531250e+01 1.270425033569335938e+01 1.029933643341064453e+01 1.095655345916748047e+01 7.383368015289306641e+00 1.082568836212158203e+01 9.883082389831542969e+00 1.140364646911621094e+01 1.021757793426513672e+01 9.430032730102539062e+00
1.114481163024902344e+01 9.293022155761718750e+00 1.159210205078125000e+01 1.292074680328369141e+01 1.191969108581542969e+01 1.103175735473632812e+01 1.450274658203125000e+01 8.579381942749023438e+00 1.371670341491699219e+01 1.435787200927734375e+01 1.317599582672119141e+01 1.287550354003906250e+01 8.798706054687500000e+00 0.000000000000000000e+00 7.389882087707519531e+00 9.891869544982910156e+00 8.150598526000976562e+00 7.634512424468994141e+00 1.302840518951416016e+01 9.829696655273437500e+00 1.246710300445556641e+01 1.099820041656494141e+01 1.207470989227294922e+01 1.227322292327880859e+01 1.247935390472412109e+01 8.727607727050781250e+00 1.193019008636474609e+01 1.312459278106689453e+01 1.023253726959228516e+01 1.120858097076416016e+01 1.211062335968017578e+01 7.383368015289306641e+00 1.108361721038818359e+01 1.238910865783691406e+01 1.075254917144775391e+01 1.034899330139160156e+01
9.877161026000976562e+00 1.214760780334472656e+01 9.293022155761718750e+00 1.210684490203857422e+01 1.135741519927978516e+01 1.070397090911865234e+01 1.082384014129638672e+01 8.263432502746582031e+00 8.579381942749023438e+00 1.092029380798339844e+01 9.695004463195800781e+00 9.598344802856445312e+00 6.646422863006591797e+00 7.389882087707519531e+00 0.000000000000000000e+00 8.419337272644042969e+00 6.837422847747802734e+00 6.675872325897216797e+00 1.150224781036376953e+01 1.212592220306396484e+01 9.829696655273437500e+00 9.476351737976074219e+00 1.104180145263671875e+01 1.152033805847167969e+01 1.053299808502197266e+01 1.091941165924072266e+01 8.727607727050781250e+00 1.156473827362060547e+01 8.571754455566406250e+00 1.001827621459960938e+01 9.985128402709960938e+00 9.767415046691894531e+00 7.383368015289306641e+00 1.062092781066894531e+01 9.067155838012695312e+00 8.925304412841796875e+00
1.237704372406005859e+01 1.419411659240722656e+01 1.295821380615234375e+01 9.293022155761718750e+00 1.344731521606445312e+01 1.287124919891357422e+01 1.368783378601074219e+01 1.169449615478515625e+01 1.302801704406738281e+01 8.579381942749023438e+00 1.266494941711425781e+01 1.256147766113281250e+01 9.441293716430664062e+00 9.891869544982910156e+00 8.419337272644042969e+00 0.000000000000000000e+00 9.376564025878906250e+00 9.219085693359375000e+00 1.596783542633056641e+01 1.637020683288574219e+01 1.565934658050537109e+01 9.829696655273437500e+00 1.551766490936279297e+01 1.583822536468505859e+01 1.300847244262695312e+01 1.325841140747070312e+01 1.266371059417724609e+01 8.727607727050781250e+00 1.131184196472167969e+01 1.241383552551269531e+01 1.254038047790527344e+01 1.229782104492187500e+01 1.174711036682128906e+01 7.383367538452148438e+00 1.166096687316894531e+01 1.151870632171630859e+01
1.128949832916259766e+01 1.278694725036621094e+01 1.171453380584716797e+01 1.295106410980224609e+01 9.293022155761718750e+00 1.170988845825195312e+01 1.301127529144287109e+01 1.031839370727539062e+01 1.211276817321777344e+01 1.275345134735107422e+01 8.579381942749023438e+00 1.170119667053222656e+01 8.363593101501464844e+00 8.150598526000976562e+00 6.837422847747802734e+00 9.376564025878906250e+00 0.000000000000000000e+00 7.936879158020019531e+00 1.339881896972656250e+01 1.342802333831787109e+01 1.283842754364013672e+01 1.132642269134521484e+01 9.829696655273437500e+00 1.313761329650878906e+01 1.364424133300781250e+01 1.343510246276855469e+01 1.312889957427978516e+01 1.415006637573242188e+01 8.727607727050781250e+00 1.297070312500000000e+01 1.202200889587402344e+01 1.123723602294921875e+01 1.096884822845458984e+01 1.220204830169677734e+01 7.383368015289306641e+00 1.082307720184326172e+01
1.116160297393798828e+01 1.294574546813964844e+01 1.213590049743652344e+01 1.330543136596679688e+01 1.271169281005859375e+01 9.293022155761718750e+00 1.240447044372558594e+01 9.899724960327148438e+00 1.200907611846923828e+01 1.262552833557128906e+01 1.167397308349609375e+01 8.579381942749023438e+00 7.405772686004638672e+00 7.634512424468994141e+00 6.675872325897216797e+00 9.219085693359375000e+00 7.936879158020019531e+00 0.000000000000000000e+00 1.230627059936523438e+01 1.261687088012695312e+01 1.223365306854248047e+01 1.060092449188232422e+01 1.210938358306884766e+01 9.829696655273437500e+00 1.191583538055419922e+01 1.197002696990966797e+01 1.187901306152343750e+01 1.297004318237304688e+01 1.049243640899658203e+01 8.727607727050781250e+00 1.139270210266113281e+01 1.088568496704101562e+01 1.088584995269775391e+01 1.209672451019287109e+01 1.085713386535644531e+01 7.383368015289306641e+00
1.029168415069580078e+01 1.478532409667968750e+01 1.321265983581542969e+01 1.692851448059082031e+01 1.475402832031250000e+01 1.331782436370849609e+01 8.847259521484375000e+00 9.596028327941894531e+00 1.070410919189453125e+01 1.456055641174316406e+01 1.163793849945068359e+01 1.037669086456298828e+01 9.829696655273437500e+00 1.302840518951416016e+01 1.150224781036376953e+01 1.596783542633056641e+01 1.339881896972656250e+01 1.230627059936523438e+01 0.000000000000000000e+00 8.798706054687500000e+00 6.646422863006591797e+00 9.441293716430664062e+00 8.363594055175781250e+00 7.405773162841796875e+00 9.025576591491699219e+00 1.234631633758544922e+01 1.124907970428466797e+01 1.535899257659912109e+01 1.114997482299804688e+01 1.119427585601806641e+01 8.031052589416503906e+00 1.108505249023437500e+01 9.958052635192871094e+00 1.446504688262939453e+01 1.128442764282226562e+01 9.944097518920898438e+00
1.216824436187744141e+01 1.029168415069580078e+01 1.223682880401611328e+01 1.612500572204589844e+01 1.337512969970703125e+01 1.206378555297851562e+01 1.480873775482177734e+01 8.847259521484375000e+00 1.373392963409423828e+01 1.686203765869140625e+01 1.398326396942138672e+01 1.321830081939697266e+01 1.335443782806396484e+01 9.829696655273437500e+00 1.212592220306396484e+01 1.637020683288574219e+01 1.342802333831787109e+01 1.261687088012695312e+01 8.798706054687500000e+00 0.000000000000000000e+00 7.389882087707519531e+00 9.891869544982910156e+00 8.150598526000976562e+00 7.634512424468994141e+00 1.285787868499755859e+01 9.025576591491699219e+00 1.197597599029541016e+01 1.584476089477539062e+01 1.128057193756103516e+01 1.162750625610351562e+01 1.268667507171630859e+01 8.031052589416503906e+00 1.134173393249511719e+01 1.539432811737060547e+01 1.195230388641357422e+01 1.101644420623779297e+01
1.120772075653076172e+01 1.308885955810546875e+01 1.029168319702148438e+01 1.561541271209716797e+01 1.303845500946044922e+01 1.194175624847412109e+01 1.141577529907226562e+01 8.783385276794433594e+00 8.847259521484375000e+00 1.419957733154296875e+01 1.095961856842041016e+01 1.026004314422607422e+01 1.221859550476074219e+01 1.246710300445556641e+01 9.829696655273437500e+00 1.565934658050537109e+01 1.283842754364013672e+01 1.223365306854248047e+01 6.646422863006591797e+00 7.389882087707519531e+00 0.000000000000000000e+00 8.419337272644042969e+00 6.837422847747802734e+00 6.675871849060058594e+00 1.116826438903808594e+01 1.134543037414550781e+01 9.025576591491699219e+00 1.472209262847900391e+01 1.001083278656005859e+01 1.068306159973144531e+01 1.087118530273437500e+01 1.046811485290527344e+01 8.031053543090820312e+00 1.415961647033691406e+01 1.066062450408935547e+01 9.905393600463867188e+00
1.017540931701660156e+01 1.214577484130859375e+01 1.047696781158447266e+01 1.029168319702148438e+01 1.200557231903076172e+01 1.076998996734619141e+01 1.108215904235839844e+01 8.241227149963378906e+00 9.833132743835449219e+00 8.847259521484375000e+00 1.043139934539794922e+01 9.655258178710937500e+00 1.079584217071533203e+01 1.099820041656494141e+01 9.476351737976074219e+00 9.829696655273437500e+00 1.132642269134521484e+01 1.060092449188232422e+01 9.441293716430664062e+00 9.891869544982910156e+00 8.419337272644042969e+00 0.000000000000000000e+00 9.376564025878906250e+00 9.219085693359375000e+00 1.026155281066894531e+01 1.037129497528076172e+01 9.378300666809082031e+00 9.025576591491699219e+00 8.774544715881347656e+00 9.495174407958984375e+00 9.901214599609375000e+00 9.365278244018554688e+00 8.382800102233886719e+00 8.031052589416503906e+00 9.471367835998535156e+00 8.569093704223632812e+00
1.157823562622070312e+01 1.287664413452148438e+01 1.163343715667724609e+01 1.560588455200195312e+01 1.029168415069580078e+01 1.198749923706054688e+01 1.268880462646484375e+01 9.689214706420898438e+00 1.139892196655273438e+01 1.495238494873046875e+01 8.847259521484375000e+00 1.134047412872314453e+01 1.239422893524169922e+01 1.207470989227294922e+01 1.104180145263671875e+01 1.551766490936279297e+01 9.829696655273437500e+00 1.210938358306884766e+01 8.363594055175781250e+00 8.150598526000976562e+00 6.837422847747802734e+00 9.376564025878906250e+00 0.000000000000000000e+00 7.936878681182861328e+00 1.336037063598632812e+01 1.298211479187011719e+01 1.249823760986328125e+01 1.617928695678710938e+01 9.025576591491699219e+00 1.267080020904541016e+01 1.189775943756103516e+01 1.090883064270019531e+01 1.043299579620361328e+01 1.466726684570312500e+01 8.031052589416503906e+00 1.068376541137695312e+01
1.200683212280273438e+01 1.352309608459472656e+01 1.258437633514404297e+01 1.630422973632812500e+01 1.393289375305175781e+01 1.029168415069580078e+01 1.259218883514404297e+01 9.919478416442871094e+00 1.184964370727539062e+01 1.527439212799072266e+01 1.240684127807617188e+01 8.847259521484375000e+00 1.230823230743408203e+01 1.227322292327880859e+01 1.152033805847167969e+01 1.583822536468505859e+01 1.313761329650878906e+01 9.829696655273437500e+00 7.405773162841796875e+00 7.634512424468994141e+00 6.675871849060058594e+00 9.219085693359375000e+00 7.936878681182861328e+00 0.000000000000000000e+00 1.213676929473876953e+01 1.201227283477783203e+01 1.174430847167968750e+01 1.558033370971679688e+01 1.132964992523193359e+01 9.025576591491699219e+00 1.182376861572265625e+01 1.114473533630371094e+01 1.095506095886230469e+01 1.501830005645751953e+01 1.186764049530029297e+01 8.031052589416503906e+00
9.753198623657226562e+00 1.463757896423339844e+01 1.276223564147949219e+01 1.450796890258789062e+01 1.529628181457519531e+01 1.332536029815673828e+01 7.978414535522460938e+00 9.160329818725585938e+00 9.952548980712890625e+00 1.149309825897216797e+01 1.216188621520996094e+01 1.020056247711181641e+01 8.727607727050781250e+00 1.247935390472412109e+01 1.053299808502197266e+01 1.300847244262695312e+01 1.364424133300781250e+01 1.191583538055419922e+01 9.025576591491699219e+00 1.285787868499755859e+01 1.116826438903808594e+01 1.026155281066894531e+01 1.336037063598632812e+01 1.213676929473876953e+01 0.000000000000000000e+00 8.798706054687500000e+00 6.646422863006591797e+00 9.441293716430664062e+00 8.363593101501464844e+00 7.405772686004638672e+00 6.848675251007080078e+00 1.057032108306884766e+01 8.981287956237792969e+00 1.124031066894531250e+01 1.169759082794189453e+01 9.606575965881347656e+00
1.143790054321289062e+01 9.753198623657226562e+00 1.147142219543457031e+01 1.332199764251708984e+01 1.373834991455078125e+01 1.180207347869873047e+01 1.407952594757080078e+01 7.978414535522460938e+00 1.290927314758300781e+01 1.406993579864501953e+01 1.419699859619140625e+01 1.283169746398925781e+01 1.230619621276855469e+01 8.727607727050781250e+00 1.091941165924072266e+01 1.325841140747070312e+01 1.343510246276855469e+01 1.197002696990966797e+01 1.234631633758544922e+01 9.025576591491699219e+00 1.134543037414550781e+01 1.037129497528076172e+01 1.298211479187011719e+01 1.201227283477783203e+01 8.798706054687500000e+00 0.000000000000000000e+00 7.389882087707519531e+00 9.891869544982910156e+00 8.150599479675292969e+00 7.634511947631835938e+00 1.170091724395751953e+01 6.848675251007080078e+00 1.018277263641357422e+01 1.215094852447509766e+01 1.207916069030761719e+01 1.040752124786376953e+01
1.075755310058593750e+01 1.295673465728759766e+01 9.753198623657226562e+00 1.298666667938232422e+01 1.368217945098876953e+01 1.198800086975097656e+01 1.079846477508544922e+01 8.359519004821777344e+00 7.978414535522460938e+00 1.107318019866943359e+01 1.155374050140380859e+01 1.012670135498046875e+01 1.139070129394531250e+01 1.193019008636474609e+01 8.727607727050781250e+00 1.266371059417724609e+01 1.312889957427978516e+01 1.187901306152343750e+01 1.124907970428466797e+01 1.197597599029541016e+01 9.025576591491699219e+00 9.378300666809082031e+00 1.249823760986328125e+01 1.174430847167968750e+01 6.646422863006591797e+00 7.389882087707519531e+00 0.000000000000000000e+00 8.419337272644042969e+00 6.837422370910644531e+00 6.675872325897216797e+00 1.007447528839111328e+01 9.966974258422851562e+00 6.848675251007080078e+00 1.088611698150634766e+01 1.113777637481689453e+01 9.613732337951660156e+00
1.257157993316650391e+01 1.443856906890869141e+01 1.278149986267089844e+01 9.753198623657226562e+00 1.502425479888916016e+01 1.347193622589111328e+01 1.317174720764160156e+01 1.118236541748046875e+01 1.210228633880615234e+01 7.978414058685302734e+00 1.365955924987792969e+01 1.244585704803466797e+01 1.270425033569335938e+01 1.312459278106689453e+01 1.156473827362060547e+01 8.727607727050781250e+00 1.415006637573242188e+01 1.297004318237304688e+01 1.535899257659912109e+01 1.584476089477539062e+01 1.472209262847900391e+01 9.025576591491699219e+00 1.617928695678710938e+01 1.558033370971679688e+01 9.441293716430664062e+00 9.891869544982910156e+00 8.419337272644042969e+00 0.000000000000000000e+00 9.376564025878906250e+00 9.219085693359375000e+00 1.207228946685791016e+01 1.191055679321289062e+01 1.081996536254882812e+01 6.848674774169921875e+00 1.282582092285156250e+01 1.149478816986083984e+01
9.806777954101562500e+00 1.159189701080322266e+01 9.825905799865722656e+00 1.184742259979248047e+01 9.753198623657226562e+00 1.080796718597412109e+01 1.092236614227294922e+01 7.656367778778076172e+00 9.344621658325195312e+00 1.079659938812255859e+01 7.978414535522460938e+00 9.894107818603515625e+00 1.029933643341064453e+01 1.023253726959228516e+01 8.571754455566406250e+00 1.131184196472167969e+01 8.727607727050781250e+00 1.049243640899658203e+01 1.114997482299804688e+01 1.128057193756103516e+01 1.001083278656005859e+01 8.774544715881347656e+00 9.025576591491699219e+00 1.132964992523193359e+01 8.363593101501464844e+00 8.150599479675292969e+00 6.837422370910644531e+00 9.376564025878906250e+00 0.000000000000000000e+00 7.936879158020019531e+00 9.842481613159179688e+00 8.987052917480468750e+00 7.953574180603027344e+00 1.025411605834960938e+01 6.848675251007080078e+00 8.969685554504394531e+00
1.106234550476074219e+01 1.294342899322509766e+01 1.164783859252929688e+01 1.336935997009277344e+01 1.412181758880615234e+01 9.753198623657226562e+00 1.153038024902343750e+01 8.901082038879394531e+00 1.067214393615722656e+01 1.193289279937744141e+01 1.246615123748779297e+01 7.978414535522460938e+00 1.095655345916748047e+01 1.120858097076416016e+01 1.001827621459960938e+01 1.241383552551269531e+01 1.297070312500000000e+01 8.727607727050781250e+00 1.119427585601806641e+01 1.162750625610351562e+01 1.068306159973144531e+01 9.495174407958984375e+00 1.267080020904541016e+01 9.025576591491699219e+00 7.405772686004638672e+00 7.634511947631835938e+00 6.675872325897216797e+00 9.219085693359375000e+00 7.936879158020019531e+00 0.000000000000000000e+00 1.054577445983886719e+01 1.010266017913818359e+01 9.514168739318847656e+00 1.147439002990722656e+01 1.180430126190185547e+01 6.848675251007080078e+00
9.321931838989257812e+00 1.478587627410888672e+01 1.284772205352783203e+01 1.455858898162841797e+01 1.434469127655029297e+01 1.337169742584228516e+01 7.016593456268310547e+00 9.059747695922851562e+00 9.749177932739257812e+00 1.128568172454833984e+01 1.065407752990722656e+01 9.954521179199218750e+00 7.383368015289306641e+00 1.211062335968017578e+01 9.985128402709960938e+00 1.254038047790527344e+01 1.202200889587402344e+01 1.139270210266113281e+01 8.031052589416503906e+00 1.268667507171630859e+01 1.087118530273437500e+01 9.901214599609375000e+00 1.189775943756103516e+01 1.182376861572265625e+01 6.848675251007080078e+00 1.170091724395751953e+01 1.007447528839111328e+01 1.207228946685791016e+01 9.842481613159179688e+00 1.054577445983886719e+01 0.000000000000000000e+00 8.798707008361816406e+00 6.646422863006591797e+00 9.441293716430664062e+00 8.363593101501464844e+00 7.405772686004638672e+00
1.048852443695068359e+01 9.321931838989257812e+00 1.100876426696777344e+01 1.289794731140136719e+01 1.216331577301025391e+01 1.131088447570800781e+01 1.308512973785400391e+01 7.016593456268310547e+00 1.224960041046142578e+01 1.344055271148681641e+01 1.243232631683349609e+01 1.212862682342529297e+01 1.082568836212158203e+01 7.383368015289306641e+00 9.767415046691894531e+00 1.229782104492187500e+01 1.123723602294921875e+01 1.088568496704101562e+01 1.108505249023437500e+01 8.031052589416503906e+00 1.046811485290527344e+01 9.365278244018554688e+00 1.090883064270019531e+01 1.114473533630371094e+01 1.057032108306884766e+01 6.848675251007080078e+00 9.966974258422851562e+00 1.191055679321289062e+01 8.987052917480468750e+00 1.010266017913818359e+01 8.798707008361816406e+00 0.000000000000000000e+00 7.389882087707519531e+00 9.891869544982910156e+00 8.150598526000976562e+00 7.634512424468994141e+00
9.853056907653808594e+00 1.272103118896484375e+01 9.321930885314941406e+00 1.263760566711425781e+01 1.218934822082519531e+01 1.159885692596435547e+01 9.579591751098632812e+00 7.591653347015380859e+00 7.016593456268310547e+00 1.036700820922851562e+01 9.416531562805175781e+00 9.336773872375488281e+00 9.883082389831542969e+00 1.108361721038818359e+01 7.383368015289306641e+00 1.174711036682128906e+01 1.096884822845458984e+01 1.088584995269775391e+01 9.958052635192871094e+00 1.134173393249511719e+01 8.031053543090820312e+00 8.382800102233886719e+00 1.043299579620361328e+01 1.095506095886230469e+01 8.981287956237792969e+00 1.018277263641357422e+01 6.848675251007080078e+00 1.081996536254882812e+01 7.953574180603027344e+00 9.514168739318847656e+00 6.646422863006591797e+00 7.389882087707519531e+00 0.000000000000000000e+00 8.419337272644042969e+00 6.837422847747802734e+00 6.675872325897216797e+00
1.183724594116210938e+01 1.425264644622802734e+01 1.248431777954101562e+01 9.321931838989257812e+00 1.370490360260009766e+01 1.315417480468750000e+01 1.222189140319824219e+01 1.065433597564697266e+01 1.152218723297119141e+01 7.016593933105468750e+00 1.193665027618408203e+01 1.184240722656250000e+01 1.140364646911621094e+01 1.238910865783691406e+01 1.062092781066894531e+01 7.383367538452148438e+00 1.220204830169677734e+01 1.209672451019287109e+01 1.446504688262939453e+01 1.539432811737060547e+01 1.415961647033691406e+01 8.031052589416503906e+00 1.466726684570312500e+01 1.501830005645751953e+01 1.124031066894531250e+01 1.215094852447509766e+01 1.088611698150634766e+01 6.848674774169921875e+00 1.025411605834960938e+01 1.147439002990722656e+01 9.441293716430664062e+00 9.891869544982910156e+00 8.419337272644042969e+00 0.000000000000000000e+00 9.376564025878906250e+00 9.219085693359375000e+00
1.038874530792236328e+01 1.259821796417236328e+01 1.089574718475341797e+01 1.272054767608642578e+01 9.321931838989257812e+00 1.174856662750244141e+01 1.117386150360107422e+01 8.761674880981445312e+00 1.016340446472167969e+01 1.148135089874267578e+01 7.016593456268310547e+00 1.062609958648681641e+01 1.021757793426513672e+01 1.075254917144775391e+01 9.067155838012695312e+00 1.166096687316894531e+01 7.383368015289306641e+00 1.085713386535644531e+01 1.128442764282226562e+01 1.195230388641357422e+01 1.066062450408935547e+01 9.471367835998535156e+00 8.031052589416503906e+00 1.186764049530029297e+01 1.169759082794189453e+01 1.207916069030761719e+01 1.113777637481689453e+01 1.282582092285156250e+01 6.848675251007080078e+00 1.180430126190185547e+01 8.363593101501464844e+00 8.150598526000976562e+00 6.837422847747802734e+00 9.376564025878906250e+00 0.000000000000000000e+00 7.936879158020019531e+00
1.023159217834472656e+01 1.274489212036132812e+01 1.133127975463867188e+01 1.306704235076904297e+01 1.271833801269531250e+01 9.321931838989257812e+00 1.044335269927978516e+01 8.242155075073242188e+00 1.002119636535644531e+01 1.132279491424560547e+01 1.056121540069580078e+01 7.016593456268310547e+00 9.430032730102539062e+00 1.034899330139160156e+01 8.925304412841796875e+00 1.151870632171630859e+01 1.082307720184326172e+01 7.383368015289306641e+00 9.944097518920898438e+00 1.101644420623779297e+01 9.905393600463867188e+00 8.569093704223632812e+00 1.068376541137695312e+01 8.031052589416503906e+00 9.606575965881347656e+00 1.040752124786376953e+01 9.613732337951660156e+00 1.149478816986083984e+01 8.969685554504394531e+00 6.848675251007080078e+00 7.405772686004638672e+00 7.634512424468994141e+00 6.675872325897216797e+00 9.219085693359375000e+00 7.936879158020019531e+00 0.000000000000000000e+00
