0.000000000000000000e+00 3.812441349029541016e+00 3.939422845840454102e+00 3.718089342117309570e+00 4.113486289978027344e+00 4.331717967987060547e+00 4.379986763000488281e+00 3.362024784088134766e+00 5.572346210479736328e+00 4.825185298919677734e+00 4.663224697113037109e+00 5.096514701843261719e+00 3.782984018325805664e+00 4.368008613586425781e+00 4.998983383178710938e+00 4.503947734832763672e+00 4.939331531524658203e+00 4.796743392944335938e+00 4.288906574249267578e+00 4.839590549468994141e+00 5.380652904510498047e+00 3.952692270278930664e+00 5.106163024902343750e+00 5.565539360046386719e+00 4.641572952270507812e+00 4.420516014099121094e+00 5.539224624633789062e+00 4.846161842346191406e+00 4.260290622711181641e+00 5.171349048614501953e+00 5.053783416748046875e+00 5.143705844879150391e+00 5.868082046508789062e+00 5.475467681884765625e+00 5.408349990844726562e+00 4.668569564819335938e+00
3.812441349029541016e+00 0.000000000000000000e+00 3.782876968383789062e+00 3.292888879776000977e+00 3.046672344207763672e+00 3.612569570541381836e+00 7.492313385009765625e+00 4.379986763000488281e+00 7.228964805603027344e+00 6.535832881927490234e+00 6.043416023254394531e+00 6.532773017883300781e+00 6.213843345642089844e+00 3.782984018325805664e+00 5.791987419128417969e+00 5.202946662902832031e+00 5.150205612182617188e+00 5.202096462249755859e+00 6.514386177062988281e+00 4.288906574249267578e+00 6.103304862976074219e+00 4.706431865692138672e+00 5.286032199859619141e+00 5.896601676940917969e+00 7.253747463226318359e+00 4.641572952270507812e+00 6.783219814300537109e+00 6.086227893829345703e+00 5.200910091400146484e+00 6.129247665405273438e+00 7.327561855316162109e+00 5.053783416748046875e+00 6.844210624694824219e+00 6.373178958892822266e+00 5.935438156127929688e+00 5.449783802032470703e+00
3.939422845840454102e+00 3.782876968383789062e+00 0.000000000000000000e+00 3.403164625167846680e+00 3.802085876464843750e+00 3.877605676651000977e+00 6.193191051483154297e+00 3.838091611862182617e+00 4.379986763000488281e+00 4.969108104705810547e+00 4.788844585418701172e+00 5.089085578918457031e+00 5.888141155242919922e+00 4.867764472961425781e+00 3.782984018325805664e+00 4.783625125885009766e+00 5.174191951751708984e+00 4.911311626434326172e+00 6.235071659088134766e+00 5.306546211242675781e+00 4.288906574249267578e+00 4.282927036285400391e+00 5.345122814178466797e+00 5.675352573394775391e+00 6.591167926788330078e+00 5.069186210632324219e+00 4.641572952270507812e+00 5.255745410919189453e+00 4.697382450103759766e+00 5.421728134155273438e+00 6.905445098876953125e+00 5.732237339019775391e+00 5.053783416748046875e+00 5.862036705017089844e+00 5.780201435089111328e+00 4.969202518463134766e+00
3.718089342117309570e+00 3.292888879776000977e+00 3.403164625167846680e+00 0.000000000000000000e+00 3.155096530914306641e+00 3.725015878677368164e+00 6.537164688110351562e+00 4.163853645324707031e+00 6.069561481475830078e+00 4.379986763000488281e+00 4.950311660766601562e+00 5.550899505615234375e+00 5.998730659484863281e+00 4.820530891418457031e+00 5.376051425933837891e+00 3.782984018325805664e+00 5.027968406677246094e+00 5.096108436584472656e+00 6.986704826354980469e+00 6.027037143707275391e+00 6.450506687164306641e+00 4.288906574249267578e+00 5.975106239318847656e+00 6.533171176910400391e+00 6.873971939086914062e+00 5.266162395477294922e+00 6.215189933776855469e+00 4.641572952270507812e+00 4.802815437316894531e+00 5.808434486389160156e+00 6.982054710388183594e+00 5.670122623443603516e+00 6.315143108367919922e+00 5.053783416748046875e+00 5.627457618713378906e+00 5.127540111541748047e+00
4.113486289978027344e+00 3.046672344207763672e+00 3.802085876464843750e+00 3.155096530914306641e+00 0.000000000000000000e+00 3.703604221343994141e+00 7.103832244873046875e+00 4.517754077911376953e+00 6.659372329711914062e+00 5.811388969421386719e+00 4.379986286163330078e+00 5.940265178680419922e+00 6.169804096221923828e+00 4.545519351959228516e+00 5.546294689178466797e+00 4.821901798248291016e+00 3.782984018325805664e+00 4.979598045349121094e+00 6.675184249877929688e+00 5.235621452331542969e+00 6.093506336212158203e+00 4.582227706909179688e+00 4.288906574249267578e+00 5.930490493774414062e+00 7.666802406311035156e+00 5.882461547851562500e+00 7.066450119018554688e+00 6.319067955017089844e+00 4.641572952270507812e+00 6.481562137603759766e+00 7.461417198181152344e+00 5.866554737091064453e+00 6.825132846832275391e+00 6.270761013031005859e+00 5.053783416748046875e+00 5.473544597625732422e+00
4.331717967987060547e+00 3.612569570541381836e+00 3.877605676651000977e+00 3.725015878677368164e+00 3.703604221343994141e+00 0.000000000000000000e+00 7.065525531768798828e+00 4.668271541595458984e+00 6.522378921508789062e+00 5.942015647888183594e+00 5.524054050445556641e+00 4.379986763000488281e+00 6.568161964416503906e+00 5.259415149688720703e+00 5.879848003387451172e+00 5.513900279998779297e+00 5.590966224670410156e+00 3.782984018325805664e+00 6.583446979522705078e+00 5.302910804748535156e+00 5.886550426483154297e+00 4.675318241119384766e+00 5.389998912811279297e+00 4.288906574249267578e+00 7.339829921722412109e+00 5.623347282409667969e+00 6.615505695343017578e+00 6.091138362884521484e+00 5.339580535888671875e+00 4.641572952270507812e+00 8.173951148986816406e+00 6.890763759613037109e+00 7.513995647430419922e+00 7.248535633087158203e+00 6.968151092529296875e+00 5.053783416748046875e+00
4.379986763000488281e+00 7.492313385009765625e+00 6.193191051483154297e+00 6.537164688110351562e+00 7.103832244873046875e+00 7.065525531768798828e+00 0.000000000000000000e+00 3.812441349029541016e+00 3.939422845840454102e+00 3.718089342117309570e+00 4.113486289978027344e+00 4.331717967987060547e+00 3.883719205856323242e+00 6.501351833343505859e+00 5.423507213592529297e+00 5.548325061798095703e+00 6.287184715270996094e+00 5.979519367218017578e+00 3.923058748245239258e+00 6.544698238372802734e+00 5.440530776977539062e+00 4.727102756500244141e+00 6.117839336395263672e+00 6.320165157318115234e+00 3.498651027679443359e+00 5.714288234710693359e+00 5.003164768218994141e+00 4.889550685882568359e+00 4.817242145538330078e+00 5.423357486724853516e+00 4.336338043212890625e+00 6.491270065307617188e+00 5.599086284637451172e+00 5.741942882537841797e+00 6.072292327880859375e+00 5.199253082275390625e+00
3.362024784088134766e+00 4.379986763000488281e+00 3.838091611862182617e+00 4.163853645324707031e+00 4.517754077911376953e+00 4.668271541595458984e+00 3.812441349029541016e+00 0.000000000000000000e+00 3.782876968383789062e+00 3.292888879776000977e+00 3.046672344207763672e+00 3.612569570541381836e+00 4.119270324707031250e+00 3.883719205856323242e+00 3.944101810455322266e+00 3.892716646194458008e+00 4.386403083801269531e+00 4.170363903045654297e+00 4.125181198120117188e+00 3.923058748245239258e+00 3.934781312942504883e+00 2.540954113006591797e+00 4.108699798583984375e+00 4.617725849151611328e+00 4.571371555328369141e+00 3.498651027679443359e+00 4.236146450042724609e+00 3.879278898239135742e+00 3.112786293029785156e+00 4.221594333648681641e+00 4.953835964202880859e+00 4.336338043212890625e+00 4.619830131530761719e+00 4.603345394134521484e+00 4.520633220672607422e+00 3.538511991500854492e+00
5.572346210479736328e+00 7.228964805603027344e+00 4.379986763000488281e+00 6.069561481475830078e+00 6.659372329711914062e+00 6.522378921508789062e+00 3.939422845840454102e+00 3.782876968383789062e+00 0.000000000000000000e+00 3.403164625167846680e+00 3.802085876464843750e+00 3.877605676651000977e+00 5.638281822204589844e+00 6.575022697448730469e+00 3.883719205856323242e+00 5.452444076538085938e+00 6.184793949127197266e+00 5.763210773468017578e+00 5.676222801208496094e+00 6.627110481262207031e+00 3.923058748245239258e+00 4.627407550811767578e+00 6.022715568542480469e+00 6.125895977020263672e+00 5.521554470062255859e+00 5.929291725158691406e+00 3.498651027679443359e+00 4.938926696777343750e+00 4.844467163085937500e+00 5.330366611480712891e+00 6.107044696807861328e+00 6.699637413024902344e+00 4.336338520050048828e+00 5.805201530456542969e+00 6.113994121551513672e+00 5.126147747039794922e+00
4.825185298919677734e+00 6.535832881927490234e+00 4.969108104705810547e+00 4.379986763000488281e+00 5.811388969421386719e+00 5.942015647888183594e+00 3.718089342117309570e+00 3.292888879776000977e+00 3.403164625167846680e+00 0.000000000000000000e+00 3.155096530914306641e+00 3.725015640258789062e+00 5.199136257171630859e+00 6.058014869689941406e+00 4.858029842376708984e+00 3.883719205856323242e+00 5.539504051208496094e+00 5.384252071380615234e+00 6.006967544555664062e+00 6.783109188079833984e+00 5.703588962554931641e+00 3.923058748245239258e+00 6.109901428222656250e+00 6.474992275238037109e+00 5.312418460845947266e+00 5.578399658203125000e+00 4.821947574615478516e+00 3.498651027679443359e+00 4.289140701293945312e+00 5.165443897247314453e+00 5.682088851928710938e+00 6.172770977020263672e+00 5.202919006347656250e+00 4.336338520050048828e+00 5.437343597412109375e+00 4.669294357299804688e+00
4.663224697113037109e+00 6.043416023254394531e+00 4.788844585418701172e+00 4.950311660766601562e+00 4.379986286163330078e+00 5.524054050445556641e+00 4.113486289978027344e+00 3.046672344207763672e+00 3.802085876464843750e+00 3.155096530914306641e+00 0.000000000000000000e+00 3.703604221343994141e+00 4.947666168212890625e+00 5.430510520935058594e+00 4.563616275787353516e+00 4.403375625610351562e+00 3.883719205856323242e+00 4.814864158630371094e+00 5.214821815490722656e+00 5.697700500488281250e+00 4.839357852935791016e+00 3.655017137527465820e+00 3.923058748245239258e+00 5.457160472869873047e+00 5.925945758819580078e+00 5.775474071502685547e+00 5.470280647277832031e+00 5.098396778106689453e+00 3.498651027679443359e+00 5.506470203399658203e+00 5.880175113677978516e+00 5.977955818176269531e+00 5.398003578186035156e+00 5.286985397338867188e+00 4.336338043212890625e+00 4.564756870269775391e+00
5.096514701843261719e+00 6.532773017883300781e+00 5.089085578918457031e+00 5.550899505615234375e+00 5.940265178680419922e+00 4.379986763000488281e+00 4.331717967987060547e+00 3.612569570541381836e+00 3.877605676651000977e+00 3.725015640258789062e+00 3.703604221343994141e+00 0.000000000000000000e+00 5.651500225067138672e+00 6.235056877136230469e+00 5.198423862457275391e+00 5.378463268280029297e+00 5.866600513458251953e+00 3.883719205856323242e+00 5.325771808624267578e+00 5.963112354278564453e+00 4.829682350158691406e+00 4.075136184692382812e+00 5.332311630249023438e+00 3.923058748245239258e+00 5.709279537200927734e+00 5.723685741424560547e+00 5.112725257873535156e+00 5.054779052734375000e+00 4.646855831146240234e+00 3.498651027679443359e+00 6.935631275177001953e+00 7.154572963714599609e+00 6.434432506561279297e+00 6.599760055541992188e+00 6.648610591888427734e+00 4.336338043212890625e+00
3.782984018325805664e+00 6.213843345642089844e+00 5.888141155242919922e+00 5.998730659484863281e+00 6.169804096221923828e+00 6.568161964416503906e+00 3.883719205856323242e+00 4.119270324707031250e+00 5.638281822204589844e+00 5.199136257171630859e+00 4.947666168212890625e+00 5.651500225067138672e+00 0.000000000000000000e+00 3.812441349029541016e+00 3.939423084259033203e+00 3.718089342117309570e+00 4.113486289978027344e+00 4.331717967987060547e+00 4.337059020996093750e+00 5.796824932098388672e+00 5.848672389984130859e+00 4.887611389160156250e+00 5.772607326507568359e+00 6.438678741455078125e+00 4.248041152954101562e+00 5.080235481262207031e+00 5.659050464630126953e+00 5.276036262512207031e+00 4.635351181030273438e+00 5.771525859832763672e+00 4.590016841888427734e+00 5.634839057922363281e+00 5.899330139160156250e+00 5.775628566741943359e+00 5.622500896453857422e+00 5.233456134796142578e+00
4.368008613586425781e+00 3.782984018325805664e+00 4.867764472961425781e+00 4.820530891418457031e+00 4.545519351959228516e+00 5.259415149688720703e+00 6.501351833343505859e+00 3.883719205856323242e+00 6.575022697448730469e+00 6.058014869689941406e+00 5.430510520935058594e+00 6.235056877136230469e+00 3.812441349029541016e+00 0.000000000000000000e+00 3.782876968383789062e+00 3.292888879776000977e+00 3.046672344207763672e+00 3.612569570541381836e+00 5.752078056335449219e+00 4.337059020996093750e+00 5.721860408782958984e+00 4.544148921966552734e+00 5.042426109313964844e+00 5.956935405731201172e+00 6.273143768310546875e+00 4.248041152954101562e+00 6.130883216857910156e+00 5.623811244964599609e+00 4.540891170501708984e+00 5.862521171569824219e+00 6.281282424926757812e+00 4.590016841888427734e+00 6.119211196899414062e+00 5.850501060485839844e+00 5.274988651275634766e+00 5.052474498748779297e+00
4.998983383178710938e+00 5.791987419128417969e+00 3.782984018325805664e+00 5.376051425933837891e+00 5.546294689178466797e+00 5.879848003387451172e+00 5.423507213592529297e+00 3.944101810455322266e+00 3.883719205856323242e+00 4.858029842376708984e+00 4.563616275787353516e+00 5.198423862457275391e+00 3.939423084259033203e+00 3.782876968383789062e+00 0.000000000000000000e+00 3.403164625167846680e+00 3.802085876464843750e+00 3.877605676651000977e+00 5.869523048400878906e+00 5.787986278533935547e+00 4.337059020996093750e+00 4.665645599365234375e+00 5.565990924835205078e+00 6.152299880981445312e+00 5.924944877624511719e+00 5.208099365234375000e+00 4.248041629791259766e+00 5.209025859832763672e+00 4.534492492675781250e+00 5.578764438629150391e+00 6.194556236267089844e+00 5.771661281585693359e+00 4.590016841888427734e+00 5.735890388488769531e+00 5.561728000640869141e+00 5.044434547424316406e+00
4.503947734832763672e+00 5.202946662902832031e+00 4.783625125885009766e+00 3.782984018325805664e+00 4.821901798248291016e+00 5.513900279998779297e+00 5.548325061798095703e+00 3.892716646194458008e+00 5.452444076538085938e+00 3.883719205856323242e+00 4.403375625610351562e+00 5.378463268280029297e+00 3.718089342117309570e+00 3.292888879776000977e+00 3.403164625167846680e+00 0.000000000000000000e+00 3.155096530914306641e+00 3.725015640258789062e+00 6.432713031768798828e+00 6.217483997344970703e+00 6.246196269989013672e+00 4.337059020996093750e+00 5.924727439880371094e+00 6.731572628021240234e+00 5.991955757141113281e+00 5.113774776458740234e+00 5.667523384094238281e+00 4.248041152954101562e+00 4.307415962219238281e+00 5.697012901306152344e+00 6.035479068756103516e+00 5.440071582794189453e+00 5.692023277282714844e+00 4.590016841888427734e+00 5.116731643676757812e+00 4.902609825134277344e+00
4.939331531524658203e+00 5.150205612182617188e+00 5.174191951751708984e+00 5.027968406677246094e+00 3.782984018325805664e+00 5.590966224670410156e+00 6.287184715270996094e+00 4.386403083801269531e+00 6.184793949127197266e+00 5.539504051208496094e+00 3.883719205856323242e+00 5.866600513458251953e+00 4.113486289978027344e+00 3.046672344207763672e+00 3.802085876464843750e+00 3.155096530914306641e+00 0.000000000000000000e+00 3.703604221343994141e+00 6.175653457641601562e+00 5.546036720275878906e+00 5.962517738342285156e+00 4.735719203948974609e+00 4.337059020996093750e+00 6.230356216430664062e+00 6.960371494293212891e+00 5.834076404571533203e+00 6.666468620300292969e+00 6.119407176971435547e+00 4.248041152954101562e+00 6.460925579071044922e+00 6.660745620727539062e+00 5.733709335327148438e+00 6.333672523498535156e+00 5.988725662231445312e+00 4.590016841888427734e+00 5.358962535858154297e+00
4.796743392944335938e+00 5.202096462249755859e+00 4.911311626434326172e+00 5.096108436584472656e+00 4.979598045349121094e+00 3.782984018325805664e+00 5.979519367218017578e+00 4.170363903045654297e+00 5.763210773468017578e+00 5.384252071380615234e+00 4.814864158630371094e+00 3.883719205856323242e+00 4.331717967987060547e+00 3.612569570541381836e+00 3.877605676651000977e+00 3.725015640258789062e+00 3.703604221343994141e+00 0.000000000000000000e+00 5.804406166076660156e+00 5.313793659210205078e+00 5.462693214416503906e+00 4.478568553924560547e+00 5.122128009796142578e+00 4.337059020996093750e+00 6.348918437957763672e+00 5.274834156036376953e+00 5.919523715972900391e+00 5.602431774139404297e+00 4.667068004608154297e+00 4.248041152954101562e+00 7.230145931243896484e+00 6.535314559936523438e+00 6.838263034820556641e+00 6.771440505981445312e+00 6.391510009765625000e+00 4.590016841888427734e+00
4.288906574249267578e+00 6.514386177062988281e+00 6.235071659088134766e+00 6.986704826354980469e+00 6.675184249877929688e+00 6.583446979522705078e+00 3.923058748245239258e+00 4.125181198120117188e+00 5.676222801208496094e+00 6.006967544555664062e+00 5.214821815490722656e+00 5.325771808624267578e+00 4.337059020996093750e+00 5.752078056335449219e+00 5.869523048400878906e+00 6.432713031768798828e+00 6.175653457641601562e+00 5.804406166076660156e+00 0.000000000000000000e+00 3.812441349029541016e+00 3.939422845840454102e+00 3.718089342117309570e+00 4.113486289978027344e+00 4.331717967987060547e+00 4.416265010833740234e+00 5.196917057037353516e+00 5.796944141387939453e+00 6.167626857757568359e+00 5.035063266754150391e+00 5.557456493377685547e+00 5.032732963562011719e+00 5.979396343231201172e+00 6.259745597839355469e+00 6.809079170227050781e+00 6.187124729156494141e+00 5.269392013549804688e+00
4.839590549468994141e+00 4.288906574249267578e+00 5.306546211242675781e+00 6.027037143707275391e+00 5.235621452331542969e+00 5.302910804748535156e+00 6.544698238372802734e+00 3.923058748245239258e+00 6.627110481262207031e+00 6.783109188079833984e+00 5.697700500488281250e+00 5.963112354278564453e+00 5.796824932098388672e+00 4.337059020996093750e+00 5.787986278533935547e+00 6.217483997344970703e+00 5.546036720275878906e+00 5.313793659210205078e+00 3.812441349029541016e+00 0.000000000000000000e+00 3.782876968383789062e+00 3.292888879776000977e+00 3.046672344207763672e+00 3.612569570541381836e+00 6.408452033996582031e+00 4.416265010833740234e+00 6.278998374938964844e+00 6.487580299377441406e+00 4.974279403686523438e+00 5.674711704254150391e+00 6.631217956542968750e+00 5.032732963562011719e+00 6.487330436706542969e+00 6.891474246978759766e+00 5.895073413848876953e+00 5.115007400512695312e+00
5.380652904510498047e+00 6.103304862976074219e+00 4.288906574249267578e+00 6.450506687164306641e+00 6.093506336212158203e+00 5.886550426483154297e+00 5.440530776977539062e+00 3.934781312942504883e+00 3.923058748245239258e+00 5.703588962554931641e+00 4.839357852935791016e+00 4.829682350158691406e+00 5.848672389984130859e+00 5.721860408782958984e+00 4.337059020996093750e+00 6.246196269989013672e+00 5.962517738342285156e+00 5.462693214416503906e+00 3.939422845840454102e+00 3.782876968383789062e+00 0.000000000000000000e+00 3.403164625167846680e+00 3.802085876464843750e+00 3.877605676651000977e+00 6.036582946777343750e+00 5.310488700866699219e+00 4.416265010833740234e+00 6.100397109985351562e+00 4.929994106292724609e+00 5.345582962036132812e+00 6.520008087158203125e+00 6.098497390747070312e+00 5.032732963562011719e+00 6.766383647918701172e+00 6.121980667114257812e+00 5.069672584533691406e+00
3.952692270278930664e+00 4.706431865692138672e+00 4.282927036285400391e+00 4.288906574249267578e+00 4.582227706909179688e+00 4.675318241119384766e+00 4.727102756500244141e+00 2.540954113006591797e+00 4.627407550811767578e+00 3.923058748245239258e+00 3.655017137527465820e+00 4.075136184692382812e+00 4.887611389160156250e+00 4.544148921966552734e+00 4.665645599365234375e+00 4.337059020996093750e+00 4.735719203948974609e+00 4.478568553924560547e+00 3.718089342117309570e+00 3.292888879776000977e+00 3.403164625167846680e+00 0.000000000000000000e+00 3.155096530914306641e+00 3.725015640258789062e+00 5.349350452423095703e+00 4.313272953033447266e+00 4.995498180389404297e+00 4.416265010833740234e+00 3.697795867919921875e+00 4.613594055175781250e+00 5.651692867279052734e+00 4.985040187835693359e+00 5.294896125793457031e+00 5.032732963562011719e+00 4.909522533416748047e+00 3.958217620849609375e+00
5.106163024902343750e+00 5.286032199859619141e+00 5.345122814178466797e+00 5.975106239318847656e+00 4.288906574249267578e+00 5.389998912811279297e+00 6.117839336395263672e+00 4.108699798583984375e+00 6.022715568542480469e+00 6.109901428222656250e+00 3.923058748245239258e+00 5.332311630249023438e+00 5.772607326507568359e+00 5.042426109313964844e+00 5.565990924835205078e+00 5.924727439880371094e+00 4.337059020996093750e+00 5.122128009796142578e+00 4.113486289978027344e+00 3.046672344207763672e+00 3.802085876464843750e+00 3.155096530914306641e+00 0.000000000000000000e+00 3.703604221343994141e+00 6.891767501831054688e+00 5.729550838470458984e+00 6.604063987731933594e+00 6.726244449615478516e+00 4.416265010833740234e+00 6.075403690338134766e+00 6.798370838165283203e+00 5.871059894561767578e+00 6.487671375274658203e+00 6.816352844238281250e+00 5.032732963562011719e+00 5.166048049926757812e+00
5.565539360046386719e+00 5.896601676940917969e+00 5.675352573394775391e+00 6.533171176910400391e+00 5.930490493774414062e+00 4.288906574249267578e+00 6.320165157318115234e+00 4.617725849151611328e+00 6.125895977020263672e+00 6.474992275238037109e+00 5.457160472869873047e+00 3.923058748245239258e+00 6.438678741455078125e+00 5.956935405731201172e+00 6.152299880981445312e+00 6.731572628021240234e+00 6.230356216430664062e+00 4.337059020996093750e+00 4.331717967987060547e+00 3.612569570541381836e+00 3.877605676651000977e+00 3.725015640258789062e+00 3.703604221343994141e+00 0.000000000000000000e+00 6.756406307220458984e+00 5.736353397369384766e+00 6.364211082458496094e+00 6.743368625640869141e+00 5.434117317199707031e+00 4.416265010833740234e+00 7.772893428802490234e+00 7.113004207611083984e+00 7.418010711669921875e+00 7.920909404754638672e+00 7.169527530670166016e+00 5.032732963562011719e+00
4.641572952270507812e+00 7.253747463226318359e+00 6.591167926788330078e+00 6.873971939086914062e+00 7.666802406311035156e+00 7.339829921722412109e+00 3.498651027679443359e+00 4.571371555328369141e+00 5.521554470062255859e+00 5.312418460845947266e+00 5.925945758819580078e+00 5.709279537200927734e+00 4.248041152954101562e+00 6.273143768310546875e+00 5.924944877624511719e+00 5.991955757141113281e+00 6.960371494293212891e+00 6.348918437957763672e+00 4.416265010833740234e+00 6.408452033996582031e+00 6.036582946777343750e+00 5.349350452423095703e+00 6.891767501831054688e+00 6.756406307220458984e+00 0.000000000000000000e+00 3.812441349029541016e+00 3.939422845840454102e+00 3.718089342117309570e+00 4.113486289978027344e+00 4.331717967987060547e+00 4.510720729827880859e+00 6.148295402526855469e+00 5.968291282653808594e+00 6.055552959442138672e+00 6.661157131195068359e+00 5.492407321929931641e+00
4.420516014099121094e+00 4.641572952270507812e+00 5.069186210632324219e+00 5.266162395477294922e+00 5.882461547851562500e+00 5.623347282409667969e+00 5.714288234710693359e+00 3.498651027679443359e+00 5.929291725158691406e+00 5.578399658203125000e+00 5.775474071502685547e+00 5.723685741424560547e+00 5.080235481262207031e+00 4.248041152954101562e+00 5.208099365234375000e+00 5.113774776458740234e+00 5.834076404571533203e+00 5.274834156036376953e+00 5.196917057037353516e+00 4.416265010833740234e+00 5.310488700866699219e+00 4.313272953033447266e+00 5.729550838470458984e+00 5.736353397369384766e+00 3.812441349029541016e+00 0.000000000000000000e+00 3.782876968383789062e+00 3.292888879776000977e+00 3.046672344207763672e+00 3.612569570541381836e+00 5.653413772583007812e+00 4.510720729827880859e+00 5.611718177795410156e+00 5.546929359436035156e+00 5.814828872680664062e+00 4.640387535095214844e+00
5.539224624633789062e+00 6.783219814300537109e+00 4.641572952270507812e+00 6.215189933776855469e+00 7.066450119018554688e+00 6.615505695343017578e+00 5.003164768218994141e+00 4.236146450042724609e+00 3.498651027679443359e+00 4.821947574615478516e+00 5.470280647277832031e+00 5.112725257873535156e+00 5.659050464630126953e+00 6.130883216857910156e+00 4.248041629791259766e+00 5.667523384094238281e+00 6.666468620300292969e+00 5.919523715972900391e+00 5.796944141387939453e+00 6.278998374938964844e+00 4.416265010833740234e+00 4.995498180389404297e+00 6.604063987731933594e+00 6.364211082458496094e+00 3.939422845840454102e+00 3.782876968383789062e+00 0.000000000000000000e+00 3.403164625167846680e+00 3.802085876464843750e+00 3.877605676651000977e+00 6.009227275848388672e+00 6.149970531463623047e+00 4.510720729827880859e+00 5.888311862945556641e+00 6.492400169372558594e+00 5.165630340576171875e+00
4.846161842346191406e+00 6.086227893829345703e+00 5.255745410919189453e+00 4.641572952270507812e+00 6.319067955017089844e+00 6.091138362884521484e+00 4.889550685882568359e+00 3.879278898239135742e+00 4.938926696777343750e+00 3.498651027679443359e+00 5.098396778106689453e+00 5.054779052734375000e+00 5.276036262512207031e+00 5.623811244964599609e+00 5.209025859832763672e+00 4.248041152954101562e+00 6.119407176971435547e+00 5.602431774139404297e+00 6.167626857757568359e+00 6.487580299377441406e+00 6.100397109985351562e+00 4.416265010833740234e+00 6.726244449615478516e+00 6.743368625640869141e+00 3.718089342117309570e+00 3.292888879776000977e+00 3.403164625167846680e+00 0.000000000000000000e+00 3.155096530914306641e+00 3.725015640258789062e+00 5.627775669097900391e+00 5.622366905212402344e+00 5.402225494384765625e+00 4.510720729827880859e+00 5.908125400543212891e+00 4.772794246673583984e+00
4.260290622711181641e+00 5.200910091400146484e+00 4.697382450103759766e+00 4.802815437316894531e+00 4.641572952270507812e+00 5.339580535888671875e+00 4.817242145538330078e+00 3.112786293029785156e+00 4.844467163085937500e+00 4.289140701293945312e+00 3.498651027679443359e+00 4.646855831146240234e+00 4.635351181030273438e+00 4.540891170501708984e+00 4.534492492675781250e+00 4.307415962219238281e+00 4.248041152954101562e+00 4.667068004608154297e+00 5.035063266754150391e+00 4.974279403686523438e+00 4.929994106292724609e+00 3.697795867919921875e+00 4.416265010833740234e+00 5.434117317199707031e+00 4.113486289978027344e+00 3.046672344207763672e+00 3.802085876464843750e+00 3.155096530914306641e+00 0.000000000000000000e+00 3.703604221343994141e+00 5.492151737213134766e+00 5.044342994689941406e+00 5.239624500274658203e+00 5.069174289703369141e+00 4.510720729827880859e+00 4.244502544403076172e+00
5.171349048614501953e+00 6.129247665405273438e+00 5.421728134155273438e+00 5.808434486389160156e+00 6.481562137603759766e+00 4.641572952270507812e+00 5.423357486724853516e+00 4.221594333648681641e+00 5.330366611480712891e+00 5.165443897247314453e+00 5.506470203399658203e+00 3.498651027679443359e+00 5.771525859832763672e+00 5.862521171569824219e+00 5.578764438629150391e+00 5.697012901306152344e+00 6.460925579071044922e+00 4.248041152954101562e+00 5.557456493377685547e+00 5.674711704254150391e+00 5.345582962036132812e+00 4.613594055175781250e+00 6.075403690338134766e+00 4.416265010833740234e+00 4.331717967987060547e+00 3.612569570541381836e+00 3.877605676651000977e+00 3.725015640258789062e+00 3.703604221343994141e+00 0.000000000000000000e+00 6.932115554809570312e+00 6.727653503417968750e+00 6.639360904693603516e+00 6.757596492767333984e+00 7.078896045684814453e+00 4.510720729827880859e+00
5.053783416748046875e+00 7.327561855316162109e+00 6.905445098876953125e+00 6.982054710388183594e+00 7.461417198181152344e+00 8.173951148986816406e+00 4.336338043212890625e+00 4.953835964202880859e+00 6.107044696807861328e+00 5.682088851928710938e+00 5.880175113677978516e+00 6.935631275177001953e+00 4.590016841888427734e+00 6.281282424926757812e+00 6.194556236267089844e+00 6.035479068756103516e+00 6.660745620727539062e+00 7.230145931243896484e+00 5.032732963562011719e+00 6.631217956542968750e+00 6.520008087158203125e+00 5.651692867279052734e+00 6.798370838165283203e+00 7.772893428802490234e+00 4.510720729827880859e+00 5.653413772583007812e+00 6.009227275848388672e+00 5.627775669097900391e+00 5.492151737213134766e+00 6.932115554809570312e+00 0.000000000000000000e+00 3.812441349029541016e+00 3.939422845840454102e+00 3.718089342117309570e+00 4.113486289978027344e+00 4.331717967987060547e+00
5.143705844879150391e+00 5.053783416748046875e+00 5.732237339019775391e+00 5.670122623443603516e+00 5.866554737091064453e+00 6.890763759613037109e+00 6.491270065307617188e+00 4.336338043212890625e+00 6.699637413024902344e+00 6.172770977020263672e+00 5.977955818176269531e+00 7.154572963714599609e+00 5.634839057922363281e+00 4.590016841888427734e+00 5.771661281585693359e+00 5.440071582794189453e+00 5.733709335327148438e+00 6.535314559936523438e+00 5.979396343231201172e+00 5.032732963562011719e+00 6.098497390747070312e+00 4.985040187835693359e+00 5.871059894561767578e+00 7.113004207611083984e+00 6.148295402526855469e+00 4.510720729827880859e+00 6.149970531463623047e+00 5.622366905212402344e+00 5.044342994689941406e+00 6.727653503417968750e+00 3.812441349029541016e+00 0.000000000000000000e+00 3.782876968383789062e+00 3.292888879776000977e+00 3.046672344207763672e+00 3.612569570541381836e+00
5.868082046508789062e+00 6.844210624694824219e+00 5.053783416748046875e+00 6.315143108367919922e+00 6.825132846832275391e+00 7.513995647430419922e+00 5.599086284637451172e+00 4.619830131530761719e+00 4.336338520050048828e+00 5.202919006347656250e+00 5.398003578186035156e+00 6.434432506561279297e+00 5.899330139160156250e+00 6.119211196899414062e+00 4.590016841888427734e+00 5.692023277282714844e+00 6.333672523498535156e+00 6.838263034820556641e+00 6.259745597839355469e+00 6.487330436706542969e+00 5.032732963562011719e+00 5.294896125793457031e+00 6.487671375274658203e+00 7.418010711669921875e+00 5.968291282653808594e+00 5.611718177795410156e+00 4.510720729827880859e+00 5.402225494384765625e+00 5.239624500274658203e+00 6.639360904693603516e+00 3.939422845840454102e+00 3.782876968383789062e+00 0.000000000000000000e+00 3.403164625167846680e+00 3.802085876464843750e+00 3.877605676651000977e+00
5.475467681884765625e+00 6.373178958892822266e+00 5.862036705017089844e+00 5.053783416748046875e+00 6.270761013031005859e+00 7.248535633087158203e+00 5.741942882537841797e+00 4.603345394134521484e+00 5.805201530456542969e+00 4.336338520050048828e+00 5.286985397338867188e+00 6.599760055541992188e+00 5.775628566741943359e+00 5.850501060485839844e+00 5.735890388488769531e+00 4.590016841888427734e+00 5.988725662231445312e+00 6.771440505981445312e+00 6.809079170227050781e+00 6.891474246978759766e+00 6.766383647918701172e+00 5.032732963562011719e+00 6.816352844238281250e+00 7.920909404754638672e+00 6.055552959442138672e+00 5.546929359436035156e+00 5.888311862945556641e+00 4.510720729827880859e+00 5.069174289703369141e+00 6.757596492767333984e+00 3.718089342117309570e+00 3.292888879776000977e+00 3.403164625167846680e+00 0.000000000000000000e+00 3.155096530914306641e+00 3.725015640258789062e+00
5.408349990844726562e+00 5.935438156127929688e+00 5.780201435089111328e+00 5.627457618713378906e+00 5.053783416748046875e+00 6.968151092529296875e+00 6.072292327880859375e+00 4.520633220672607422e+00 6.113994121551513672e+00 5.437343597412109375e+00 4.336338043212890625e+00 6.648610591888427734e+00 5.622500896453857422e+00 5.274988651275634766e+00 5.561728000640869141e+00 5.116731643676757812e+00 4.590016841888427734e+00 6.391510009765625000e+00 6.187124729156494141e+00 5.895073413848876953e+00 6.121980667114257812e+00 4.909522533416748047e+00 5.032732963562011719e+00 7.169527530670166016e+00 6.661157131195068359e+00 5.814828872680664062e+00 6.492400169372558594e+00 5.908125400543212891e+00 4.510720729827880859e+00 7.078896045684814453e+00 4.113486289978027344e+00 3.046672344207763672e+00 3.802085876464843750e+00 3.155096530914306641e+00 0.000000000000000000e+00 3.703604221343994141e+00
4.668569564819335938e+00 5.449783802032470703e+00 4.969202518463134766e+00 5.127540111541748047e+00 5.473544597625732422e+00 5.053783416748046875e+00 5.199253082275390625e+00 3.538511991500854492e+00 5.126147747039794922e+00 4.669294357299804688e+00 4.564756870269775391e+00 4.336338043212890625e+00 5.233456134796142578e+00 5.052474498748779297e+00 5.044434547424316406e+00 4.902609825134277344e+00 5.358962535858154297e+00 4.590016841888427734e+00 5.269392013549804688e+00 5.115007400512695312e+00 5.069672584533691406e+00 3.958217620849609375e+00 5.166048049926757812e+00 5.032732963562011719e+00 5.492407321929931641e+00 4.640387535095214844e+00 5.165630340576171875e+00 4.772794246673583984e+00 4.244502544403076172e+00 4.510720729827880859e+00 4.331717967987060547e+00 3.612569570541381836e+00 3.877605676651000977e+00 3.725015640258789062e+00 3.703604221343994141e+00 0.000000000000000000e+00
