0.000000000000000000e+00 1.081722450256347656e+01 8.734306335449218750e+00 9.707761764526367188e+00 1.046448326110839844e+01 9.767807006835937500e+00 1.011791038513183594e+01 7.936099052429199219e+00 9.487150192260742188e+00 1.010980796813964844e+01 9.933104515075683594e+00 9.072916984558105469e+00 9.588126182556152344e+00 1.055804729461669922e+01 9.681437492370605469e+00 1.068000030517578125e+01 1.120384883880615234e+01 9.154379844665527344e+00 9.934082031250000000e+00 1.104172897338867188e+01 1.080838584899902344e+01 8.102349281311035156e+00 1.116468334197998047e+01 1.064264488220214844e+01 8.229232788085937500e+00 8.942156791687011719e+00 6.137693405151367188e+00 9.197193145751953125e+00 8.288454055786132812e+00 7.311579227447509766e+00 9.850769042968750000e+00 1.038047218322753906e+01 9.121191024780273438e+00 1.028614139556884766e+01 1.023144721984863281e+01 8.336080551147460938e+00
1.081722450256347656e+01 0.000000000000000000e+00 8.689237594604492188e+00 9.675992012023925781e+00 9.299642562866210938e+00 8.764669418334960938e+00 1.938523292541503906e+01 1.011791038513183594e+01 1.567238235473632812e+01 1.606222915649414062e+01 1.523309993743896484e+01 1.483677864074707031e+01 1.750476074218750000e+01 9.588126182556152344e+00 1.379916954040527344e+01 1.452304172515869141e+01 1.414129924774169922e+01 1.275477218627929688e+01 1.759195327758789062e+01 9.934082031250000000e+00 1.448497581481933594e+01 1.260201549530029297e+01 1.397879314422607422e+01 1.372784805297851562e+01 1.701478958129882812e+01 8.229232788085937500e+00 1.190195274353027344e+01 1.373837757110595703e+01 1.226567935943603516e+01 1.181689548492431641e+01 1.789820671081542969e+01 9.850769996643066406e+00 1.373705387115478516e+01 1.454251480102539062e+01 1.370971584320068359e+01 1.253776073455810547e+01
8.734306335449218750e+00 8.689237594604492188e+00 0.000000000000000000e+00 9.145318031311035156e+00 8.359273910522460938e+00 7.474040985107421875e+00 1.634975433349609375e+01 1.049411201477050781e+01 1.011791038513183594e+01 1.342604255676269531e+01 1.215289497375488281e+01 1.146399879455566406e+01 1.557916355133056641e+01 1.201885795593261719e+01 9.588126182556152344e+00 1.333973979949951172e+01 1.266445255279541016e+01 1.089696979522705078e+01 1.526849651336669922e+01 1.177128696441650391e+01 9.934082031250000000e+00 1.063941478729248047e+01 1.196558094024658203e+01 1.148346519470214844e+01 1.582230949401855469e+01 1.203286170959472656e+01 8.229232788085937500e+00 1.342838859558105469e+01 1.163647842407226562e+01 1.096574306488037109e+01 1.623130989074707031e+01 1.250497436523437500e+01 9.850769996643066406e+00 1.361361694335937500e+01 1.245729732513427734e+01 1.095769691467285156e+01
9.707761764526367188e+00 9.675992012023925781e+00 9.145318031311035156e+00 0.000000000000000000e+00 9.750672340393066406e+00 9.447970390319824219e+00 1.705922889709472656e+01 1.157577991485595703e+01 1.384771823883056641e+01 1.011791038513183594e+01 1.336567687988281250e+01 1.306049251556396484e+01 1.607118988037109375e+01 1.265682601928710938e+01 1.316014194488525391e+01 9.588126182556152344e+00 1.353539180755615234e+01 1.223793792724609375e+01 1.789427757263183594e+01 1.502700328826904297e+01 1.585712718963623047e+01 9.934082031250000000e+00 1.541099929809570312e+01 1.531007862091064453e+01 1.547040653228759766e+01 1.157355594635009766e+01 1.106311798095703125e+01 8.229232788085937500e+00 1.147350120544433594e+01 1.116628074645996094e+01 1.663586235046386719e+01 1.303227710723876953e+01 1.326719379425048828e+01 9.850769996643066406e+00 1.325617885589599609e+01 1.219909477233886719e+01
1.046448326110839844e+01 9.299642562866210938e+00 8.359273910522460938e+00 9.750672340393066406e+00 0.000000000000000000e+00 8.207113265991210938e+00 1.803021240234375000e+01 1.206912040710449219e+01 1.402876853942871094e+01 1.470558166503906250e+01 1.011791038513183594e+01 1.294122886657714844e+01 1.665379524230957031e+01 1.252416419982910156e+01 1.277618503570556641e+01 1.381335163116455078e+01 9.588126182556152344e+00 1.147434711456298828e+01 1.708018112182617188e+01 1.322618770599365234e+01 1.392665958404541016e+01 1.224844074249267578e+01 9.934082031250000000e+00 1.299052619934082031e+01 1.690422821044921875e+01 1.256822967529296875e+01 1.182319068908691406e+01 1.392661094665527344e+01 8.229232788085937500e+00 1.157294464111328125e+01 1.756142234802246094e+01 1.338229274749755859e+01 1.336585426330566406e+01 1.443953800201416016e+01 9.850769996643066406e+00 1.197069072723388672e+01
9.767807006835937500e+00 8.764669418334960938e+00 7.474040985107421875e+00 9.447970390319824219e+00 8.207113265991210938e+00 0.000000000000000000e+00 1.769877243041992188e+01 1.175810909271240234e+01 1.360307216644287109e+01 1.458410358428955078e+01 1.311420059204101562e+01 1.011791038513183594e+01 1.705525779724121094e+01 1.322191429138183594e+01 1.329823112487792969e+01 1.458168220520019531e+01 1.367176151275634766e+01 9.588126182556152344e+00 1.658089828491210938e+01 1.274978733062744141e+01 1.331257152557373047e+01 1.189545059204101562e+01 1.278012752532958984e+01 9.934082031250000000e+00 1.651670265197753906e+01 1.222458171844482422e+01 1.126568317413330078e+01 1.375801658630371094e+01 1.167137241363525391e+01 8.229232788085937500e+00 1.775965118408203125e+01 1.380285453796386719e+01 1.362816143035888672e+01 1.495946884155273438e+01 1.361951828002929688e+01 9.850769996643066406e+00
1.011791038513183594e+01 1.938523292541503906e+01 1.634975433349609375e+01 1.705922889709472656e+01 1.803021240234375000e+01 1.769877243041992188e+01 0.000000000000000000e+00 1.081722354888916016e+01 8.734306335449218750e+00 9.707761764526367188e+00 1.046448326110839844e+01 9.767807006835937500e+00 9.079030036926269531e+00 1.607394599914550781e+01 1.314842510223388672e+01 1.410544586181640625e+01 1.514047050476074219e+01 1.377547359466552734e+01 1.014300823211669922e+01 1.680824851989746094e+01 1.447998809814453125e+01 1.281589889526367188e+01 1.555814075469970703e+01 1.526187610626220703e+01 7.147420883178710938e+00 1.482330226898193359e+01 1.047334003448486328e+01 1.274198722839355469e+01 1.285592460632324219e+01 1.234053993225097656e+01 8.427080154418945312e+00 1.543162345886230469e+01 1.207594013214111328e+01 1.319800281524658203e+01 1.385176944732666016e+01 1.260684871673583984e+01
7.936099052429199219e+00 1.011791038513183594e+01 1.049411201477050781e+01 1.157577991485595703e+01 1.206912040710449219e+01 1.175810909271240234e+01 1.081722354888916016e+01 0.000000000000000000e+00 8.689237594604492188e+00 9.675992012023925781e+00 9.299642562866210938e+00 8.764669418334960938e+00 1.185371112823486328e+01 9.079030036926269531e+00 1.063791084289550781e+01 1.180750274658203125e+01 1.213594341278076172e+01 1.059445190429687500e+01 1.254068183898925781e+01 1.014300823211669922e+01 1.209382343292236328e+01 1.005023288726806641e+01 1.250637626647949219e+01 1.231706142425537109e+01 1.079192352294921875e+01 7.147420883178710938e+00 7.567909240722656250e+00 1.049333667755126953e+01 9.519474983215332031e+00 9.059025764465332031e+00 1.174397850036621094e+01 8.427080154418945312e+00 9.743515968322753906e+00 1.111145782470703125e+01 1.089690208435058594e+01 9.499211311340332031e+00
9.487150192260742188e+00 1.567238235473632812e+01 1.011791038513183594e+01 1.384771823883056641e+01 1.402876853942871094e+01 1.360307216644287109e+01 8.734306335449218750e+00 8.689237594604492188e+00 0.000000000000000000e+00 9.145318031311035156e+00 8.359273910522460938e+00 7.474040508270263672e+00 1.202300834655761719e+01 1.423721027374267578e+01 9.079030036926269531e+00 1.319831848144531250e+01 1.324544239044189453e+01 1.166407871246337891e+01 1.219292449951171875e+01 1.450883865356445312e+01 1.014300823211669922e+01 1.109694194793701172e+01 1.311207485198974609e+01 1.276223945617675781e+01 1.204394531250000000e+01 1.399656105041503906e+01 7.147420883178710938e+00 1.301681041717529297e+01 1.197204017639160156e+01 1.142028999328613281e+01 1.219750976562500000e+01 1.407483482360839844e+01 8.427080154418945312e+00 1.284752464294433594e+01 1.239834785461425781e+01 1.099360275268554688e+01
1.010980796813964844e+01 1.606222915649414062e+01 1.342604255676269531e+01 1.011791038513183594e+01 1.470558166503906250e+01 1.458410358428955078e+01 9.707761764526367188e+00 9.675992012023925781e+00 9.145318031311035156e+00 0.000000000000000000e+00 9.750672340393066406e+00 9.447970390319824219e+00 1.242478466033935547e+01 1.458389854431152344e+01 1.256724452972412109e+01 9.079030036926269531e+00 1.387479305267333984e+01 1.270132350921630859e+01 1.516559410095214844e+01 1.708811569213867188e+01 1.580799770355224609e+01 1.014300823211669922e+01 1.614000892639160156e+01 1.611375045776367188e+01 1.132670593261718750e+01 1.339069747924804688e+01 1.000037956237792969e+01 7.147420883178710938e+00 1.156775665283203125e+01 1.136270141601562500e+01 1.250301361083984375e+01 1.434630584716796875e+01 1.201025009155273438e+01 8.427080154418945312e+00 1.298116874694824219e+01 1.199398803710937500e+01
9.933104515075683594e+00 1.523309993743896484e+01 1.215289497375488281e+01 1.336567687988281250e+01 1.011791038513183594e+01 1.311420059204101562e+01 1.046448326110839844e+01 9.299642562866210938e+00 8.359273910522460938e+00 9.750672340393066406e+00 0.000000000000000000e+00 8.207113265991210938e+00 1.243521499633789062e+01 1.380373668670654297e+01 1.136533260345458984e+01 1.274750709533691406e+01 9.079030036926269531e+00 1.115395355224609375e+01 1.351725864410400391e+01 1.491034889221191406e+01 1.317534351348876953e+01 1.163668727874755859e+01 1.014300823211669922e+01 1.323637962341308594e+01 1.248628330230712891e+01 1.358372497558593750e+01 9.929574966430664062e+00 1.259005546569824219e+01 7.147420883178710938e+00 1.093397426605224609e+01 1.300656318664550781e+01 1.400912666320800781e+01 1.131668281555175781e+01 1.279342937469482422e+01 8.427080154418945312e+00 1.093292617797851562e+01
9.072916984558105469e+00 1.483677864074707031e+01 1.146399879455566406e+01 1.306049251556396484e+01 1.294122886657714844e+01 1.011791038513183594e+01 9.767807006835937500e+00 8.764669418334960938e+00 7.474040508270263672e+00 9.447970390319824219e+00 8.207113265991210938e+00 0.000000000000000000e+00 1.288076114654541016e+01 1.436154747009277344e+01 1.185451030731201172e+01 1.349304485321044922e+01 1.323481464385986328e+01 9.079030036926269531e+00 1.279282951354980469e+01 1.441145706176757812e+01 1.243418693542480469e+01 1.116407489776611328e+01 1.285584831237792969e+01 1.014300823211669922e+01 1.186180782318115234e+01 1.318120479583740234e+01 9.136235237121582031e+00 1.231212806701660156e+01 1.083203029632568359e+01 7.147421360015869141e+00 1.318782997131347656e+01 1.433301162719726562e+01 1.152799320220947266e+01 1.329300117492675781e+01 1.253857612609863281e+01 8.427080154418945312e+00
9.588126182556152344e+00 1.750476074218750000e+01 1.557916355133056641e+01 1.607118988037109375e+01 1.665379524230957031e+01 1.705525779724121094e+01 9.079030036926269531e+00 1.185371112823486328e+01 1.202300834655761719e+01 1.242478466033935547e+01 1.243521499633789062e+01 1.288076114654541016e+01 0.000000000000000000e+00 1.081722354888916016e+01 8.734306335449218750e+00 9.707761764526367188e+00 1.046448326110839844e+01 9.767807006835937500e+00 1.066272449493408203e+01 1.531011581420898438e+01 1.436380672454833984e+01 1.235986137390136719e+01 1.468227577209472656e+01 1.522541141510009766e+01 7.756948947906494141e+00 1.303396701812744141e+01 1.022796821594238281e+01 1.221264648437500000e+01 1.170725250244140625e+01 1.222492218017578125e+01 8.169344902038574219e+00 1.322599124908447266e+01 1.128657150268554688e+01 1.214971828460693359e+01 1.225945949554443359e+01 1.194697856903076172e+01
1.055804729461669922e+01 9.588126182556152344e+00 1.201885795593261719e+01 1.265682601928710938e+01 1.252416419982910156e+01 1.322191429138183594e+01 1.607394599914550781e+01 9.079030036926269531e+00 1.423721027374267578e+01 1.458389854431152344e+01 1.380373668670654297e+01 1.436154747009277344e+01 1.081722354888916016e+01 0.000000000000000000e+00 8.689237594604492188e+00 9.675992012023925781e+00 9.299642562866210938e+00 8.764669418334960938e+00 1.506693267822265625e+01 1.066272449493408203e+01 1.420704460144042969e+01 1.218428325653076172e+01 1.374239826202392578e+01 1.447511291503906250e+01 1.358237361907958984e+01 7.756948947906494141e+00 1.054155445098876953e+01 1.248323631286621094e+01 1.101526355743408203e+01 1.175399494171142578e+01 1.387711048126220703e+01 8.169345855712890625e+00 1.163722896575927734e+01 1.248292827606201172e+01 1.166601848602294922e+01 1.153097438812255859e+01
9.681437492370605469e+00 1.379916954040527344e+01 9.588126182556152344e+00 1.316014194488525391e+01 1.277618503570556641e+01 1.329823112487792969e+01 1.314842510223388672e+01 1.063791084289550781e+01 9.079030036926269531e+00 1.256724452972412109e+01 1.136533260345458984e+01 1.185451030731201172e+01 8.734306335449218750e+00 8.689237594604492188e+00 0.000000000000000000e+00 9.145318031311035156e+00 8.359273910522460938e+00 7.474040508270263672e+00 1.317743015289306641e+01 1.328732395172119141e+01 1.066272449493408203e+01 1.121718311309814453e+01 1.263345241546630859e+01 1.326375579833984375e+01 1.297325706481933594e+01 1.265787792205810547e+01 7.756948947906494141e+00 1.305342674255371094e+01 1.137008762359619141e+01 1.190575504302978516e+01 1.259626579284667969e+01 1.220888900756835938e+01 8.169344902038574219e+00 1.235521984100341797e+01 1.123859691619873047e+01 1.090051269531250000e+01
1.068000030517578125e+01 1.452304172515869141e+01 1.333973979949951172e+01 9.588126182556152344e+00 1.381335163116455078e+01 1.458168220520019531e+01 1.410544586181640625e+01 1.180750274658203125e+01 1.319831848144531250e+01 9.079030036926269531e+00 1.274750709533691406e+01 1.349304485321044922e+01 9.707761764526367188e+00 9.675992012023925781e+00 9.145318031311035156e+00 0.000000000000000000e+00 9.750672340393066406e+00 9.447969436645507812e+00 1.622043418884277344e+01 1.631503295898437500e+01 1.639621162414550781e+01 1.066272449493408203e+01 1.600960731506347656e+01 1.675814247131347656e+01 1.263617992401123047e+01 1.231904888153076172e+01 1.082692050933837891e+01 7.756948947906494141e+00 1.130894088745117188e+01 1.218872261047363281e+01 1.320386409759521484e+01 1.284143829345703125e+01 1.216957855224609375e+01 8.169344902038574219e+00 1.221588134765625000e+01 1.224530887603759766e+01
1.120384883880615234e+01 1.414129924774169922e+01 1.266445255279541016e+01 1.353539180755615234e+01 9.588126182556152344e+00 1.367176151275634766e+01 1.514047050476074219e+01 1.213594341278076172e+01 1.324544239044189453e+01 1.387479305267333984e+01 9.079030036926269531e+00 1.323481464385986328e+01 1.046448326110839844e+01 9.299642562866210938e+00 8.359273910522460938e+00 9.750672340393066406e+00 0.000000000000000000e+00 8.207113265991210938e+00 1.519305801391601562e+01 1.454305934906005859e+01 1.440618896484375000e+01 1.269767856597900391e+01 1.066272449493408203e+01 1.453924655914306641e+01 1.422292327880859375e+01 1.311377906799316406e+01 1.143750762939453125e+01 1.351294136047363281e+01 7.756948947906494141e+00 1.241012763977050781e+01 1.421945285797119141e+01 1.305170917510986328e+01 1.212127494812011719e+01 1.320605278015136719e+01 8.169345855712890625e+00 1.185859203338623047e+01
9.154379844665527344e+00 1.275477218627929688e+01 1.089696979522705078e+01 1.223793792724609375e+01 1.147434711456298828e+01 9.588126182556152344e+00 1.377547359466552734e+01 1.059445190429687500e+01 1.166407871246337891e+01 1.270132350921630859e+01 1.115395355224609375e+01 9.079030036926269531e+00 9.767807006835937500e+00 8.764669418334960938e+00 7.474040508270263672e+00 9.447969436645507812e+00 8.207113265991210938e+00 0.000000000000000000e+00 1.365263366699218750e+01 1.309569931030273438e+01 1.277430152893066406e+01 1.118393039703369141e+01 1.227644538879394531e+01 1.066272449493408203e+01 1.271659946441650391e+01 1.165431118011474609e+01 9.503477096557617188e+00 1.225984668731689453e+01 1.005199909210205078e+01 7.756948947906494141e+00 1.347464942932128906e+01 1.241579151153564453e+01 1.124178791046142578e+01 1.273016357421875000e+01 1.129440593719482422e+01 8.169344902038574219e+00
9.934082031250000000e+00 1.759195327758789062e+01 1.526849651336669922e+01 1.789427757263183594e+01 1.708018112182617188e+01 1.658089828491210938e+01 1.014300823211669922e+01 1.254068183898925781e+01 1.219292449951171875e+01 1.516559410095214844e+01 1.351725864410400391e+01 1.279282951354980469e+01 1.066272449493408203e+01 1.506693267822265625e+01 1.317743015289306641e+01 1.622043418884277344e+01 1.519305801391601562e+01 1.365263366699218750e+01 0.000000000000000000e+00 1.081722450256347656e+01 8.734307289123535156e+00 9.707761764526367188e+00 1.046448326110839844e+01 9.767807006835937500e+00 9.189624786376953125e+00 1.380107402801513672e+01 1.060910415649414062e+01 1.511938476562500000e+01 1.299879360198974609e+01 1.228894996643066406e+01 1.020135974884033203e+01 1.444170379638671875e+01 1.218109512329101562e+01 1.549559116363525391e+01 1.397332668304443359e+01 1.254394149780273438e+01
1.104172897338867188e+01 9.934082031250000000e+00 1.177128696441650391e+01 1.502700328826904297e+01 1.322618770599365234e+01 1.274978733062744141e+01 1.680824851989746094e+01 1.014300823211669922e+01 1.450883865356445312e+01 1.708811569213867188e+01 1.491034889221191406e+01 1.441145706176757812e+01 1.531011581420898438e+01 1.066272449493408203e+01 1.328732395172119141e+01 1.631503295898437500e+01 1.454305934906005859e+01 1.309569931030273438e+01 1.081722450256347656e+01 0.000000000000000000e+00 8.689237594604492188e+00 9.675992012023925781e+00 9.299642562866210938e+00 8.764669418334960938e+00 1.457578277587890625e+01 9.189624786376953125e+00 1.107969951629638672e+01 1.545871639251708984e+01 1.252750968933105469e+01 1.197579002380371094e+01 1.528389263153076172e+01 1.020135974884033203e+01 1.265350151062011719e+01 1.587497425079345703e+01 1.359224319458007812e+01 1.229947662353515625e+01
1.080838584899902344e+01 1.448497581481933594e+01 9.934082031250000000e+00 1.585712718963623047e+01 1.392665958404541016e+01 1.331257152557373047e+01 1.447998809814453125e+01 1.209382343292236328e+01 1.014300823211669922e+01 1.580799770355224609e+01 1.317534351348876953e+01 1.243418693542480469e+01 1.436380672454833984e+01 1.420704460144042969e+01 1.066272449493408203e+01 1.639621162414550781e+01 1.440618896484375000e+01 1.277430152893066406e+01 8.734307289123535156e+00 8.689237594604492188e+00 0.000000000000000000e+00 9.145318031311035156e+00 8.359274864196777344e+00 7.474040985107421875e+00 1.445411777496337891e+01 1.404080963134765625e+01 9.189624786376953125e+00 1.631490898132324219e+01 1.332384681701660156e+01 1.263541412353515625e+01 1.457163810729980469e+01 1.410780334472656250e+01 1.020135974884033203e+01 1.617053985595703125e+01 1.369681262969970703e+01 1.223840236663818359e+01
8.102349281311035156e+00 1.260201549530029297e+01 1.063941478729248047e+01 9.934082031250000000e+00 1.224844074249267578e+01 1.189545059204101562e+01 1.281589889526367188e+01 1.005023288726806641e+01 1.109694194793701172e+01 1.014300823211669922e+01 1.163668727874755859e+01 1.116407489776611328e+01 1.235986137390136719e+01 1.218428325653076172e+01 1.121718311309814453e+01 1.066272449493408203e+01 1.269767856597900391e+01 1.118393039703369141e+01 9.707761764526367188e+00 9.675992012023925781e+00 9.145318031311035156e+00 0.000000000000000000e+00 9.750672340393066406e+00 9.447970390319824219e+00 1.134829616546630859e+01 1.082479095458984375e+01 8.366351127624511719e+00 9.189624786376953125e+00 1.022902011871337891e+01 9.745068550109863281e+00 1.251013183593750000e+01 1.197373485565185547e+01 1.067346382141113281e+01 1.020135974884033203e+01 1.179063510894775391e+01 1.045942783355712891e+01
1.116468334197998047e+01 1.397879314422607422e+01 1.196558094024658203e+01 1.541099929809570312e+01 9.934082031250000000e+00 1.278012752532958984e+01 1.555814075469970703e+01 1.250637626647949219e+01 1.311207485198974609e+01 1.614000892639160156e+01 1.014300823211669922e+01 1.285584831237792969e+01 1.468227577209472656e+01 1.374239826202392578e+01 1.263345241546630859e+01 1.600960731506347656e+01 1.066272449493408203e+01 1.227644538879394531e+01 1.046448326110839844e+01 9.299642562866210938e+00 8.359274864196777344e+00 9.750672340393066406e+00 0.000000000000000000e+00 8.207113265991210938e+00 1.479663944244384766e+01 1.359877300262451172e+01 1.145113182067871094e+01 1.595044708251953125e+01 9.189624786376953125e+00 1.216350746154785156e+01 1.522801589965820312e+01 1.401260566711425781e+01 1.266047954559326172e+01 1.610178947448730469e+01 1.020135974884033203e+01 1.214975166320800781e+01
1.064264488220214844e+01 1.372784805297851562e+01 1.148346519470214844e+01 1.531007862091064453e+01 1.299052619934082031e+01 9.934082031250000000e+00 1.526187610626220703e+01 1.231706142425537109e+01 1.276223945617675781e+01 1.611375045776367188e+01 1.323637962341308594e+01 1.014300823211669922e+01 1.522541141510009766e+01 1.447511291503906250e+01 1.326375579833984375e+01 1.675814247131347656e+01 1.453924655914306641e+01 1.066272449493408203e+01 9.767807006835937500e+00 8.764669418334960938e+00 7.474040985107421875e+00 9.447970390319824219e+00 8.207113265991210938e+00 0.000000000000000000e+00 1.444645977020263672e+01 1.338348484039306641e+01 1.099851036071777344e+01 1.588899898529052734e+01 1.247641372680664062e+01 9.189624786376953125e+00 1.554365158081054688e+01 1.450852203369140625e+01 1.304145526885986328e+01 1.665125083923339844e+01 1.397255992889404297e+01 1.020135974884033203e+01
8.229232788085937500e+00 1.701478958129882812e+01 1.582230949401855469e+01 1.547040653228759766e+01 1.690422821044921875e+01 1.651670265197753906e+01 7.147420883178710938e+00 1.079192352294921875e+01 1.204394531250000000e+01 1.132670593261718750e+01 1.248628330230712891e+01 1.186180782318115234e+01 7.756948947906494141e+00 1.358237361907958984e+01 1.297325706481933594e+01 1.263617992401123047e+01 1.422292327880859375e+01 1.271659946441650391e+01 9.189624786376953125e+00 1.457578277587890625e+01 1.445411777496337891e+01 1.134829616546630859e+01 1.479663944244384766e+01 1.444645977020263672e+01 0.000000000000000000e+00 1.081722450256347656e+01 8.734306335449218750e+00 9.707761764526367188e+00 1.046448326110839844e+01 9.767807960510253906e+00 6.686722278594970703e+00 1.265698337554931641e+01 1.171357345581054688e+01 1.143904876708984375e+01 1.268401813507080078e+01 1.126214790344238281e+01
8.942156791687011719e+00 8.229232788085937500e+00 1.203286170959472656e+01 1.157355594635009766e+01 1.256822967529296875e+01 1.222458171844482422e+01 1.482330226898193359e+01 7.147420883178710938e+00 1.399656105041503906e+01 1.339069747924804688e+01 1.358372497558593750e+01 1.318120479583740234e+01 1.303396701812744141e+01 7.756948947906494141e+00 1.265787792205810547e+01 1.231904888153076172e+01 1.311377906799316406e+01 1.165431118011474609e+01 1.380107402801513672e+01 9.189624786376953125e+00 1.404080963134765625e+01 1.082479095458984375e+01 1.359877300262451172e+01 1.338348484039306641e+01 1.081722450256347656e+01 0.000000000000000000e+00 8.689237594604492188e+00 9.675992012023925781e+00 9.299642562866210938e+00 8.764669418334960938e+00 1.277693080902099609e+01 6.686722278594970703e+00 1.174512290954589844e+01 1.147873687744140625e+01 1.180625438690185547e+01 1.047715187072753906e+01
6.137693405151367188e+00 1.190195274353027344e+01 8.229232788085937500e+00 1.106311798095703125e+01 1.182319068908691406e+01 1.126568317413330078e+01 1.047334003448486328e+01 7.567909240722656250e+00 7.147420883178710938e+00 1.000037956237792969e+01 9.929574966430664062e+00 9.136235237121582031e+00 1.022796821594238281e+01 1.054155445098876953e+01 7.756948947906494141e+00 1.082692050933837891e+01 1.143750762939453125e+01 9.503477096557617188e+00 1.060910415649414062e+01 1.107969951629638672e+01 9.189624786376953125e+00 8.366351127624511719e+00 1.145113182067871094e+01 1.099851036071777344e+01 8.734306335449218750e+00 8.689237594604492188e+00 0.000000000000000000e+00 9.145318031311035156e+00 8.359273910522460938e+00 7.474040508270263672e+00 1.023684120178222656e+01 1.012335491180419922e+01 6.686722278594970703e+00 1.020003032684326172e+01 1.024933910369873047e+01 8.430881500244140625e+00
9.197193145751953125e+00 1.373837757110595703e+01 1.342838859558105469e+01 8.229232788085937500e+00 1.392661094665527344e+01 1.375801658630371094e+01 1.274198722839355469e+01 1.049333667755126953e+01 1.301681041717529297e+01 7.147420883178710938e+00 1.259005546569824219e+01 1.231212806701660156e+01 1.221264648437500000e+01 1.248323631286621094e+01 1.305342674255371094e+01 7.756948947906494141e+00 1.351294136047363281e+01 1.225984668731689453e+01 1.511938476562500000e+01 1.545871639251708984e+01 1.631490898132324219e+01 9.189624786376953125e+00 1.595044708251953125e+01 1.588899898529052734e+01 9.707761764526367188e+00 9.675992012023925781e+00 9.145318031311035156e+00 0.000000000000000000e+00 9.750672340393066406e+00 9.447970390319824219e+00 1.212658023834228516e+01 1.203797149658203125e+01 1.235546684265136719e+01 6.686722278594970703e+00 1.243203735351562500e+01 1.134861660003662109e+01
8.288454055786132812e+00 1.226567935943603516e+01 1.163647842407226562e+01 1.147350120544433594e+01 8.229232788085937500e+00 1.167137241363525391e+01 1.285592460632324219e+01 9.519474983215332031e+00 1.197204017639160156e+01 1.156775665283203125e+01 7.147420883178710938e+00 1.083203029632568359e+01 1.170725250244140625e+01 1.101526355743408203e+01 1.137008762359619141e+01 1.130894088745117188e+01 7.756948947906494141e+00 1.005199909210205078e+01 1.299879360198974609e+01 1.252750968933105469e+01 1.332384681701660156e+01 1.022902011871337891e+01 9.189624786376953125e+00 1.247641372680664062e+01 1.046448326110839844e+01 9.299642562866210938e+00 8.359273910522460938e+00 9.750672340393066406e+00 0.000000000000000000e+00 8.207113265991210938e+00 1.214705657958984375e+01 1.109069919586181641e+01 1.114138793945312500e+01 1.118124198913574219e+01 6.686722278594970703e+00 9.597706794738769531e+00
7.311579227447509766e+00 1.181689548492431641e+01 1.096574306488037109e+01 1.116628074645996094e+01 1.157294464111328125e+01 8.229232788085937500e+00 1.234053993225097656e+01 9.059025764465332031e+00 1.142028999328613281e+01 1.136270141601562500e+01 1.093397426605224609e+01 7.147421360015869141e+00 1.222492218017578125e+01 1.175399494171142578e+01 1.190575504302978516e+01 1.218872261047363281e+01 1.241012763977050781e+01 7.756948947906494141e+00 1.228894996643066406e+01 1.197579002380371094e+01 1.263541412353515625e+01 9.745068550109863281e+00 1.216350746154785156e+01 9.189624786376953125e+00 9.767807960510253906e+00 8.764669418334960938e+00 7.474040508270263672e+00 9.447970390319824219e+00 8.207113265991210938e+00 0.000000000000000000e+00 1.238582420349121094e+01 1.154524326324462891e+01 1.140470600128173828e+01 1.179668235778808594e+01 1.149007987976074219e+01 6.686722278594970703e+00
9.850769042968750000e+00 1.789820671081542969e+01 1.623130989074707031e+01 1.663586235046386719e+01 1.756142234802246094e+01 1.775965118408203125e+01 8.427080154418945312e+00 1.174397850036621094e+01 1.219750976562500000e+01 1.250301361083984375e+01 1.300656318664550781e+01 1.318782997131347656e+01 8.169344902038574219e+00 1.387711048126220703e+01 1.259626579284667969e+01 1.320386409759521484e+01 1.421945285797119141e+01 1.347464942932128906e+01 1.020135974884033203e+01 1.528389263153076172e+01 1.457163810729980469e+01 1.251013183593750000e+01 1.522801589965820312e+01 1.554365158081054688e+01 6.686722278594970703e+00 1.277693080902099609e+01 1.023684120178222656e+01 1.212658023834228516e+01 1.214705657958984375e+01 1.238582420349121094e+01 0.000000000000000000e+00 1.081722354888916016e+01 8.734307289123535156e+00 9.707761764526367188e+00 1.046448326110839844e+01 9.767807006835937500e+00
1.038047218322753906e+01 9.850769996643066406e+00 1.250497436523437500e+01 1.303227710723876953e+01 1.338229274749755859e+01 1.380285453796386719e+01 1.543162345886230469e+01 8.427080154418945312e+00 1.407483482360839844e+01 1.434630584716796875e+01 1.400912666320800781e+01 1.433301162719726562e+01 1.322599124908447266e+01 8.169345855712890625e+00 1.220888900756835938e+01 1.284143829345703125e+01 1.305170917510986328e+01 1.241579151153564453e+01 1.444170379638671875e+01 1.020135974884033203e+01 1.410780334472656250e+01 1.197373485565185547e+01 1.401260566711425781e+01 1.450852203369140625e+01 1.265698337554931641e+01 6.686722278594970703e+00 1.012335491180419922e+01 1.203797149658203125e+01 1.109069919586181641e+01 1.154524326324462891e+01 1.081722354888916016e+01 0.000000000000000000e+00 8.689237594604492188e+00 9.675992012023925781e+00 9.299642562866210938e+00 8.764669418334960938e+00
9.121191024780273438e+00 1.373705387115478516e+01 9.850769996643066406e+00 1.326719379425048828e+01 1.336585426330566406e+01 1.362816143035888672e+01 1.207594013214111328e+01 9.743515968322753906e+00 8.427080154418945312e+00 1.201025009155273438e+01 1.131668281555175781e+01 1.152799320220947266e+01 1.128657150268554688e+01 1.163722896575927734e+01 8.169344902038574219e+00 1.216957855224609375e+01 1.212127494812011719e+01 1.124178791046142578e+01 1.218109512329101562e+01 1.265350151062011719e+01 1.020135974884033203e+01 1.067346382141113281e+01 1.266047954559326172e+01 1.304145526885986328e+01 1.171357345581054688e+01 1.174512290954589844e+01 6.686722278594970703e+00 1.235546684265136719e+01 1.114138793945312500e+01 1.140470600128173828e+01 8.734307289123535156e+00 8.689237594604492188e+00 0.000000000000000000e+00 9.145318031311035156e+00 8.359274864196777344e+00 7.474040985107421875e+00
1.028614139556884766e+01 1.454251480102539062e+01 1.361361694335937500e+01 9.850769996643066406e+00 1.443953800201416016e+01 1.495946884155273438e+01 1.319800281524658203e+01 1.111145782470703125e+01 1.284752464294433594e+01 8.427080154418945312e+00 1.279342937469482422e+01 1.329300117492675781e+01 1.214971828460693359e+01 1.248292827606201172e+01 1.235521984100341797e+01 8.169344902038574219e+00 1.320605278015136719e+01 1.273016357421875000e+01 1.549559116363525391e+01 1.587497425079345703e+01 1.617053985595703125e+01 1.020135974884033203e+01 1.610178947448730469e+01 1.665125083923339844e+01 1.143904876708984375e+01 1.147873687744140625e+01 1.020003032684326172e+01 6.686722278594970703e+00 1.118124198913574219e+01 1.179668235778808594e+01 9.707761764526367188e+00 9.675992012023925781e+00 9.145318031311035156e+00 0.000000000000000000e+00 9.750672340393066406e+00 9.447970390319824219e+00
1.023144721984863281e+01 1.370971584320068359e+01 1.245729732513427734e+01 1.325617885589599609e+01 9.850769996643066406e+00 1.361951828002929688e+01 1.385176944732666016e+01 1.089690208435058594e+01 1.239834785461425781e+01 1.298116874694824219e+01 8.427080154418945312e+00 1.253857612609863281e+01 1.225945949554443359e+01 1.166601848602294922e+01 1.123859691619873047e+01 1.221588134765625000e+01 8.169345855712890625e+00 1.129440593719482422e+01 1.397332668304443359e+01 1.359224319458007812e+01 1.369681262969970703e+01 1.179063510894775391e+01 1.020135974884033203e+01 1.397255992889404297e+01 1.268401813507080078e+01 1.180625438690185547e+01 1.024933910369873047e+01 1.243203735351562500e+01 6.686722278594970703e+00 1.149007987976074219e+01 1.046448326110839844e+01 9.299642562866210938e+00 8.359274864196777344e+00 9.750672340393066406e+00 0.000000000000000000e+00 8.207113265991210938e+00
8.336080551147460938e+00 1.253776073455810547e+01 1.095769691467285156e+01 1.219909477233886719e+01 1.197069072723388672e+01 9.850769996643066406e+00 1.260684871673583984e+01 9.499211311340332031e+00 1.099360275268554688e+01 1.199398803710937500e+01 1.093292617797851562e+01 8.427080154418945312e+00 1.194697856903076172e+01 1.153097438812255859e+01 1.090051269531250000e+01 1.224530887603759766e+01 1.185859203338623047e+01 8.169344902038574219e+00 1.254394149780273438e+01 1.229947662353515625e+01 1.223840236663818359e+01 1.045942783355712891e+01 1.214975166320800781e+01 1.020135974884033203e+01 1.126214790344238281e+01 1.047715187072753906e+01 8.430881500244140625e+00 1.134861660003662109e+01 9.597706794738769531e+00 6.686722278594970703e+00 9.767807006835937500e+00 8.764669418334960938e+00 7.474040985107421875e+00 9.447970390319824219e+00 8.207113265991210938e+00 0.000000000000000000e+00
