0.000000000000000000e+00 5.728983879089355469e+00 4.436346530914306641e+00 5.756870746612548828e+00 6.206621646881103516e+00 5.850945949554443359e+00 6.069920539855957031e+00 4.860415935516357422e+00 6.339745521545410156e+00 7.235135078430175781e+00 6.896757125854492188e+00 6.488533973693847656e+00 4.981180191040039062e+00 6.345395088195800781e+00 5.628020286560058594e+00 6.785053730010986328e+00 6.973872184753417969e+00 6.241165161132812500e+00 5.943677425384521484e+00 6.650005340576171875e+00 6.364505767822265625e+00 5.498194694519042969e+00 6.761316299438476562e+00 6.613501548767089844e+00 6.749917984008789062e+00 7.090486526489257812e+00 6.869943141937255859e+00 7.614171981811523438e+00 6.474272727966308594e+00 6.875027656555175781e+00 6.437655448913574219e+00 7.637979984283447266e+00 6.890886306762695312e+00 7.676208496093750000e+00 7.730858325958251953e+00 6.555340290069580078e+00
5.728983879089355469e+00 0.000000000000000000e+00 5.260647296905517578e+00 5.937382698059082031e+00 5.860543727874755859e+00 5.885334491729736328e+00 1.075670719146728516e+01 6.069920539855957031e+00 9.707067489624023438e+00 1.002495288848876953e+01 9.456776618957519531e+00 9.409899711608886719e+00 8.660414695739746094e+00 4.981180191040039062e+00 7.552298545837402344e+00 8.094275474548339844e+00 7.863083839416503906e+00 7.531607627868652344e+00 9.595548629760742188e+00 5.943677425384521484e+00 8.510354995727539062e+00 7.501139163970947266e+00 8.091056823730468750e+00 8.250331878662109375e+00 1.031941509246826172e+01 6.749917984008789062e+00 9.126720428466796875e+00 9.391178131103515625e+00 8.114657402038574219e+00 8.705014228820800781e+00 9.496872901916503906e+00 6.437655448913574219e+00 8.450057983398437500e+00 8.772745132446289062e+00 8.456708908081054688e+00 7.700779914855957031e+00
4.436346530914306641e+00 5.260647296905517578e+00 0.000000000000000000e+00 5.301114082336425781e+00 5.262015342712402344e+00 5.084033489227294922e+00 8.535681724548339844e+00 5.899960041046142578e+00 6.069920539855957031e+00 7.977478981018066406e+00 7.284548282623291016e+00 7.074435710906982422e+00 7.570471286773681641e+00 6.923575878143310547e+00 4.981180191040039062e+00 7.335933685302734375e+00 7.114791393280029297e+00 6.586705684661865234e+00 8.337265968322753906e+00 7.319649219512939453e+00 5.943677902221679688e+00 6.300153732299804688e+00 7.027346134185791016e+00 7.060720443725585938e+00 9.126281738281250000e+00 7.948244571685791016e+00 6.749917984008789062e+00 8.425099372863769531e+00 7.009230613708496094e+00 7.544951915740966797e+00 8.646666526794433594e+00 8.175093650817871094e+00 6.437655448913574219e+00 8.217340469360351562e+00 7.910315990447998047e+00 6.944536209106445312e+00
5.756870746612548828e+00 5.937382698059082031e+00 5.301114082336425781e+00 0.000000000000000000e+00 5.764847278594970703e+00 5.851081371307373047e+00 9.360759735107421875e+00 6.610084533691406250e+00 8.139491081237792969e+00 6.069920539855957031e+00 7.740470409393310547e+00 7.729228496551513672e+00 8.358856201171875000e+00 7.389996528625488281e+00 7.211935043334960938e+00 4.981179714202880859e+00 7.433906555175781250e+00 7.132355213165283203e+00 1.032993507385253906e+01 9.213714599609375000e+00 9.336288452148437500e+00 5.943677425384521484e+00 8.869354248046875000e+00 9.054208755493164062e+00 9.971474647521972656e+00 8.569340705871582031e+00 8.737510681152343750e+00 6.749918460845947266e+00 7.573299407958984375e+00 8.245904922485351562e+00 9.499776840209960938e+00 8.742469787597656250e+00 8.459653854370117188e+00 6.437655448913574219e+00 8.374860763549804688e+00 7.657340049743652344e+00
6.206621646881103516e+00 5.860543727874755859e+00 5.262015342712402344e+00 5.764847278594970703e+00 0.000000000000000000e+00 5.680194377899169922e+00 1.015711212158203125e+01 7.276618957519531250e+00 8.717845916748046875e+00 8.957673072814941406e+00 6.069920539855957031e+00 8.242144584655761719e+00 8.833669662475585938e+00 7.515860557556152344e+00 7.374391555786132812e+00 7.799247741699218750e+00 4.981180191040039062e+00 7.189061164855957031e+00 1.009868812561035156e+01 8.595425605773925781e+00 8.754919052124023438e+00 7.645658969879150391e+00 5.943677425384521484e+00 8.360831260681152344e+00 1.123614215850830078e+01 9.693659782409667969e+00 9.867679595947265625e+00 1.001173782348632812e+01 6.749917984008789062e+00 9.352240562438964844e+00 1.000824260711669922e+01 8.947782516479492188e+00 8.700076103210449219e+00 8.900306701660156250e+00 6.437655448913574219e+00 7.823228836059570312e+00
5.850945949554443359e+00 5.885334491729736328e+00 5.084033489227294922e+00 5.851081371307373047e+00 5.680194377899169922e+00 0.000000000000000000e+00 1.000269603729248047e+01 7.376718521118164062e+00 8.679574966430664062e+00 9.078392982482910156e+00 8.383563995361328125e+00 6.069920539855957031e+00 8.896026611328125000e+00 7.885017871856689453e+00 7.611465930938720703e+00 8.199031829833984375e+00 7.903854846954345703e+00 4.981180667877197266e+00 9.766438484191894531e+00 8.477083206176757812e+00 8.514434814453125000e+00 7.559511184692382812e+00 8.079624176025390625e+00 5.943677425384521484e+00 1.059829807281494141e+01 9.198904991149902344e+00 9.267755508422851562e+00 9.570693016052246094e+00 8.257578849792480469e+00 6.749917984008789062e+00 1.041064167022705078e+01 9.636343955993652344e+00 9.292739868164062500e+00 9.629239082336425781e+00 9.285101890563964844e+00 6.437655448913574219e+00
6.069920539855957031e+00 1.075670719146728516e+01 8.535681724548339844e+00 9.360759735107421875e+00 1.015711212158203125e+01 1.000269603729248047e+01 0.000000000000000000e+00 5.728983879089355469e+00 4.436346530914306641e+00 5.756870746612548828e+00 6.206621646881103516e+00 5.850945949554443359e+00 4.981532573699951172e+00 9.290269851684570312e+00 6.928987026214599609e+00 7.979898929595947266e+00 8.742953300476074219e+00 8.242093086242675781e+00 5.576573371887207031e+00 9.275505065917968750e+00 7.253312110900878906e+00 6.606007099151611328e+00 8.323887825012207031e+00 8.275609016418457031e+00 5.696427822113037109e+00 9.121646881103515625e+00 7.100474834442138672e+00 7.905808925628662109e+00 7.523623943328857422e+00 7.945459842681884766e+00 5.900296688079833984e+00 9.886878967285156250e+00 7.562219142913818359e+00 8.362570762634277344e+00 8.996504783630371094e+00 8.082018852233886719e+00
4.860415935516357422e+00 6.069920539855957031e+00 5.899960041046142578e+00 6.610084533691406250e+00 7.276618957519531250e+00 7.376718521118164062e+00 5.728983879089355469e+00 0.000000000000000000e+00 5.260647296905517578e+00 5.937382698059082031e+00 5.860543727874755859e+00 5.885334968566894531e+00 5.381890773773193359e+00 4.981532573699951172e+00 5.227993965148925781e+00 6.092418193817138672e+00 6.602338790893554688e+00 6.297897338867187500e+00 6.465590000152587891e+00 5.576573371887207031e+00 6.203886508941650391e+00 4.861555099487304688e+00 6.557084083557128906e+00 6.839131832122802734e+00 6.880163669586181641e+00 5.696427822113037109e+00 6.362082004547119141e+00 6.832193851470947266e+00 5.873231410980224609e+00 6.752779483795166016e+00 6.125286579132080078e+00 5.900296688079833984e+00 5.921550273895263672e+00 6.475177288055419922e+00 6.829736709594726562e+00 5.967158317565917969e+00
6.339745521545410156e+00 9.707067489624023438e+00 6.069920539855957031e+00 8.139491081237792969e+00 8.717845916748046875e+00 8.679574966430664062e+00 4.436346530914306641e+00 5.260647296905517578e+00 0.000000000000000000e+00 5.301114082336425781e+00 5.262015342712402344e+00 5.084033489227294922e+00 6.401782512664794922e+00 8.811822891235351562e+00 4.981532573699951172e+00 7.424622058868408203e+00 7.879839420318603516e+00 7.485445976257324219e+00 6.996295452117919922e+00 8.891397476196289062e+00 5.576573371887207031e+00 6.063694477081298828e+00 7.524796485900878906e+00 7.633370399475097656e+00 7.337858676910400391e+00 8.931478500366210938e+00 5.696427822113037109e+00 7.692579746246337891e+00 6.890957355499267578e+00 7.513845920562744141e+00 7.197375297546386719e+00 9.482144355773925781e+00 5.900296688079833984e+00 7.886721134185791016e+00 8.210437774658203125e+00 7.364806652069091797e+00
7.235135078430175781e+00 1.002495288848876953e+01 7.977478981018066406e+00 6.069920539855957031e+00 8.957673072814941406e+00 9.078392982482910156e+00 5.756870746612548828e+00 5.937382698059082031e+00 5.301114082336425781e+00 0.000000000000000000e+00 5.764847278594970703e+00 5.851081371307373047e+00 7.227424144744873047e+00 9.111466407775878906e+00 7.121091365814208984e+00 4.981532573699951172e+00 8.088818550109863281e+00 7.887466430664062500e+00 9.210869789123535156e+00 1.044349861145019531e+01 9.035018920898437500e+00 5.576573371887207031e+00 9.197761535644531250e+00 9.438627243041992188e+00 8.287332534790039062e+00 9.419380187988281250e+00 7.869333267211914062e+00 5.696427822113037109e+00 7.375992774963378906e+00 8.137624740600585938e+00 8.122654914855957031e+00 9.909798622131347656e+00 7.976858139038085938e+00 5.900296688079833984e+00 8.583175659179687500e+00 7.958836555480957031e+00
6.896757125854492188e+00 9.456776618957519531e+00 7.284548282623291016e+00 7.740470409393310547e+00 6.069920539855957031e+00 8.383563995361328125e+00 6.206621646881103516e+00 5.860543727874755859e+00 5.262015342712402344e+00 5.764847278594970703e+00 0.000000000000000000e+00 5.680194377899169922e+00 7.087763786315917969e+00 8.644789695739746094e+00 6.551112174987792969e+00 7.118235111236572266e+00 4.981532573699951172e+00 7.270606040954589844e+00 8.363822937011718750e+00 9.375122070312500000e+00 7.807136535644531250e+00 6.638106346130371094e+00 5.576573371887207031e+00 8.176182746887207031e+00 9.237853050231933594e+00 9.954679489135742188e+00 8.531757354736328125e+00 8.772697448730468750e+00 5.696427822113037109e+00 8.690678596496582031e+00 8.107662200927734375e+00 9.574635505676269531e+00 7.589026927947998047e+00 7.900825500488281250e+00 5.900296688079833984e+00 7.466498851776123047e+00
6.488533973693847656e+00 9.409899711608886719e+00 7.074435710906982422e+00 7.729228496551513672e+00 8.242144584655761719e+00 6.069920539855957031e+00 5.850945949554443359e+00 5.885334968566894531e+00 5.084033489227294922e+00 5.851081371307373047e+00 5.680194377899169922e+00 0.000000000000000000e+00 7.082822322845458984e+00 8.901805877685546875e+00 6.730098247528076172e+00 7.475929260253906250e+00 7.829357147216796875e+00 4.981532573699951172e+00 7.885287761688232422e+00 9.203093528747558594e+00 7.458068847656250000e+00 6.448174476623535156e+00 7.737932205200195312e+00 5.576573371887207031e+00 8.380654335021972656e+00 9.411314964294433594e+00 7.754707813262939453e+00 8.194383621215820312e+00 7.341655254364013672e+00 5.696427822113037109e+00 8.530833244323730469e+00 1.016338253021240234e+01 8.190325736999511719e+00 8.646053314208984375e+00 8.854807853698730469e+00 5.900296688079833984e+00
4.981180191040039062e+00 8.660414695739746094e+00 7.570471286773681641e+00 8.358856201171875000e+00 8.833669662475585938e+00 8.896026611328125000e+00 4.981532573699951172e+00 5.381890773773193359e+00 6.401782512664794922e+00 7.227424144744873047e+00 7.087763786315917969e+00 7.082822322845458984e+00 0.000000000000000000e+00 5.728983879089355469e+00 4.436346530914306641e+00 5.756870746612548828e+00 6.206621646881103516e+00 5.850945949554443359e+00 5.646895408630371094e+00 7.625751972198486328e+00 7.062986373901367188e+00 6.221498012542724609e+00 7.548175334930419922e+00 7.771236419677734375e+00 6.185859680175781250e+00 7.768386840820312500e+00 7.260736465454101562e+00 7.911752700805664062e+00 7.022753715515136719e+00 7.750034809112548828e+00 5.406729221343994141e+00 7.968527793884277344e+00 6.934864521026611328e+00 7.657039165496826172e+00 7.890178203582763672e+00 7.131295204162597656e+00
6.345395088195800781e+00 4.981180191040039062e+00 6.923575878143310547e+00 7.389996528625488281e+00 7.515860557556152344e+00 7.885017871856689453e+00 9.290269851684570312e+00 4.981532573699951172e+00 8.811822891235351562e+00 9.111466407775878906e+00 8.644789695739746094e+00 8.901805877685546875e+00 5.728983879089355469e+00 0.000000000000000000e+00 5.260646820068359375e+00 5.937382698059082031e+00 5.860543727874755859e+00 5.885334491729736328e+00 8.441877365112304688e+00 5.646895408630371094e+00 8.027179718017578125e+00 6.882920742034912109e+00 7.704243659973144531e+00 8.206845283508300781e+00 9.045683860778808594e+00 6.185859680175781250e+00 8.452798843383789062e+00 8.685912132263183594e+00 7.475371360778808594e+00 8.438301086425781250e+00 7.785276412963867188e+00 5.406729221343994141e+00 7.392031669616699219e+00 7.700503349304199219e+00 7.525640964508056641e+00 7.058011054992675781e+00
5.628020286560058594e+00 7.552298545837402344e+00 4.981180191040039062e+00 7.211935043334960938e+00 7.374391555786132812e+00 7.611465930938720703e+00 6.928987026214599609e+00 5.227993965148925781e+00 4.981532573699951172e+00 7.121091365814208984e+00 6.551112174987792969e+00 6.730098247528076172e+00 4.436346530914306641e+00 5.260646820068359375e+00 0.000000000000000000e+00 5.301114082336425781e+00 5.262015342712402344e+00 5.084033489227294922e+00 7.297358036041259766e+00 7.395137310028076172e+00 5.646895408630371094e+00 5.945596694946289062e+00 6.915520668029785156e+00 7.327262401580810547e+00 7.948193550109863281e+00 7.773591518402099609e+00 6.185859680175781250e+00 7.923624038696289062e+00 6.611616134643554688e+00 7.543514251708984375e+00 7.052335262298583984e+00 7.692342281341552734e+00 5.406729221343994141e+00 7.376452445983886719e+00 7.227939128875732422e+00 6.579571247100830078e+00
6.785053730010986328e+00 8.094275474548339844e+00 7.335933685302734375e+00 4.981179714202880859e+00 7.799247741699218750e+00 8.199031829833984375e+00 7.979898929595947266e+00 6.092418193817138672e+00 7.424622058868408203e+00 4.981532573699951172e+00 7.118235111236572266e+00 7.475929260253906250e+00 5.756870746612548828e+00 5.937382698059082031e+00 5.301114082336425781e+00 0.000000000000000000e+00 5.764846801757812500e+00 5.851081371307373047e+00 9.557768821716308594e+00 9.322300910949707031e+00 9.199368476867675781e+00 5.646895408630371094e+00 8.832226753234863281e+00 9.312125205993652344e+00 8.956394195556640625e+00 8.461068153381347656e+00 8.363582611083984375e+00 6.185859680175781250e+00 7.269179821014404297e+00 8.299109458923339844e+00 8.131316184997558594e+00 8.347019195556640625e+00 7.762539386749267578e+00 5.406729221343994141e+00 7.791678428649902344e+00 7.389248847961425781e+00
6.973872184753417969e+00 7.863083839416503906e+00 7.114791393280029297e+00 7.433906555175781250e+00 4.981180191040039062e+00 7.903854846954345703e+00 8.742953300476074219e+00 6.602338790893554688e+00 7.879839420318603516e+00 8.088818550109863281e+00 4.981532573699951172e+00 7.829357147216796875e+00 6.206621646881103516e+00 5.860543727874755859e+00 5.262015342712402344e+00 5.764846801757812500e+00 0.000000000000000000e+00 5.680194377899169922e+00 9.156648635864257812e+00 8.550521850585937500e+00 8.445593833923339844e+00 7.227280139923095703e+00 5.646895408630371094e+00 8.476898193359375000e+00 1.021053028106689453e+01 9.452009201049804688e+00 9.391158103942871094e+00 9.495034217834472656e+00 6.185859680175781250e+00 9.249974250793457031e+00 8.558903694152832031e+00 8.397744178771972656e+00 7.848562717437744141e+00 8.013870239257812500e+00 5.406729221343994141e+00 7.374712467193603516e+00
6.241165161132812500e+00 7.531607627868652344e+00 6.586705684661865234e+00 7.132355213165283203e+00 7.189061164855957031e+00 4.981180667877197266e+00 8.242093086242675781e+00 6.297897338867187500e+00 7.485445976257324219e+00 7.887466430664062500e+00 7.270606040954589844e+00 4.981532573699951172e+00 5.850945949554443359e+00 5.885334491729736328e+00 5.084033489227294922e+00 5.851081371307373047e+00 5.680194377899169922e+00 0.000000000000000000e+00 8.476430892944335938e+00 8.105360984802246094e+00 7.860082149505615234e+00 6.747556686401367188e+00 7.513075828552246094e+00 5.646895408630371094e+00 9.215954780578613281e+00 8.637077331542968750e+00 8.445111274719238281e+00 8.724953651428222656e+00 7.449625492095947266e+00 6.185859680175781250e+00 8.722224235534667969e+00 8.827470779418945312e+00 8.177376747131347656e+00 8.504983901977539062e+00 8.283011436462402344e+00 5.406729221343994141e+00
5.943677425384521484e+00 9.595548629760742188e+00 8.337265968322753906e+00 1.032993507385253906e+01 1.009868812561035156e+01 9.766438484191894531e+00 5.576573371887207031e+00 6.465590000152587891e+00 6.996295452117919922e+00 9.210869789123535156e+00 8.363822937011718750e+00 7.885287761688232422e+00 5.646895408630371094e+00 8.441877365112304688e+00 7.297358036041259766e+00 9.557768821716308594e+00 9.156648635864257812e+00 8.476430892944335938e+00 0.000000000000000000e+00 5.728983879089355469e+00 4.436346530914306641e+00 5.756870746612548828e+00 6.206621646881103516e+00 5.850945949554443359e+00 6.184545040130615234e+00 8.178519248962402344e+00 7.374608516693115234e+00 9.428760528564453125e+00 7.920697212219238281e+00 8.110219001770019531e+00 6.089087963104248047e+00 8.826002120971679688e+00 7.590746879577636719e+00 9.633092880249023438e+00 9.139682769775390625e+00 8.026739120483398438e+00
6.650005340576171875e+00 5.943677425384521484e+00 7.319649219512939453e+00 9.213714599609375000e+00 8.595425605773925781e+00 8.477083206176757812e+00 9.275505065917968750e+00 5.576573371887207031e+00 8.891397476196289062e+00 1.044349861145019531e+01 9.375122070312500000e+00 9.203093528747558594e+00 7.625751972198486328e+00 5.646895408630371094e+00 7.395137310028076172e+00 9.322300910949707031e+00 8.550521850585937500e+00 8.105360984802246094e+00 5.728983879089355469e+00 0.000000000000000000e+00 5.260647296905517578e+00 5.937382698059082031e+00 5.860543727874755859e+00 5.885334491729736328e+00 8.674764633178710938e+00 6.184545040130615234e+00 8.158417701721191406e+00 9.756750106811523438e+00 7.921043872833251953e+00 8.388142585754394531e+00 7.867540359497070312e+00 6.089087963104248047e+00 7.590297698974609375e+00 9.322411537170410156e+00 8.447340965270996094e+00 7.538704395294189453e+00
6.364505767822265625e+00 8.510354995727539062e+00 5.943677902221679688e+00 9.336288452148437500e+00 8.754919052124023438e+00 8.514434814453125000e+00 7.253312110900878906e+00 6.203886508941650391e+00 5.576573371887207031e+00 9.035018920898437500e+00 7.807136535644531250e+00 7.458068847656250000e+00 7.062986373901367188e+00 8.027179718017578125e+00 5.646895408630371094e+00 9.199368476867675781e+00 8.445593833923339844e+00 7.860082149505615234e+00 4.436346530914306641e+00 5.260647296905517578e+00 0.000000000000000000e+00 5.301114082336425781e+00 5.262015342712402344e+00 5.084033489227294922e+00 7.840579032897949219e+00 8.079990386962890625e+00 6.184545040130615234e+00 9.349154472351074219e+00 7.446409225463867188e+00 7.806048870086669922e+00 7.476421356201171875e+00 8.478807449340820312e+00 6.089087963104248047e+00 9.321771621704101562e+00 8.475799560546875000e+00 7.428396701812744141e+00
5.498194694519042969e+00 7.501139163970947266e+00 6.300153732299804688e+00 5.943677425384521484e+00 7.645658969879150391e+00 7.559511184692382812e+00 6.606007099151611328e+00 4.861555099487304688e+00 6.063694477081298828e+00 5.576573371887207031e+00 6.638106346130371094e+00 6.448174476623535156e+00 6.221498012542724609e+00 6.882920742034912109e+00 5.945596694946289062e+00 5.646895408630371094e+00 7.227280139923095703e+00 6.747556686401367188e+00 5.756870746612548828e+00 5.937382698059082031e+00 5.301114082336425781e+00 0.000000000000000000e+00 5.764847755432128906e+00 5.851081371307373047e+00 7.340217113494873047e+00 7.197782039642333984e+00 6.730092048645019531e+00 6.184545040130615234e+00 6.319604396820068359e+00 6.947365760803222656e+00 6.902218818664550781e+00 7.599449634552001953e+00 6.592583179473876953e+00 6.089087486267089844e+00 7.461045742034912109e+00 6.469326972961425781e+00
6.761316299438476562e+00 8.091056823730468750e+00 7.027346134185791016e+00 8.869354248046875000e+00 5.943677425384521484e+00 8.079624176025390625e+00 8.323887825012207031e+00 6.557084083557128906e+00 7.524796485900878906e+00 9.197761535644531250e+00 5.576573371887207031e+00 7.737932205200195312e+00 7.548175334930419922e+00 7.704243659973144531e+00 6.915520668029785156e+00 8.832226753234863281e+00 5.646895408630371094e+00 7.513075828552246094e+00 6.206621646881103516e+00 5.860543727874755859e+00 5.262015342712402344e+00 5.764847755432128906e+00 0.000000000000000000e+00 5.680194377899169922e+00 9.529115676879882812e+00 9.079988479614257812e+00 8.742183685302734375e+00 1.015020751953125000e+01 6.184545040130615234e+00 8.822698593139648438e+00 8.225841522216796875e+00 8.455078125000000000e+00 7.595551490783691406e+00 9.217033386230468750e+00 6.089087486267089844e+00 7.384097576141357422e+00
6.613501548767089844e+00 8.250331878662109375e+00 7.060720443725585938e+00 9.054208755493164062e+00 8.360831260681152344e+00 5.943677425384521484e+00 8.275609016418457031e+00 6.839131832122802734e+00 7.633370399475097656e+00 9.438627243041992188e+00 8.176182746887207031e+00 5.576573371887207031e+00 7.771236419677734375e+00 8.206845283508300781e+00 7.327262401580810547e+00 9.312125205993652344e+00 8.476898193359375000e+00 5.646895408630371094e+00 5.850945949554443359e+00 5.885334491729736328e+00 5.084033489227294922e+00 5.851081371307373047e+00 5.680194377899169922e+00 0.000000000000000000e+00 8.898800849914550781e+00 8.683926582336425781e+00 8.201071739196777344e+00 9.833697319030761719e+00 7.948987483978271484e+00 6.184545040130615234e+00 8.842656135559082031e+00 9.305709838867187500e+00 8.406408309936523438e+00 1.003853034973144531e+01 9.173781394958496094e+00 6.089087486267089844e+00
6.749917984008789062e+00 1.031941509246826172e+01 9.126281738281250000e+00 9.971474647521972656e+00 1.123614215850830078e+01 1.059829807281494141e+01 5.696427822113037109e+00 6.880163669586181641e+00 7.337858676910400391e+00 8.287332534790039062e+00 9.237853050231933594e+00 8.380654335021972656e+00 6.185859680175781250e+00 9.045683860778808594e+00 7.948193550109863281e+00 8.956394195556640625e+00 1.021053028106689453e+01 9.215954780578613281e+00 6.184545040130615234e+00 8.674764633178710938e+00 7.840579032897949219e+00 7.340217113494873047e+00 9.529115676879882812e+00 8.898800849914550781e+00 0.000000000000000000e+00 5.728983879089355469e+00 4.436346530914306641e+00 5.756870746612548828e+00 6.206621646881103516e+00 5.850945949554443359e+00 6.574833393096923828e+00 9.393157958984375000e+00 8.204620361328125000e+00 9.024220466613769531e+00 1.018423080444335938e+01 8.791272163391113281e+00
7.090486526489257812e+00 6.749917984008789062e+00 7.948244571685791016e+00 8.569340705871582031e+00 9.693659782409667969e+00 9.198904991149902344e+00 9.121646881103515625e+00 5.696427822113037109e+00 8.931478500366210938e+00 9.419380187988281250e+00 9.954679489135742188e+00 9.411314964294433594e+00 7.768386840820312500e+00 6.185859680175781250e+00 7.773591518402099609e+00 8.461068153381347656e+00 9.452009201049804688e+00 8.637077331542968750e+00 8.178519248962402344e+00 6.184545040130615234e+00 8.079990386962890625e+00 7.197782039642333984e+00 9.079988479614257812e+00 8.683926582336425781e+00 5.728983879089355469e+00 0.000000000000000000e+00 5.260647296905517578e+00 5.937382698059082031e+00 5.860543727874755859e+00 5.885334491729736328e+00 7.991743087768554688e+00 6.574833393096923828e+00 7.945268630981445312e+00 8.447826385498046875e+00 9.346691131591796875e+00 8.093721389770507812e+00
6.869943141937255859e+00 9.126720428466796875e+00 6.749917984008789062e+00 8.737510681152343750e+00 9.867679595947265625e+00 9.267755508422851562e+00 7.100474834442138672e+00 6.362082004547119141e+00 5.696427822113037109e+00 7.869333267211914062e+00 8.531757354736328125e+00 7.754707813262939453e+00 7.260736465454101562e+00 8.452798843383789062e+00 6.185859680175781250e+00 8.363582611083984375e+00 9.391158103942871094e+00 8.445111274719238281e+00 7.374608516693115234e+00 8.158417701721191406e+00 6.184545040130615234e+00 6.730092048645019531e+00 8.742183685302734375e+00 8.201071739196777344e+00 4.436346530914306641e+00 5.260647296905517578e+00 0.000000000000000000e+00 5.301114082336425781e+00 5.262015342712402344e+00 5.084033489227294922e+00 7.648751735687255859e+00 8.870083808898925781e+00 6.574833393096923828e+00 8.484727859497070312e+00 9.406328201293945312e+00 8.030821800231933594e+00
7.614171981811523438e+00 9.391178131103515625e+00 8.425099372863769531e+00 6.749918460845947266e+00 1.001173782348632812e+01 9.570693016052246094e+00 7.905808925628662109e+00 6.832193851470947266e+00 7.692579746246337891e+00 5.696427822113037109e+00 8.772697448730468750e+00 8.194383621215820312e+00 7.911752700805664062e+00 8.685912132263183594e+00 7.923624038696289062e+00 6.185859680175781250e+00 9.495034217834472656e+00 8.724953651428222656e+00 9.428760528564453125e+00 9.756750106811523438e+00 9.349154472351074219e+00 6.184545040130615234e+00 1.015020751953125000e+01 9.833697319030761719e+00 5.756870746612548828e+00 5.937382698059082031e+00 5.301114082336425781e+00 0.000000000000000000e+00 5.764847278594970703e+00 5.851081371307373047e+00 8.444135665893554688e+00 9.251817703247070312e+00 8.406538009643554688e+00 6.574833393096923828e+00 9.662468910217285156e+00 8.498323440551757812e+00
6.474272727966308594e+00 8.114657402038574219e+00 7.009230613708496094e+00 7.573299407958984375e+00 6.749917984008789062e+00 8.257578849792480469e+00 7.523623943328857422e+00 5.873231410980224609e+00 6.890957355499267578e+00 7.375992774963378906e+00 5.696427822113037109e+00 7.341655254364013672e+00 7.022753715515136719e+00 7.475371360778808594e+00 6.611616134643554688e+00 7.269179821014404297e+00 6.185859680175781250e+00 7.449625492095947266e+00 7.920697212219238281e+00 7.921043872833251953e+00 7.446409225463867188e+00 6.319604396820068359e+00 6.184545040130615234e+00 7.948987483978271484e+00 6.206621646881103516e+00 5.860543727874755859e+00 5.262015342712402344e+00 5.764847278594970703e+00 0.000000000000000000e+00 5.680194377899169922e+00 7.731920719146728516e+00 8.233356475830078125e+00 7.304481506347656250e+00 7.717543601989746094e+00 6.574832916259765625e+00 7.304077148437500000e+00
6.875027656555175781e+00 8.705014228820800781e+00 7.544951915740966797e+00 8.245904922485351562e+00 9.352240562438964844e+00 6.749917984008789062e+00 7.945459842681884766e+00 6.752779483795166016e+00 7.513845920562744141e+00 8.137624740600585938e+00 8.690678596496582031e+00 5.696427822113037109e+00 7.750034809112548828e+00 8.438301086425781250e+00 7.543514251708984375e+00 8.299109458923339844e+00 9.249974250793457031e+00 6.185859680175781250e+00 8.110219001770019531e+00 8.388142585754394531e+00 7.806048870086669922e+00 6.947365760803222656e+00 8.822698593139648438e+00 6.184545040130615234e+00 5.850945949554443359e+00 5.885334491729736328e+00 5.084033489227294922e+00 5.851081371307373047e+00 5.680194377899169922e+00 0.000000000000000000e+00 8.811215400695800781e+00 9.498570442199707031e+00 8.582397460937500000e+00 9.094264984130859375e+00 9.881119728088378906e+00 6.574833393096923828e+00
6.437655448913574219e+00 9.496872901916503906e+00 8.646666526794433594e+00 9.499776840209960938e+00 1.000824260711669922e+01 1.041064167022705078e+01 5.900296688079833984e+00 6.125286579132080078e+00 7.197375297546386719e+00 8.122654914855957031e+00 8.107662200927734375e+00 8.530833244323730469e+00 5.406729221343994141e+00 7.785276412963867188e+00 7.052335262298583984e+00 8.131316184997558594e+00 8.558903694152832031e+00 8.722224235534667969e+00 6.089087963104248047e+00 7.867540359497070312e+00 7.476421356201171875e+00 6.902218818664550781e+00 8.225841522216796875e+00 8.842656135559082031e+00 6.574833393096923828e+00 7.991743087768554688e+00 7.648751735687255859e+00 8.444135665893554688e+00 7.731920719146728516e+00 8.811215400695800781e+00 0.000000000000000000e+00 5.728983879089355469e+00 4.436346530914306641e+00 5.756870746612548828e+00 6.206621646881103516e+00 5.850945949554443359e+00
7.637979984283447266e+00 6.437655448913574219e+00 8.175093650817871094e+00 8.742469787597656250e+00 8.947782516479492188e+00 9.636343955993652344e+00 9.886878967285156250e+00 5.900296688079833984e+00 9.482144355773925781e+00 9.909798622131347656e+00 9.574635505676269531e+00 1.016338253021240234e+01 7.968527793884277344e+00 5.406729221343994141e+00 7.692342281341552734e+00 8.347019195556640625e+00 8.397744178771972656e+00 8.827470779418945312e+00 8.826002120971679688e+00 6.089087963104248047e+00 8.478807449340820312e+00 7.599449634552001953e+00 8.455078125000000000e+00 9.305709838867187500e+00 9.393157958984375000e+00 6.574833393096923828e+00 8.870083808898925781e+00 9.251817703247070312e+00 8.233356475830078125e+00 9.498570442199707031e+00 5.728983879089355469e+00 0.000000000000000000e+00 5.260646820068359375e+00 5.937382698059082031e+00 5.860543727874755859e+00 5.885334491729736328e+00
6.890886306762695312e+00 8.450057983398437500e+00 6.437655448913574219e+00 8.459653854370117188e+00 8.700076103210449219e+00 9.292739868164062500e+00 7.562219142913818359e+00 5.921550273895263672e+00 5.900296688079833984e+00 7.976858139038085938e+00 7.589026927947998047e+00 8.190325736999511719e+00 6.934864521026611328e+00 7.392031669616699219e+00 5.406729221343994141e+00 7.762539386749267578e+00 7.848562717437744141e+00 8.177376747131347656e+00 7.590746879577636719e+00 7.590297698974609375e+00 6.089087963104248047e+00 6.592583179473876953e+00 7.595551490783691406e+00 8.406408309936523438e+00 8.204620361328125000e+00 7.945268630981445312e+00 6.574833393096923828e+00 8.406538009643554688e+00 7.304481506347656250e+00 8.582397460937500000e+00 4.436346530914306641e+00 5.260646820068359375e+00 0.000000000000000000e+00 5.301114082336425781e+00 5.262015342712402344e+00 5.084033489227294922e+00
7.676208496093750000e+00 8.772745132446289062e+00 8.217340469360351562e+00 6.437655448913574219e+00 8.900306701660156250e+00 9.629239082336425781e+00 8.362570762634277344e+00 6.475177288055419922e+00 7.886721134185791016e+00 5.900296688079833984e+00 7.900825500488281250e+00 8.646053314208984375e+00 7.657039165496826172e+00 7.700503349304199219e+00 7.376452445983886719e+00 5.406729221343994141e+00 8.013870239257812500e+00 8.504983901977539062e+00 9.633092880249023438e+00 9.322411537170410156e+00 9.321771621704101562e+00 6.089087486267089844e+00 9.217033386230468750e+00 1.003853034973144531e+01 9.024220466613769531e+00 8.447826385498046875e+00 8.484727859497070312e+00 6.574833393096923828e+00 7.717543601989746094e+00 9.094264984130859375e+00 5.756870746612548828e+00 5.937382698059082031e+00 5.301114082336425781e+00 0.000000000000000000e+00 5.764846801757812500e+00 5.851081371307373047e+00
7.730858325958251953e+00 8.456708908081054688e+00 7.910315990447998047e+00 8.374860763549804688e+00 6.437655448913574219e+00 9.285101890563964844e+00 8.996504783630371094e+00 6.829736709594726562e+00 8.210437774658203125e+00 8.583175659179687500e+00 5.900296688079833984e+00 8.854807853698730469e+00 7.890178203582763672e+00 7.525640964508056641e+00 7.227939128875732422e+00 7.791678428649902344e+00 5.406729221343994141e+00 8.283011436462402344e+00 9.139682769775390625e+00 8.447340965270996094e+00 8.475799560546875000e+00 7.461045742034912109e+00 6.089087486267089844e+00 9.173781394958496094e+00 1.018423080444335938e+01 9.346691131591796875e+00 9.406328201293945312e+00 9.662468910217285156e+00 6.574832916259765625e+00 9.881119728088378906e+00 6.206621646881103516e+00 5.860543727874755859e+00 5.262015342712402344e+00 5.764846801757812500e+00 0.000000000000000000e+00 5.680194377899169922e+00
6.555340290069580078e+00 7.700779914855957031e+00 6.944536209106445312e+00 7.657340049743652344e+00 7.823228836059570312e+00 6.437655448913574219e+00 8.082018852233886719e+00 5.967158317565917969e+00 7.364806652069091797e+00 7.958836555480957031e+00 7.466498851776123047e+00 5.900296688079833984e+00 7.131295204162597656e+00 7.058011054992675781e+00 6.579571247100830078e+00 7.389248847961425781e+00 7.374712467193603516e+00 5.406729221343994141e+00 8.026739120483398438e+00 7.538704395294189453e+00 7.428396701812744141e+00 6.469326972961425781e+00 7.384097576141357422e+00 6.089087486267089844e+00 8.791272163391113281e+00 8.093721389770507812e+00 8.030821800231933594e+00 8.498323440551757812e+00 7.304077148437500000e+00 6.574833393096923828e+00 5.850945949554443359e+00 5.885334491729736328e+00 5.084033489227294922e+00 5.851081371307373047e+00 5.680194377899169922e+00 0.000000000000000000e+00
