0.000000000000000000e+00 1.067373657226562500e+01 9.006578445434570312e+00 9.029297828674316406e+00 1.054366111755371094e+01 1.026057243347167969e+01 1.066170024871826172e+01 9.446549415588378906e+00 1.034396934509277344e+01 1.071793460845947266e+01 1.106901741027832031e+01 1.013279151916503906e+01 9.950171470642089844e+00 1.122996711730957031e+01 1.008176708221435547e+01 1.107206439971923828e+01 1.164771080017089844e+01 1.005298042297363281e+01 9.570556640625000000e+00 1.152810096740722656e+01 1.102873516082763672e+01 8.583291053771972656e+00 1.130608654022216797e+01 1.113567638397216797e+01 9.234088897705078125e+00 9.779527664184570312e+00 7.040596961975097656e+00 9.678772926330566406e+00 9.032564163208007812e+00 8.797044754028320312e+00 1.030401420593261719e+01 1.088570785522460938e+01 9.646647453308105469e+00 1.054619598388671875e+01 1.103394222259521484e+01 9.105779647827148438e+00
1.067373657226562500e+01 0.000000000000000000e+00 8.837819099426269531e+00 9.883594512939453125e+00 1.011629581451416016e+01 9.213504791259765625e+00 1.913017654418945312e+01 1.066170024871826172e+01 1.556757831573486328e+01 1.641324234008789062e+01 1.587630271911621094e+01 1.485415649414062500e+01 1.731349182128906250e+01 9.950171470642089844e+00 1.361811447143554688e+01 1.501899528503417969e+01 1.461718940734863281e+01 1.294195175170898438e+01 1.667786979675292969e+01 9.570556640625000000e+00 1.382926940917968750e+01 1.274587154388427734e+01 1.384288024902343750e+01 1.327552890777587891e+01 1.739985466003417969e+01 9.234088897705078125e+00 1.225220489501953125e+01 1.460800361633300781e+01 1.327839374542236328e+01 1.267103767395019531e+01 1.793611145019531250e+01 1.030401420593261719e+01 1.384374046325683594e+01 1.513215827941894531e+01 1.464654445648193359e+01 1.281121730804443359e+01
9.006578445434570312e+00 8.837819099426269531e+00 0.000000000000000000e+00 8.922259330749511719e+00 8.507099151611328125e+00 8.130291938781738281e+00 1.681020164489746094e+01 1.188310813903808594e+01 1.066170024871826172e+01 1.416845703125000000e+01 1.309647464752197266e+01 1.229993057250976562e+01 1.608125114440917969e+01 1.299126148223876953e+01 9.950171470642089844e+00 1.411210155487060547e+01 1.324210929870605469e+01 1.184765911102294922e+01 1.495978164672851562e+01 1.217195701599121094e+01 9.570556640625000000e+00 1.108297729492187500e+01 1.183682918548583984e+01 1.165789890289306641e+01 1.682865715026855469e+01 1.329038715362548828e+01 9.234088897705078125e+00 1.444209003448486328e+01 1.263352680206298828e+01 1.245098876953125000e+01 1.677869224548339844e+01 1.330076599121093750e+01 1.030401420593261719e+01 1.426653671264648438e+01 1.331101703643798828e+01 1.174609851837158203e+01
9.029297828674316406e+00 9.883594512939453125e+00 8.922259330749511719e+00 0.000000000000000000e+00 9.350413322448730469e+00 9.305353164672851562e+00 1.659897422790527344e+01 1.238224697113037109e+01 1.363128376007080078e+01 1.066170024871826172e+01 1.338321685791015625e+01 1.281833171844482422e+01 1.544272232055664062e+01 1.295424556732177734e+01 1.257273960113525391e+01 9.950170516967773438e+00 1.303357791900634766e+01 1.184551334381103516e+01 1.650983619689941406e+01 1.470050334930419922e+01 1.481796550750732422e+01 9.570556640625000000e+00 1.426674079895019531e+01 1.430959224700927734e+01 1.548917770385742188e+01 1.234965229034423828e+01 1.100800800323486328e+01 9.234088897705078125e+00 1.144406414031982422e+01 1.148112297058105469e+01 1.625360488891601562e+01 1.336914730072021484e+01 1.296243572235107422e+01 1.030401420593261719e+01 1.320939064025878906e+01 1.186187744140625000e+01
1.054366111755371094e+01 1.011629581451416016e+01 8.507099151611328125e+00 9.350413322448730469e+00 0.000000000000000000e+00 9.001467704772949219e+00 1.808751296997070312e+01 1.341512393951416016e+01 1.416218566894531250e+01 1.493631839752197266e+01 1.066170024871826172e+01 1.344388389587402344e+01 1.687246894836425781e+01 1.374876213073730469e+01 1.293830871582031250e+01 1.424774074554443359e+01 9.950171470642089844e+00 1.230101680755615234e+01 1.666436576843261719e+01 1.400873661041259766e+01 1.370481872558593750e+01 1.243027114868164062e+01 9.570556640625000000e+00 1.321692562103271484e+01 1.764333152770996094e+01 1.410318946838378906e+01 1.247687053680419922e+01 1.464345073699951172e+01 9.234088897705078125e+00 1.296090412139892578e+01 1.768997383117675781e+01 1.423035526275634766e+01 1.341281986236572266e+01 1.458485031127929688e+01 1.030401420593261719e+01 1.241998004913330078e+01
1.026057243347167969e+01 9.213504791259765625e+00 8.130291938781738281e+00 9.305353164672851562e+00 9.001467704772949219e+00 0.000000000000000000e+00 1.830925750732421875e+01 1.328439044952392578e+01 1.443116855621337891e+01 1.536923027038574219e+01 1.444501590728759766e+01 1.066170024871826172e+01 1.753590965270996094e+01 1.415256214141845703e+01 1.377853584289550781e+01 1.519456672668457031e+01 1.444817161560058594e+01 9.950171470642089844e+00 1.642396354675292969e+01 1.329393672943115234e+01 1.339730644226074219e+01 1.231283473968505859e+01 1.305974197387695312e+01 9.570556640625000000e+00 1.742720794677734375e+01 1.340742206573486328e+01 1.215372371673583984e+01 1.455677890777587891e+01 1.282983207702636719e+01 9.234088897705078125e+00 1.843878936767578125e+01 1.476466941833496094e+01 1.437281703948974609e+01 1.564673995971679688e+01 1.483719348907470703e+01 1.030401420593261719e+01
1.066170024871826172e+01 1.913017654418945312e+01 1.681020164489746094e+01 1.659897422790527344e+01 1.808751296997070312e+01 1.830925750732421875e+01 0.000000000000000000e+00 1.067373657226562500e+01 9.006578445434570312e+00 9.029298782348632812e+00 1.054366111755371094e+01 1.026057243347167969e+01 9.083432197570800781e+00 1.574732303619384766e+01 1.315056705474853516e+01 1.365354728698730469e+01 1.488252353668212891e+01 1.417190742492675781e+01 9.600604057312011719e+00 1.648745918273925781e+01 1.449143218994140625e+01 1.243281364440917969e+01 1.518950653076171875e+01 1.551957035064697266e+01 7.525019168853759766e+00 1.433038139343261719e+01 1.042689228057861328e+01 1.205661964416503906e+01 1.246042442321777344e+01 1.284613513946533203e+01 8.511557579040527344e+00 1.493772697448730469e+01 1.212948036193847656e+01 1.256272602081298828e+01 1.379634952545166016e+01 1.286339282989501953e+01
9.446549415588378906e+00 1.066170024871826172e+01 1.188310813903808594e+01 1.238224697113037109e+01 1.341512393951416016e+01 1.328439044952392578e+01 1.067373657226562500e+01 0.000000000000000000e+00 8.837820053100585938e+00 9.883595466613769531e+00 1.011629581451416016e+01 9.213504791259765625e+00 1.203730201721191406e+01 9.083433151245117188e+00 1.088049793243408203e+01 1.228966236114501953e+01 1.269328022003173828e+01 1.135392093658447266e+01 1.184753990173339844e+01 9.600604057312011719e+00 1.188503837585449219e+01 1.024675559997558594e+01 1.249622726440429688e+01 1.243906307220458984e+01 1.165114879608154297e+01 7.525019168853759766e+00 8.420414924621582031e+00 1.125673294067382812e+01 1.056539249420166016e+01 1.047984886169433594e+01 1.223171520233154297e+01 8.511558532714843750e+00 1.036110401153564453e+01 1.171404647827148438e+01 1.203118705749511719e+01 1.040748500823974609e+01
1.034396934509277344e+01 1.556757831573486328e+01 1.066170024871826172e+01 1.363128376007080078e+01 1.416218566894531250e+01 1.443116855621337891e+01 9.006578445434570312e+00 8.837820053100585938e+00 0.000000000000000000e+00 8.922259330749511719e+00 8.507099151611328125e+00 8.130291938781738281e+00 1.242243671417236328e+01 1.424241256713867188e+01 9.083433151245117188e+00 1.323584461212158203e+01 1.316742897033691406e+01 1.234321689605712891e+01 1.168668079376220703e+01 1.411747837066650391e+01 9.600604057312011719e+00 1.076762676239013672e+01 1.245839214324951172e+01 1.284397888183593750e+01 1.291389274597167969e+01 1.409122180938720703e+01 7.525019168853759766e+00 1.313258743286132812e+01 1.206185626983642578e+01 1.244466781616210938e+01 1.264934158325195312e+01 1.391958618164062500e+01 8.511558532714843750e+00 1.274132251739501953e+01 1.256908893585205078e+01 1.152084732055664062e+01
1.071793460845947266e+01 1.641324234008789062e+01 1.416845703125000000e+01 1.066170024871826172e+01 1.493631839752197266e+01 1.536923027038574219e+01 9.029298782348632812e+00 9.883595466613769531e+00 8.922259330749511719e+00 0.000000000000000000e+00 9.350413322448730469e+00 9.305353164672851562e+00 1.190187168121337891e+01 1.446902179718017578e+01 1.220832824707031250e+01 9.083433151245117188e+00 1.324267864227294922e+01 1.264004707336425781e+01 1.388613700866699219e+01 1.657462310791015625e+01 1.508690929412841797e+01 9.600604057312011719e+00 1.503687191009521484e+01 1.553358459472656250e+01 1.144317054748535156e+01 1.348735332489013672e+01 1.000001811981201172e+01 7.525019168853759766e+00 1.114969444274902344e+01 1.179514598846435547e+01 1.225265693664550781e+01 1.424939537048339844e+01 1.190652370452880859e+01 8.511558532714843750e+00 1.275748634338378906e+01 1.195532798767089844e+01
1.106901741027832031e+01 1.587630271911621094e+01 1.309647464752197266e+01 1.338321685791015625e+01 1.066170024871826172e+01 1.444501590728759766e+01 1.054366111755371094e+01 1.011629581451416016e+01 8.507099151611328125e+00 9.350413322448730469e+00 0.000000000000000000e+00 9.001467704772949219e+00 1.287888050079345703e+01 1.444219589233398438e+01 1.167808914184570312e+01 1.282612133026123047e+01 9.083433151245117188e+00 1.219746208190917969e+01 1.326498126983642578e+01 1.525996112823486328e+01 1.318609809875488281e+01 1.153672981262207031e+01 9.600604057312011719e+00 1.375585079193115234e+01 1.342859649658203125e+01 1.436325645446777344e+01 1.060683155059814453e+01 1.279830455780029297e+01 7.525019168853759766e+00 1.238154983520507812e+01 1.330005836486816406e+01 1.431162548065185547e+01 1.147400379180908203e+01 1.252997303009033203e+01 8.511558532714843750e+00 1.159698486328125000e+01
1.013279151916503906e+01 1.485415649414062500e+01 1.229993057250976562e+01 1.281833171844482422e+01 1.344388389587402344e+01 1.066170024871826172e+01 1.026057243347167969e+01 9.213504791259765625e+00 8.130291938781738281e+00 9.305353164672851562e+00 9.001467704772949219e+00 0.000000000000000000e+00 1.321866893768310547e+01 1.434863471984863281e+01 1.203601837158203125e+01 1.335761356353759766e+01 1.335261154174804688e+01 9.083432197570800781e+00 1.241148185729980469e+01 1.412056255340576172e+01 1.231173133850097656e+01 1.078100872039794922e+01 1.253685188293457031e+01 9.600605010986328125e+00 1.260108375549316406e+01 1.316061973571777344e+01 9.517632484436035156e+00 1.213694763183593750e+01 1.104544639587402344e+01 7.525019168853759766e+00 1.378350734710693359e+01 1.436505603790283203e+01 1.201526451110839844e+01 1.323414325714111328e+01 1.313225173950195312e+01 8.511558532714843750e+00
9.950171470642089844e+00 1.731349182128906250e+01 1.608125114440917969e+01 1.544272232055664062e+01 1.687246894836425781e+01 1.753590965270996094e+01 9.083432197570800781e+00 1.203730201721191406e+01 1.242243671417236328e+01 1.190187168121337891e+01 1.287888050079345703e+01 1.321866893768310547e+01 0.000000000000000000e+00 1.067373657226562500e+01 9.006578445434570312e+00 9.029298782348632812e+00 1.054366111755371094e+01 1.026057243347167969e+01 1.067962360382080078e+01 1.556207847595214844e+01 1.491891860961914062e+01 1.241270351409912109e+01 1.499306297302246094e+01 1.580142211914062500e+01 7.914775371551513672e+00 1.264266014099121094e+01 1.026779556274414062e+01 1.135770416259765625e+01 1.155283546447753906e+01 1.256925106048583984e+01 8.300869941711425781e+00 1.296351528167724609e+01 1.158757400512695312e+01 1.148466300964355469e+01 1.260892963409423828e+01 1.220122051239013672e+01
1.122996711730957031e+01 9.950171470642089844e+00 1.299126148223876953e+01 1.295424556732177734e+01 1.374876213073730469e+01 1.415256214141845703e+01 1.574732303619384766e+01 9.083433151245117188e+00 1.424241256713867188e+01 1.446902179718017578e+01 1.444219589233398438e+01 1.434863471984863281e+01 1.067373657226562500e+01 0.000000000000000000e+00 8.837819099426269531e+00 9.883594512939453125e+00 1.011629581451416016e+01 9.213504791259765625e+00 1.462148189544677734e+01 1.067962455749511719e+01 1.433064651489257812e+01 1.249148178100585938e+01 1.420448017120361328e+01 1.466625213623046875e+01 1.390351772308349609e+01 7.914774894714355469e+00 1.091566276550292969e+01 1.272360706329345703e+01 1.189008522033691406e+01 1.242299842834472656e+01 1.405750370025634766e+01 8.300868988037109375e+00 1.208473491668701172e+01 1.276068305969238281e+01 1.284274578094482422e+01 1.196910476684570312e+01
1.008176708221435547e+01 1.361811447143554688e+01 9.950171470642089844e+00 1.257273960113525391e+01 1.293830871582031250e+01 1.377853584289550781e+01 1.315056705474853516e+01 1.088049793243408203e+01 9.083433151245117188e+00 1.220832824707031250e+01 1.167808914184570312e+01 1.203601837158203125e+01 9.006578445434570312e+00 8.837819099426269531e+00 0.000000000000000000e+00 8.922259330749511719e+00 8.507099151611328125e+00 8.130291938781738281e+00 1.295266342163085938e+01 1.337742137908935547e+01 1.067962360382080078e+01 1.116926002502441406e+01 1.259335231781005859e+01 1.353166294097900391e+01 1.349431896209716797e+01 1.274165344238281250e+01 7.914775371551513672e+00 1.286119937896728516e+01 1.153275585174560547e+01 1.253566551208496094e+01 1.287532043457031250e+01 1.216479110717773438e+01 8.300868988037109375e+00 1.207174205780029297e+01 1.165924835205078125e+01 1.120013713836669922e+01
1.107206439971923828e+01 1.501899528503417969e+01 1.411210155487060547e+01 9.950170516967773438e+00 1.424774074554443359e+01 1.519456672668457031e+01 1.365354728698730469e+01 1.228966236114501953e+01 1.323584461212158203e+01 9.083433151245117188e+00 1.282612133026123047e+01 1.335761356353759766e+01 9.029298782348632812e+00 9.883594512939453125e+00 8.922259330749511719e+00 0.000000000000000000e+00 9.350413322448730469e+00 9.305353164672851562e+00 1.539772510528564453e+01 1.635367012023925781e+01 1.620400428771972656e+01 1.067962360382080078e+01 1.557435989379882812e+01 1.650765037536621094e+01 1.262324523925781250e+01 1.260031986236572266e+01 1.091284942626953125e+01 7.914775371551513672e+00 1.117603969573974609e+01 1.242862701416015625e+01 1.299876117706298828e+01 1.305161571502685547e+01 1.230021476745605469e+01 8.300868988037109375e+00 1.240087509155273438e+01 1.219488239288330078e+01
1.164771080017089844e+01 1.461718940734863281e+01 1.324210929870605469e+01 1.303357791900634766e+01 9.950171470642089844e+00 1.444817161560058594e+01 1.488252353668212891e+01 1.269328022003173828e+01 1.316742897033691406e+01 1.324267864227294922e+01 9.083433151245117188e+00 1.335261154174804688e+01 1.054366111755371094e+01 1.011629581451416016e+01 8.507099151611328125e+00 9.350413322448730469e+00 0.000000000000000000e+00 9.001467704772949219e+00 1.502179718017578125e+01 1.519935512542724609e+01 1.463754367828369141e+01 1.266524791717529297e+01 1.067962360382080078e+01 1.502874755859375000e+01 1.463410282135009766e+01 1.373288345336914062e+01 1.170574092864990234e+01 1.323797225952148438e+01 7.914775371551513672e+00 1.319384860992431641e+01 1.418313503265380859e+01 1.332484912872314453e+01 1.210835456848144531e+01 1.260506248474121094e+01 8.300868988037109375e+00 1.207083129882812500e+01
1.005298042297363281e+01 1.294195175170898438e+01 1.184765911102294922e+01 1.184551334381103516e+01 1.230101680755615234e+01 9.950171470642089844e+00 1.417190742492675781e+01 1.135392093658447266e+01 1.234321689605712891e+01 1.264004707336425781e+01 1.219746208190917969e+01 9.083432197570800781e+00 1.026057243347167969e+01 9.213504791259765625e+00 8.130291938781738281e+00 9.305353164672851562e+00 9.001467704772949219e+00 0.000000000000000000e+00 1.374709033966064453e+01 1.351987934112548828e+01 1.331187915802001953e+01 1.134836387634277344e+01 1.281789112091064453e+01 1.067962360382080078e+01 1.333641529083251953e+01 1.186312770843505859e+01 1.001737117767333984e+01 1.199982166290283203e+01 1.064248752593994141e+01 7.914775371551513672e+00 1.412436866760253906e+01 1.281899833679199219e+01 1.202368640899658203e+01 1.273863601684570312e+01 1.241598701477050781e+01 8.300868988037109375e+00
9.570556640625000000e+00 1.667786979675292969e+01 1.495978164672851562e+01 1.650983619689941406e+01 1.666436576843261719e+01 1.642396354675292969e+01 9.600604057312011719e+00 1.184753990173339844e+01 1.168668079376220703e+01 1.388613700866699219e+01 1.326498126983642578e+01 1.241148185729980469e+01 1.067962360382080078e+01 1.462148189544677734e+01 1.295266342163085938e+01 1.539772510528564453e+01 1.502179718017578125e+01 1.374709033966064453e+01 0.000000000000000000e+00 1.067373657226562500e+01 9.006578445434570312e+00 9.029298782348632812e+00 1.054366111755371094e+01 1.026057243347167969e+01 8.967541694641113281e+00 1.278337478637695312e+01 9.787717819213867188e+00 1.372144126892089844e+01 1.231553459167480469e+01 1.205852508544921875e+01 1.007576942443847656e+01 1.365555477142333984e+01 1.181047248840332031e+01 1.435345172882080078e+01 1.385759925842285156e+01 1.229370880126953125e+01
1.152810096740722656e+01 9.570556640625000000e+00 1.217195701599121094e+01 1.470050334930419922e+01 1.400873661041259766e+01 1.329393672943115234e+01 1.648745918273925781e+01 9.600604057312011719e+00 1.411747837066650391e+01 1.657462310791015625e+01 1.525996112823486328e+01 1.412056255340576172e+01 1.556207847595214844e+01 1.067962455749511719e+01 1.337742137908935547e+01 1.635367012023925781e+01 1.519935512542724609e+01 1.351987934112548828e+01 1.067373657226562500e+01 0.000000000000000000e+00 8.837819099426269531e+00 9.883594512939453125e+00 1.011629581451416016e+01 9.213504791259765625e+00 1.500920581817626953e+01 8.967542648315429688e+00 1.112289619445800781e+01 1.534164142608642578e+01 1.318232917785644531e+01 1.248791980743408203e+01 1.563411045074462891e+01 1.007576942443847656e+01 1.286279582977294922e+01 1.584785270690917969e+01 1.456637859344482422e+01 1.263804721832275391e+01
1.102873516082763672e+01 1.382926940917968750e+01 9.570556640625000000e+00 1.481796550750732422e+01 1.370481872558593750e+01 1.339730644226074219e+01 1.449143218994140625e+01 1.188503837585449219e+01 9.600604057312011719e+00 1.508690929412841797e+01 1.318609809875488281e+01 1.231173133850097656e+01 1.491891860961914062e+01 1.433064651489257812e+01 1.067962360382080078e+01 1.620400428771972656e+01 1.463754367828369141e+01 1.331187915802001953e+01 9.006578445434570312e+00 8.837819099426269531e+00 0.000000000000000000e+00 8.922258377075195312e+00 8.507099151611328125e+00 8.130291938781738281e+00 1.507551193237304688e+01 1.390427684783935547e+01 8.967541694641113281e+00 1.587741279602050781e+01 1.336451053619384766e+01 1.311358547210693359e+01 1.502637386322021484e+01 1.392138195037841797e+01 1.007576942443847656e+01 1.572425937652587891e+01 1.401382732391357422e+01 1.245431232452392578e+01
8.583291053771972656e+00 1.274587154388427734e+01 1.108297729492187500e+01 9.570556640625000000e+00 1.243027114868164062e+01 1.231283473968505859e+01 1.243281364440917969e+01 1.024675559997558594e+01 1.076762676239013672e+01 9.600604057312011719e+00 1.153672981262207031e+01 1.078100872039794922e+01 1.241270351409912109e+01 1.249148178100585938e+01 1.116926002502441406e+01 1.067962360382080078e+01 1.266524791717529297e+01 1.134836387634277344e+01 9.029298782348632812e+00 9.883594512939453125e+00 8.922258377075195312e+00 0.000000000000000000e+00 9.350413322448730469e+00 9.305353164672851562e+00 1.164526081085205078e+01 1.099265766143798828e+01 8.243467330932617188e+00 8.967541694641113281e+00 1.007972621917724609e+01 1.001924800872802734e+01 1.265215969085693359e+01 1.213502025604248047e+01 1.072395896911621094e+01 1.007576942443847656e+01 1.205496978759765625e+01 1.046294879913330078e+01
1.130608654022216797e+01 1.384288024902343750e+01 1.183682918548583984e+01 1.426674079895019531e+01 9.570556640625000000e+00 1.305974197387695312e+01 1.518950653076171875e+01 1.249622726440429688e+01 1.245839214324951172e+01 1.503687191009521484e+01 9.600604057312011719e+00 1.253685188293457031e+01 1.499306297302246094e+01 1.420448017120361328e+01 1.259335231781005859e+01 1.557435989379882812e+01 1.067962360382080078e+01 1.281789112091064453e+01 1.054366111755371094e+01 1.011629581451416016e+01 8.507099151611328125e+00 9.350413322448730469e+00 0.000000000000000000e+00 9.001467704772949219e+00 1.521508502960205078e+01 1.384697341918945312e+01 1.126787185668945312e+01 1.530010318756103516e+01 8.967541694641113281e+00 1.269126987457275391e+01 1.527569293975830078e+01 1.398362636566162109e+01 1.230432415008544922e+01 1.525058746337890625e+01 1.007577037811279297e+01 1.214657115936279297e+01
1.113567638397216797e+01 1.327552890777587891e+01 1.165789890289306641e+01 1.430959224700927734e+01 1.321692562103271484e+01 9.570556640625000000e+00 1.551957035064697266e+01 1.243906307220458984e+01 1.284397888183593750e+01 1.553358459472656250e+01 1.375585079193115234e+01 9.600605010986328125e+00 1.580142211914062500e+01 1.466625213623046875e+01 1.353166294097900391e+01 1.650765037536621094e+01 1.502874755859375000e+01 1.067962360382080078e+01 1.026057243347167969e+01 9.213504791259765625e+00 8.130291938781738281e+00 9.305353164672851562e+00 9.001467704772949219e+00 0.000000000000000000e+00 1.503277397155761719e+01 1.321600627899169922e+01 1.100321674346923828e+01 1.528487682342529297e+01 1.272077655792236328e+01 8.967541694641113281e+00 1.620079231262207031e+01 1.459792232513427734e+01 1.342146396636962891e+01 1.633242416381835938e+01 1.474977684020996094e+01 1.007576942443847656e+01
9.234088897705078125e+00 1.739985466003417969e+01 1.682865715026855469e+01 1.548917770385742188e+01 1.764333152770996094e+01 1.742720794677734375e+01 7.525019168853759766e+00 1.165114879608154297e+01 1.291389274597167969e+01 1.144317054748535156e+01 1.342859649658203125e+01 1.260108375549316406e+01 7.914775371551513672e+00 1.390351772308349609e+01 1.349431896209716797e+01 1.262324523925781250e+01 1.463410282135009766e+01 1.333641529083251953e+01 8.967541694641113281e+00 1.500920581817626953e+01 1.507551193237304688e+01 1.164526081085205078e+01 1.521508502960205078e+01 1.503277397155761719e+01 0.000000000000000000e+00 1.067373657226562500e+01 9.006578445434570312e+00 9.029298782348632812e+00 1.054366111755371094e+01 1.026057243347167969e+01 7.039934635162353516e+00 1.286252307891845703e+01 1.237992763519287109e+01 1.130168914794921875e+01 1.341588115692138672e+01 1.180944442749023438e+01
9.779527664184570312e+00 9.234088897705078125e+00 1.329038715362548828e+01 1.234965229034423828e+01 1.410318946838378906e+01 1.340742206573486328e+01 1.433038139343261719e+01 7.525019168853759766e+00 1.409122180938720703e+01 1.348735332489013672e+01 1.436325645446777344e+01 1.316061973571777344e+01 1.264266014099121094e+01 7.914774894714355469e+00 1.274165344238281250e+01 1.260031986236572266e+01 1.373288345336914062e+01 1.186312770843505859e+01 1.278337478637695312e+01 8.967542648315429688e+00 1.390427684783935547e+01 1.099265766143798828e+01 1.384697341918945312e+01 1.321600627899169922e+01 1.067373657226562500e+01 0.000000000000000000e+00 8.837819099426269531e+00 9.883594512939453125e+00 1.011629581451416016e+01 9.213504791259765625e+00 1.270960807800292969e+01 7.039934635162353516e+00 1.217768764495849609e+01 1.191344928741455078e+01 1.300774192810058594e+01 1.082206726074218750e+01
7.040596961975097656e+00 1.225220489501953125e+01 9.234088897705078125e+00 1.100800800323486328e+01 1.247687053680419922e+01 1.215372371673583984e+01 1.042689228057861328e+01 8.420414924621582031e+00 7.525019168853759766e+00 1.000001811981201172e+01 1.060683155059814453e+01 9.517632484436035156e+00 1.026779556274414062e+01 1.091566276550292969e+01 7.914775371551513672e+00 1.091284942626953125e+01 1.170574092864990234e+01 1.001737117767333984e+01 9.787717819213867188e+00 1.112289619445800781e+01 8.967541694641113281e+00 8.243467330932617188e+00 1.126787185668945312e+01 1.100321674346923828e+01 9.006578445434570312e+00 8.837819099426269531e+00 0.000000000000000000e+00 8.922259330749511719e+00 8.507099151611328125e+00 8.130291938781738281e+00 1.039690399169921875e+01 1.034598350524902344e+01 7.039934635162353516e+00 1.015987873077392578e+01 1.089055919647216797e+01 8.814859390258789062e+00
9.678772926330566406e+00 1.460800361633300781e+01 1.444209003448486328e+01 9.234088897705078125e+00 1.464345073699951172e+01 1.455677890777587891e+01 1.205661964416503906e+01 1.125673294067382812e+01 1.313258743286132812e+01 7.525019168853759766e+00 1.279830455780029297e+01 1.213694763183593750e+01 1.135770416259765625e+01 1.272360706329345703e+01 1.286119937896728516e+01 7.914775371551513672e+00 1.323797225952148438e+01 1.199982166290283203e+01 1.372144126892089844e+01 1.534164142608642578e+01 1.587741279602050781e+01 8.967541694641113281e+00 1.530010318756103516e+01 1.528487682342529297e+01 9.029298782348632812e+00 9.883594512939453125e+00 8.922259330749511719e+00 0.000000000000000000e+00 9.350413322448730469e+00 9.305353164672851562e+00 1.159524059295654297e+01 1.235159873962402344e+01 1.245438194274902344e+01 7.039934635162353516e+00 1.263360500335693359e+01 1.114154052734375000e+01
9.032564163208007812e+00 1.327839374542236328e+01 1.263352680206298828e+01 1.144406414031982422e+01 9.234088897705078125e+00 1.282983207702636719e+01 1.246042442321777344e+01 1.056539249420166016e+01 1.206185626983642578e+01 1.114969444274902344e+01 7.525019168853759766e+00 1.104544639587402344e+01 1.155283546447753906e+01 1.189008522033691406e+01 1.153275585174560547e+01 1.117603969573974609e+01 7.914775371551513672e+00 1.064248752593994141e+01 1.231553459167480469e+01 1.318232917785644531e+01 1.336451053619384766e+01 1.007972621917724609e+01 8.967541694641113281e+00 1.272077655792236328e+01 1.054366111755371094e+01 1.011629581451416016e+01 8.507099151611328125e+00 9.350413322448730469e+00 0.000000000000000000e+00 9.001467704772949219e+00 1.189424610137939453e+01 1.160167598724365234e+01 1.119189548492431641e+01 1.069456863403320312e+01 7.039934635162353516e+00 9.795594215393066406e+00
8.797044754028320312e+00 1.267103767395019531e+01 1.245098876953125000e+01 1.148112297058105469e+01 1.296090412139892578e+01 9.234088897705078125e+00 1.284613513946533203e+01 1.047984886169433594e+01 1.244466781616210938e+01 1.179514598846435547e+01 1.238154983520507812e+01 7.525019168853759766e+00 1.256925106048583984e+01 1.242299842834472656e+01 1.253566551208496094e+01 1.242862701416015625e+01 1.319384860992431641e+01 7.914775371551513672e+00 1.205852508544921875e+01 1.248791980743408203e+01 1.311358547210693359e+01 1.001924800872802734e+01 1.269126987457275391e+01 8.967541694641113281e+00 1.026057243347167969e+01 9.213504791259765625e+00 8.130291938781738281e+00 9.305353164672851562e+00 9.001467704772949219e+00 0.000000000000000000e+00 1.304672718048095703e+01 1.231996536254882812e+01 1.239447116851806641e+01 1.217236995697021484e+01 1.285381317138671875e+01 7.039934635162353516e+00
1.030401420593261719e+01 1.793611145019531250e+01 1.677869224548339844e+01 1.625360488891601562e+01 1.768997383117675781e+01 1.843878936767578125e+01 8.511557579040527344e+00 1.223171520233154297e+01 1.264934158325195312e+01 1.225265693664550781e+01 1.330005836486816406e+01 1.378350734710693359e+01 8.300869941711425781e+00 1.405750370025634766e+01 1.287532043457031250e+01 1.299876117706298828e+01 1.418313503265380859e+01 1.412436866760253906e+01 1.007576942443847656e+01 1.563411045074462891e+01 1.502637386322021484e+01 1.265215969085693359e+01 1.527569293975830078e+01 1.620079231262207031e+01 7.039934635162353516e+00 1.270960807800292969e+01 1.039690399169921875e+01 1.159524059295654297e+01 1.189424610137939453e+01 1.304672718048095703e+01 0.000000000000000000e+00 1.067373657226562500e+01 9.006577491760253906e+00 9.029298782348632812e+00 1.054366207122802734e+01 1.026057243347167969e+01
1.088570785522460938e+01 1.030401420593261719e+01 1.330076599121093750e+01 1.336914730072021484e+01 1.423035526275634766e+01 1.476466941833496094e+01 1.493772697448730469e+01 8.511558532714843750e+00 1.391958618164062500e+01 1.424939537048339844e+01 1.431162548065185547e+01 1.436505603790283203e+01 1.296351528167724609e+01 8.300868988037109375e+00 1.216479110717773438e+01 1.305161571502685547e+01 1.332484912872314453e+01 1.281899833679199219e+01 1.365555477142333984e+01 1.007576942443847656e+01 1.392138195037841797e+01 1.213502025604248047e+01 1.398362636566162109e+01 1.459792232513427734e+01 1.286252307891845703e+01 7.039934635162353516e+00 1.034598350524902344e+01 1.235159873962402344e+01 1.160167598724365234e+01 1.231996536254882812e+01 1.067373657226562500e+01 0.000000000000000000e+00 8.837819099426269531e+00 9.883594512939453125e+00 1.011629581451416016e+01 9.213504791259765625e+00
9.646647453308105469e+00 1.384374046325683594e+01 1.030401420593261719e+01 1.296243572235107422e+01 1.341281986236572266e+01 1.437281703948974609e+01 1.212948036193847656e+01 1.036110401153564453e+01 8.511558532714843750e+00 1.190652370452880859e+01 1.147400379180908203e+01 1.201526451110839844e+01 1.158757400512695312e+01 1.208473491668701172e+01 8.300868988037109375e+00 1.230021476745605469e+01 1.210835456848144531e+01 1.202368640899658203e+01 1.181047248840332031e+01 1.286279582977294922e+01 1.007576942443847656e+01 1.072395896911621094e+01 1.230432415008544922e+01 1.342146396636962891e+01 1.237992763519287109e+01 1.217768764495849609e+01 7.039934635162353516e+00 1.245438194274902344e+01 1.119189548492431641e+01 1.239447116851806641e+01 9.006577491760253906e+00 8.837819099426269531e+00 0.000000000000000000e+00 8.922259330749511719e+00 8.507099151611328125e+00 8.130291938781738281e+00
1.054619598388671875e+01 1.513215827941894531e+01 1.426653671264648438e+01 1.030401420593261719e+01 1.458485031127929688e+01 1.564673995971679688e+01 1.256272602081298828e+01 1.171404647827148438e+01 1.274132251739501953e+01 8.511558532714843750e+00 1.252997303009033203e+01 1.323414325714111328e+01 1.148466300964355469e+01 1.276068305969238281e+01 1.207174205780029297e+01 8.300868988037109375e+00 1.260506248474121094e+01 1.273863601684570312e+01 1.435345172882080078e+01 1.584785270690917969e+01 1.572425937652587891e+01 1.007576942443847656e+01 1.525058746337890625e+01 1.633242416381835938e+01 1.130168914794921875e+01 1.191344928741455078e+01 1.015987873077392578e+01 7.039934635162353516e+00 1.069456863403320312e+01 1.217236995697021484e+01 9.029298782348632812e+00 9.883594512939453125e+00 8.922259330749511719e+00 0.000000000000000000e+00 9.350413322448730469e+00 9.305353164672851562e+00
1.103394222259521484e+01 1.464654445648193359e+01 1.331101703643798828e+01 1.320939064025878906e+01 1.030401420593261719e+01 1.483719348907470703e+01 1.379634952545166016e+01 1.203118705749511719e+01 1.256908893585205078e+01 1.275748634338378906e+01 8.511558532714843750e+00 1.313225173950195312e+01 1.260892963409423828e+01 1.284274578094482422e+01 1.165924835205078125e+01 1.240087509155273438e+01 8.300868988037109375e+00 1.241598701477050781e+01 1.385759925842285156e+01 1.456637859344482422e+01 1.401382732391357422e+01 1.205496978759765625e+01 1.007577037811279297e+01 1.474977684020996094e+01 1.341588115692138672e+01 1.300774192810058594e+01 1.089055919647216797e+01 1.263360500335693359e+01 7.039934635162353516e+00 1.285381317138671875e+01 1.054366207122802734e+01 1.011629581451416016e+01 8.507099151611328125e+00 9.350413322448730469e+00 0.000000000000000000e+00 9.001467704772949219e+00
9.105779647827148438e+00 1.281121730804443359e+01 1.174609851837158203e+01 1.186187744140625000e+01 1.241998004913330078e+01 1.030401420593261719e+01 1.286339282989501953e+01 1.040748500823974609e+01 1.152084732055664062e+01 1.195532798767089844e+01 1.159698486328125000e+01 8.511558532714843750e+00 1.220122051239013672e+01 1.196910476684570312e+01 1.120013713836669922e+01 1.219488239288330078e+01 1.207083129882812500e+01 8.300868988037109375e+00 1.229370880126953125e+01 1.263804721832275391e+01 1.245431232452392578e+01 1.046294879913330078e+01 1.214657115936279297e+01 1.007576942443847656e+01 1.180944442749023438e+01 1.082206726074218750e+01 8.814859390258789062e+00 1.114154052734375000e+01 9.795594215393066406e+00 7.039934635162353516e+00 1.026057243347167969e+01 9.213504791259765625e+00 8.130291938781738281e+00 9.305353164672851562e+00 9.001467704772949219e+00 0.000000000000000000e+00
