0.000000000000000000e+00 5.225239753723144531e+00 4.441564083099365234e+00 6.338629245758056641e+00 5.515707969665527344e+00 5.416745185852050781e+00 6.365193843841552734e+00 6.329213142395019531e+00 7.443528652191162109e+00 8.274043083190917969e+00 7.543157100677490234e+00 7.290931224822998047e+00 6.661823272705078125e+00 7.807257652282714844e+00 7.549916744232177734e+00 8.217546463012695312e+00 8.461282730102539062e+00 7.972534656524658203e+00 8.023594856262207031e+00 8.704598426818847656e+00 8.684271812438964844e+00 7.121166706085205078e+00 8.993508338928222656e+00 8.765154838562011719e+00 5.316972255706787109e+00 6.288707733154296875e+00 6.466907024383544922e+00 7.438340187072753906e+00 6.511501789093017578e+00 6.767984390258789062e+00 5.053822040557861328e+00 6.140588760375976562e+00 5.855410575866699219e+00 7.330759048461914062e+00 6.681012153625488281e+00 6.416273117065429688e+00
5.225239753723144531e+00 0.000000000000000000e+00 4.561586856842041016e+00 6.501136779785156250e+00 4.764257907867431641e+00 4.625105381011962891e+00 9.776435852050781250e+00 6.365193843841552734e+00 9.178593635559082031e+00 9.914949417114257812e+00 8.771214485168457031e+00 8.542132377624511719e+00 9.078146934509277344e+00 6.661822795867919922e+00 8.295273780822753906e+00 8.963502883911132812e+00 8.637022972106933594e+00 8.145030021667480469e+00 1.037267494201660156e+01 8.023594856262207031e+00 9.612926483154296875e+00 8.289074897766113281e+00 9.437662124633789062e+00 9.208126068115234375e+00 8.461607933044433594e+00 5.316972255706787109e+00 7.676388263702392578e+00 8.569768905639648438e+00 7.120410919189453125e+00 7.340405941009521484e+00 8.245098114013671875e+00 5.053821563720703125e+00 7.106604576110839844e+00 8.424013137817382812e+00 7.214461803436279297e+00 6.953879833221435547e+00
4.441564083099365234e+00 4.561586856842041016e+00 0.000000000000000000e+00 6.112649440765380859e+00 4.741958618164062500e+00 4.840206146240234375e+00 8.067232131958007812e+00 6.196849346160888672e+00 6.365193843841552734e+00 8.395421028137207031e+00 7.334807872772216797e+00 7.216729640960693359e+00 8.438809394836425781e+00 7.846294879913330078e+00 6.661822795867919922e+00 8.474695205688476562e+00 8.412049293518066406e+00 8.046979904174804688e+00 9.632991790771484375e+00 8.829720497131347656e+00 8.023594856262207031e+00 7.522383689880371094e+00 9.035223960876464844e+00 8.922073364257812500e+00 7.360332012176513672e+00 6.263353824615478516e+00 5.316972732543945312e+00 7.661068916320800781e+00 6.374919414520263672e+00 6.787405967712402344e+00 7.500091075897216797e+00 6.495733261108398438e+00 5.053822040557861328e+00 7.868231773376464844e+00 6.905202865600585938e+00 6.799837112426757812e+00
6.338629245758056641e+00 6.501136779785156250e+00 6.112649440765380859e+00 0.000000000000000000e+00 6.359347820281982422e+00 6.535126686096191406e+00 9.639917373657226562e+00 8.200896263122558594e+00 9.234566688537597656e+00 6.365193843841552734e+00 8.896718025207519531e+00 8.874600410461425781e+00 1.007909297943115234e+01 9.640795707702636719e+00 9.574354171752929688e+00 6.661822795867919922e+00 9.931847572326660156e+00 9.693198204040527344e+00 1.258576679229736328e+01 1.202401542663574219e+01 1.212018394470214844e+01 8.023594856262207031e+00 1.203107261657714844e+01 1.200166416168212891e+01 9.031495094299316406e+00 8.223685264587402344e+00 8.519235610961914062e+00 5.316972255706787109e+00 8.095519065856933594e+00 8.502462387084960938e+00 8.814682006835937500e+00 8.040384292602539062e+00 7.993879795074462891e+00 5.053822040557861328e+00 8.162933349609375000e+00 8.155648231506347656e+00
5.515707969665527344e+00 4.764257907867431641e+00 4.741958618164062500e+00 6.359347820281982422e+00 0.000000000000000000e+00 5.235492229461669922e+00 9.218362808227539062e+00 7.035160064697265625e+00 8.497311592102050781e+00 9.097383499145507812e+00 6.365193843841552734e+00 8.078763961791992188e+00 8.832469940185546875e+00 7.717377185821533203e+00 7.935334682464599609e+00 8.426195144653320312e+00 6.661822795867919922e+00 8.052338600158691406e+00 1.042684268951416016e+01 9.224043846130371094e+00 9.596520423889160156e+00 8.055559158325195312e+00 8.023594856262207031e+00 9.424178123474121094e+00 8.659491539001464844e+00 7.157964229583740234e+00 7.802123546600341797e+00 8.478535652160644531e+00 5.316972255706787109e+00 7.756831169128417969e+00 8.203192710876464844e+00 6.665589332580566406e+00 6.955050945281982422e+00 8.082780838012695312e+00 5.053822040557861328e+00 7.110980033874511719e+00
5.416745185852050781e+00 4.625105381011962891e+00 4.840206146240234375e+00 6.535126686096191406e+00 5.235492229461669922e+00 0.000000000000000000e+00 9.303545951843261719e+00 7.130676746368408203e+00 8.706627845764160156e+00 9.364219665527343750e+00 8.401529312133789062e+00 6.365193843841552734e+00 9.158641815185546875e+00 8.074741363525390625e+00 8.417901039123535156e+00 8.956418991088867188e+00 8.873577117919921875e+00 6.661822795867919922e+00 1.051715087890625000e+01 9.313955307006835938e+00 9.798364639282226562e+00 8.374482154846191406e+00 9.734566688537597656e+00 8.023595809936523438e+00 8.331687927246093750e+00 6.741069793701171875e+00 7.571438789367675781e+00 8.346512794494628906e+00 7.154907703399658203e+00 5.316972255706787109e+00 8.282265663146972656e+00 6.746034145355224609e+00 7.190244674682617188e+00 8.365607261657714844e+00 7.438880443572998047e+00 5.053822040557861328e+00
6.365193843841552734e+00 9.776435852050781250e+00 8.067232131958007812e+00 9.639917373657226562e+00 9.218362808227539062e+00 9.303545951843261719e+00 0.000000000000000000e+00 5.225239276885986328e+00 4.441564083099365234e+00 6.338629245758056641e+00 5.515707969665527344e+00 5.416745185852050781e+00 6.364574909210205078e+00 9.210920333862304688e+00 7.613554954528808594e+00 8.711493492126464844e+00 9.042163848876953125e+00 8.740045547485351562e+00 6.904669761657714844e+00 9.318062782287597656e+00 7.971826553344726562e+00 6.800111293792724609e+00 8.844154357910156250e+00 8.764900207519531250e+00 4.046916007995605469e+00 7.444128990173339844e+00 5.896207809448242188e+00 7.461256504058837891e+00 6.674315929412841797e+00 7.114218235015869141e+00 3.782732248306274414e+00 7.364418029785156250e+00 5.281177043914794922e+00 7.398789882659912109e+00 6.887915611267089844e+00 6.829030513763427734e+00
6.329213142395019531e+00 6.365193843841552734e+00 6.196849346160888672e+00 8.200896263122558594e+00 7.035160064697265625e+00 7.130676746368408203e+00 5.225239276885986328e+00 0.000000000000000000e+00 4.561586856842041016e+00 6.501136779785156250e+00 4.764258384704589844e+00 4.625105381011962891e+00 7.126065731048583984e+00 6.364574909210205078e+00 6.482028007507324219e+00 7.806826591491699219e+00 7.550213813781738281e+00 7.169987201690673828e+00 7.945368289947509766e+00 6.904669761657714844e+00 7.265116691589355469e+00 6.039815902709960938e+00 7.658033847808837891e+00 7.551505565643310547e+00 5.652101993560791016e+00 4.046916007995605469e+00 4.910341739654541016e+00 6.783990859985351562e+00 5.008714675903320312e+00 5.561310291290283203e+00 5.384211063385009766e+00 3.782732486724853516e+00 4.043384552001953125e+00 6.648774147033691406e+00 5.205385208129882812e+00 5.105258464813232422e+00
7.443528652191162109e+00 9.178593635559082031e+00 6.365193843841552734e+00 9.234566688537597656e+00 8.497311592102050781e+00 8.706627845764160156e+00 4.441564083099365234e+00 4.561586856842041016e+00 0.000000000000000000e+00 6.112649440765380859e+00 4.741958618164062500e+00 4.840205669403076172e+00 7.905971050262451172e+00 8.978590965270996094e+00 6.364574909210205078e+00 8.680175781250000000e+00 8.723126411437988281e+00 8.529005050659179688e+00 8.441200256347656250e+00 9.175138473510742188e+00 6.904669761657714844e+00 6.876023292541503906e+00 8.610117912292480469e+00 8.646492958068847656e+00 6.119213581085205078e+00 7.089411735534667969e+00 4.046916007995605469e+00 7.361817836761474609e+00 6.160306930541992188e+00 6.785153865814208984e+00 6.338948726654052734e+00 7.340662479400634766e+00 3.782732248306274414e+00 7.620635032653808594e+00 6.756643772125244141e+00 6.846008300781250000e+00
8.274043083190917969e+00 9.914949417114257812e+00 8.395421028137207031e+00 6.365193843841552734e+00 9.097383499145507812e+00 9.364219665527343750e+00 6.338629245758056641e+00 6.501136779785156250e+00 6.112649440765380859e+00 0.000000000000000000e+00 6.359347820281982422e+00 6.535127162933349609e+00 9.245644569396972656e+00 1.022734737396240234e+01 8.966555595397949219e+00 6.364574909210205078e+00 9.827254295349121094e+00 9.723735809326171875e+00 1.137821674346923828e+01 1.197493553161621094e+01 1.108143329620361328e+01 6.904669761657714844e+00 1.139510726928710938e+01 1.148047828674316406e+01 7.578992843627929688e+00 8.441687583923339844e+00 7.299839019775390625e+00 4.046916007995605469e+00 7.446485996246337891e+00 8.053833961486816406e+00 7.364268779754638672e+00 8.303100585937500000e+00 6.728521347045898438e+00 3.782732248306274414e+00 7.563519954681396484e+00 7.729656219482421875e+00
7.543157100677490234e+00 8.771214485168457031e+00 7.334807872772216797e+00 8.896718025207519531e+00 6.365193843841552734e+00 8.401529312133789062e+00 5.515707969665527344e+00 4.764258384704589844e+00 4.741958618164062500e+00 6.359347820281982422e+00 0.000000000000000000e+00 5.235491752624511719e+00 7.752480983734130859e+00 8.331038475036621094e+00 7.063640594482421875e+00 8.082284927368164062e+00 6.364574909210205078e+00 7.976699352264404297e+00 8.830397605895996094e+00 9.060890197753906250e+00 8.135547637939453125e+00 6.810508728027343750e+00 6.904669761657714844e+00 8.647029876708984375e+00 7.003901004791259766e+00 7.284513950347900391e+00 6.306981086730957031e+00 7.628074169158935547e+00 4.046916007995605469e+00 7.136905193328857422e+00 6.482346534729003906e+00 6.849700927734375000e+00 5.285662651062011719e+00 7.231452465057373047e+00 3.782732248306274414e+00 6.480248451232910156e+00
7.290931224822998047e+00 8.542132377624511719e+00 7.216729640960693359e+00 8.874600410461425781e+00 8.078763961791992188e+00 6.365193843841552734e+00 5.416745185852050781e+00 4.625105381011962891e+00 4.840205669403076172e+00 6.535127162933349609e+00 5.235491752624511719e+00 0.000000000000000000e+00 7.956727027893066406e+00 8.508237838745117188e+00 7.424748420715332031e+00 8.478227615356445312e+00 8.497566223144531250e+00 6.364574909210205078e+00 8.786790847778320312e+00 9.005935668945312500e+00 8.212323188781738281e+00 6.997377872467041016e+00 8.683232307434082031e+00 6.904669761657714844e+00 6.389461517333984375e+00 6.679077625274658203e+00 5.794129371643066406e+00 7.301135540008544922e+00 6.053131103515625000e+00 4.046916007995605469e+00 6.376890659332275391e+00 6.733324527740478516e+00 5.348408222198486328e+00 7.367924213409423828e+00 6.437799453735351562e+00 3.782732248306274414e+00
6.661823272705078125e+00 9.078146934509277344e+00 8.438809394836425781e+00 1.007909297943115234e+01 8.832469940185546875e+00 9.158641815185546875e+00 6.364574909210205078e+00 7.126065731048583984e+00 7.905971050262451172e+00 9.245644569396972656e+00 7.752480983734130859e+00 7.956727027893066406e+00 0.000000000000000000e+00 5.225239276885986328e+00 4.441564083099365234e+00 6.338629245758056641e+00 5.515708446502685547e+00 5.416745185852050781e+00 7.804178237915039062e+00 9.111909866333007812e+00 8.890997886657714844e+00 8.016742706298828125e+00 8.978858947753906250e+00 9.138641357421875000e+00 5.742221832275390625e+00 7.414884090423583984e+00 7.323246002197265625e+00 8.778487205505371094e+00 7.093108177185058594e+00 7.788982391357421875e+00 5.207848548889160156e+00 7.072280406951904297e+00 6.555344104766845703e+00 8.505917549133300781e+00 7.030370712280273438e+00 7.273846149444580078e+00
7.807257652282714844e+00 6.661822795867919922e+00 7.846294879913330078e+00 9.640795707702636719e+00 7.717377185821533203e+00 8.074741363525390625e+00 9.210920333862304688e+00 6.364574909210205078e+00 8.978590965270996094e+00 1.022734737396240234e+01 8.331038475036621094e+00 8.508237838745117188e+00 5.225239276885986328e+00 0.000000000000000000e+00 4.561586856842041016e+00 6.501136302947998047e+00 4.764258384704589844e+00 4.625105381011962891e+00 9.663837432861328125e+00 7.804178237915039062e+00 9.236441612243652344e+00 8.457904815673828125e+00 8.836088180541992188e+00 8.985915184020996094e+00 8.097652435302734375e+00 5.742221832275390625e+00 7.746369838714599609e+00 9.189349174499511719e+00 6.919756889343261719e+00 7.616720676422119141e+00 7.670233249664306641e+00 5.207848548889160156e+00 6.961379051208496094e+00 8.879463195800781250e+00 6.790353775024414062e+00 7.026164054870605469e+00
7.549916744232177734e+00 8.295273780822753906e+00 6.661822795867919922e+00 9.574354171752929688e+00 7.935334682464599609e+00 8.417901039123535156e+00 7.613554954528808594e+00 6.482028007507324219e+00 6.364574909210205078e+00 8.966555595397949219e+00 7.063640594482421875e+00 7.424748420715332031e+00 4.441564083099365234e+00 4.561586856842041016e+00 0.000000000000000000e+00 6.112648963928222656e+00 4.741958618164062500e+00 4.840206146240234375e+00 9.067278861999511719e+00 8.838250160217285156e+00 7.804178237915039062e+00 7.939600944519042969e+00 8.617766380310058594e+00 8.898543357849121094e+00 7.195225238800048828e+00 6.896095275878906250e+00 5.742221832275390625e+00 8.562638282775878906e+00 6.437856197357177734e+00 7.336577892303466797e+00 7.122206211090087891e+00 6.884674072265625000e+00 5.207848548889160156e+00 8.568169593811035156e+00 6.735420227050781250e+00 7.132457256317138672e+00
8.217546463012695312e+00 8.963502883911132812e+00 8.474695205688476562e+00 6.661822795867919922e+00 8.426195144653320312e+00 8.956418991088867188e+00 8.711493492126464844e+00 7.806826591491699219e+00 8.680175781250000000e+00 6.364574909210205078e+00 8.082284927368164062e+00 8.478227615356445312e+00 6.338629245758056641e+00 6.501136302947998047e+00 6.112648963928222656e+00 0.000000000000000000e+00 6.359347820281982422e+00 6.535127162933349609e+00 1.174302577972412109e+01 1.161050319671630859e+01 1.155430889129638672e+01 7.804178237915039062e+00 1.128952789306640625e+01 1.156273269653320312e+01 8.321105957031250000e+00 8.125985145568847656e+00 8.207094192504882812e+00 5.742221832275390625e+00 7.511321067810058594e+00 8.374036788940429688e+00 7.889814376831054688e+00 7.741321563720703125e+00 7.453777313232421875e+00 5.207848548889160156e+00 7.375205039978027344e+00 7.824632167816162109e+00
8.461282730102539062e+00 8.637022972106933594e+00 8.412049293518066406e+00 9.931847572326660156e+00 6.661822795867919922e+00 8.873577117919921875e+00 9.042163848876953125e+00 7.550213813781738281e+00 8.723126411437988281e+00 9.827254295349121094e+00 6.364574909210205078e+00 8.497566223144531250e+00 5.515708446502685547e+00 4.764258384704589844e+00 4.741958618164062500e+00 6.359347820281982422e+00 0.000000000000000000e+00 5.235492229461669922e+00 1.010131359100341797e+01 9.440880775451660156e+00 9.618566513061523438e+00 8.674075126647949219e+00 7.804178237915039062e+00 9.606890678405761719e+00 8.745290756225585938e+00 7.966146945953369141e+00 8.335020065307617188e+00 9.508359909057617188e+00 5.742221832275390625e+00 8.474753379821777344e+00 8.103291511535644531e+00 7.316473960876464844e+00 7.338243961334228516e+00 8.985117912292480469e+00 5.207848548889160156e+00 7.687437534332275391e+00
7.972534656524658203e+00 8.145030021667480469e+00 8.046979904174804688e+00 9.693198204040527344e+00 8.052338600158691406e+00 6.661822795867919922e+00 8.740045547485351562e+00 7.169987201690673828e+00 8.529005050659179688e+00 9.723735809326171875e+00 7.976699352264404297e+00 6.364574909210205078e+00 5.416745185852050781e+00 4.625105381011962891e+00 4.840206146240234375e+00 6.535127162933349609e+00 5.235492229461669922e+00 0.000000000000000000e+00 9.847734451293945312e+00 9.156796455383300781e+00 9.459465980529785156e+00 8.574928283691406250e+00 9.183615684509277344e+00 7.804178237915039062e+00 7.997514247894287109e+00 7.121444702148437500e+00 7.679584503173828125e+00 9.013185501098632812e+00 6.996108055114746094e+00 5.742221832275390625e+00 7.747050285339355469e+00 6.903592586517333984e+00 7.087073802947998047e+00 8.856312751770019531e+00 7.068764209747314453e+00 5.207848548889160156e+00
8.023594856262207031e+00 1.037267494201660156e+01 9.632991790771484375e+00 1.258576679229736328e+01 1.042684268951416016e+01 1.051715087890625000e+01 6.904669761657714844e+00 7.945368289947509766e+00 8.441200256347656250e+00 1.137821674346923828e+01 8.830397605895996094e+00 8.786790847778320312e+00 7.804178237915039062e+00 9.663837432861328125e+00 9.067278861999511719e+00 1.174302577972412109e+01 1.010131359100341797e+01 9.847734451293945312e+00 0.000000000000000000e+00 5.225239276885986328e+00 4.441564083099365234e+00 6.338629245758056641e+00 5.515707969665527344e+00 5.416745185852050781e+00 6.535854816436767578e+00 8.360994338989257812e+00 8.059594154357910156e+00 1.111851501464843750e+01 8.412180900573730469e+00 8.783170700073242188e+00 6.282592296600341797e+00 8.218750000000000000e+00 7.543517589569091797e+00 1.102339172363281250e+01 8.513735771179199219e+00 8.484672546386718750e+00
8.704598426818847656e+00 8.023594856262207031e+00 8.829720497131347656e+00 1.202401542663574219e+01 9.224043846130371094e+00 9.313955307006835938e+00 9.318062782287597656e+00 6.904669761657714844e+00 9.175138473510742188e+00 1.197493553161621094e+01 9.060890197753906250e+00 9.005935668945312500e+00 9.111909866333007812e+00 7.804178237915039062e+00 8.838250160217285156e+00 1.161050319671630859e+01 9.440880775451660156e+00 9.156796455383300781e+00 5.225239276885986328e+00 0.000000000000000000e+00 4.561587333679199219e+00 6.501136779785156250e+00 4.764258384704589844e+00 4.625105381011962891e+00 8.374653816223144531e+00 6.535854816436767578e+00 8.133384704589843750e+00 1.121705150604248047e+01 7.946962833404541016e+00 8.325193405151367188e+00 8.124058723449707031e+00 6.282592296600341797e+00 7.563827037811279297e+00 1.108277702331542969e+01 7.999066829681396484e+00 7.954017162322998047e+00
8.684271812438964844e+00 9.612926483154296875e+00 8.023594856262207031e+00 1.212018394470214844e+01 9.596520423889160156e+00 9.798364639282226562e+00 7.971826553344726562e+00 7.265116691589355469e+00 6.904669761657714844e+00 1.108143329620361328e+01 8.135547637939453125e+00 8.212323188781738281e+00 8.890997886657714844e+00 9.236441612243652344e+00 7.804178237915039062e+00 1.155430889129638672e+01 9.618566513061523438e+00 9.459465980529785156e+00 4.441564083099365234e+00 4.561587333679199219e+00 0.000000000000000000e+00 6.112649440765380859e+00 4.741958141326904297e+00 4.840205669403076172e+00 7.741621971130371094e+00 7.803781032562255859e+00 6.535854816436767578e+00 1.087637138366699219e+01 7.766321659088134766e+00 8.289654731750488281e+00 7.841699600219726562e+00 7.959058284759521484e+00 6.282591819763183594e+00 1.099978160858154297e+01 8.175612449645996094e+00 8.268610954284667969e+00
7.121166706085205078e+00 8.289074897766113281e+00 7.522383689880371094e+00 8.023594856262207031e+00 8.055559158325195312e+00 8.374482154846191406e+00 6.800111293792724609e+00 6.039815902709960938e+00 6.876023292541503906e+00 6.904669761657714844e+00 6.810508728027343750e+00 6.997377872467041016e+00 8.016742706298828125e+00 8.457904815673828125e+00 7.939600944519042969e+00 7.804178237915039062e+00 8.674075126647949219e+00 8.574928283691406250e+00 6.338629245758056641e+00 6.501136779785156250e+00 6.112649440765380859e+00 0.000000000000000000e+00 6.359347820281982422e+00 6.535127162933349609e+00 6.493830680847167969e+00 6.643951892852783203e+00 6.470569610595703125e+00 6.535854816436767578e+00 6.329082965850830078e+00 7.055853843688964844e+00 6.146803855895996094e+00 6.375227928161621094e+00 5.716263294219970703e+00 6.282592296600341797e+00 6.374638080596923828e+00 6.594729900360107422e+00
8.993508338928222656e+00 9.437662124633789062e+00 9.035223960876464844e+00 1.203107261657714844e+01 8.023594856262207031e+00 9.734566688537597656e+00 8.844154357910156250e+00 7.658033847808837891e+00 8.610117912292480469e+00 1.139510726928710938e+01 6.904669761657714844e+00 8.683232307434082031e+00 8.978858947753906250e+00 8.836088180541992188e+00 8.617766380310058594e+00 1.128952789306640625e+01 7.804178237915039062e+00 9.183615684509277344e+00 5.515707969665527344e+00 4.764258384704589844e+00 4.741958141326904297e+00 6.359347820281982422e+00 0.000000000000000000e+00 5.235491752624511719e+00 8.689997673034667969e+00 8.226596832275390625e+00 8.372059822082519531e+00 1.123655223846435547e+01 6.535854816436767578e+00 8.808460235595703125e+00 8.203918457031250000e+00 7.768730640411376953e+00 7.554708480834960938e+00 1.091735076904296875e+01 6.282591819763183594e+00 8.213964462280273438e+00
8.765154838562011719e+00 9.208126068115234375e+00 8.922073364257812500e+00 1.200166416168212891e+01 9.424178123474121094e+00 8.023595809936523438e+00 8.764900207519531250e+00 7.551505565643310547e+00 8.646492958068847656e+00 1.148047828674316406e+01 8.647029876708984375e+00 6.904669761657714844e+00 9.138641357421875000e+00 8.985915184020996094e+00 8.898543357849121094e+00 1.156273269653320312e+01 9.606890678405761719e+00 7.804178237915039062e+00 5.416745185852050781e+00 4.625105381011962891e+00 4.840205669403076172e+00 6.535127162933349609e+00 5.235491752624511719e+00 0.000000000000000000e+00 8.183701515197753906e+00 7.675228595733642578e+00 7.973179817199707031e+00 1.100297641754150391e+01 7.916222572326660156e+00 6.535854816436767578e+00 8.101513862609863281e+00 7.645831584930419922e+00 7.578072547912597656e+00 1.099396419525146484e+01 8.142079353332519531e+00 6.282592296600341797e+00
5.316972255706787109e+00 8.461607933044433594e+00 7.360332012176513672e+00 9.031495094299316406e+00 8.659491539001464844e+00 8.331687927246093750e+00 4.046916007995605469e+00 5.652101993560791016e+00 6.119213581085205078e+00 7.578992843627929688e+00 7.003901004791259766e+00 6.389461517333984375e+00 5.742221832275390625e+00 8.097652435302734375e+00 7.195225238800048828e+00 8.321105957031250000e+00 8.745290756225585938e+00 7.997514247894287109e+00 6.535854816436767578e+00 8.374653816223144531e+00 7.741621971130371094e+00 6.493830680847167969e+00 8.689997673034667969e+00 8.183701515197753906e+00 0.000000000000000000e+00 5.225239276885986328e+00 4.441564083099365234e+00 6.338629245758056641e+00 5.515707969665527344e+00 5.416745185852050781e+00 2.484143972396850586e+00 5.861925125122070312e+00 4.592656135559082031e+00 6.891254901885986328e+00 6.446654319763183594e+00 5.796906471252441406e+00
6.288707733154296875e+00 5.316972255706787109e+00 6.263353824615478516e+00 8.223685264587402344e+00 7.157964229583740234e+00 6.741069793701171875e+00 7.444128990173339844e+00 4.046916007995605469e+00 7.089411735534667969e+00 8.441687583923339844e+00 7.284513950347900391e+00 6.679077625274658203e+00 7.414884090423583984e+00 5.742221832275390625e+00 6.896095275878906250e+00 8.125985145568847656e+00 7.966146945953369141e+00 7.121444702148437500e+00 8.360994338989257812e+00 6.535854816436767578e+00 7.803781032562255859e+00 6.643951892852783203e+00 8.226596832275390625e+00 7.675228595733642578e+00 5.225239276885986328e+00 0.000000000000000000e+00 4.561586856842041016e+00 6.501136302947998047e+00 4.764258384704589844e+00 4.625105381011962891e+00 5.708418369293212891e+00 2.484143972396850586e+00 4.613568782806396484e+00 6.977670669555664062e+00 5.739896774291992188e+00 4.976598262786865234e+00
6.466907024383544922e+00 7.676388263702392578e+00 5.316972732543945312e+00 8.519235610961914062e+00 7.802123546600341797e+00 7.571438789367675781e+00 5.896207809448242188e+00 4.910341739654541016e+00 4.046916007995605469e+00 7.299839019775390625e+00 6.306981086730957031e+00 5.794129371643066406e+00 7.323246002197265625e+00 7.746369838714599609e+00 5.742221832275390625e+00 8.207094192504882812e+00 8.335020065307617188e+00 7.679584503173828125e+00 8.059594154357910156e+00 8.133384704589843750e+00 6.535854816436767578e+00 6.470569610595703125e+00 8.372059822082519531e+00 7.973179817199707031e+00 4.441564083099365234e+00 4.561586856842041016e+00 0.000000000000000000e+00 6.112649440765380859e+00 4.741958618164062500e+00 4.840206146240234375e+00 5.541157722473144531e+00 5.716036796569824219e+00 2.484143972396850586e+00 7.034317970275878906e+00 6.199069023132324219e+00 5.700574874877929688e+00
7.438340187072753906e+00 8.569768905639648438e+00 7.661068916320800781e+00 5.316972255706787109e+00 8.478535652160644531e+00 8.346512794494628906e+00 7.461256504058837891e+00 6.783990859985351562e+00 7.361817836761474609e+00 4.046916007995605469e+00 7.628074169158935547e+00 7.301135540008544922e+00 8.778487205505371094e+00 9.189349174499511719e+00 8.562638282775878906e+00 5.742221832275390625e+00 9.508359909057617188e+00 9.013185501098632812e+00 1.111851501464843750e+01 1.121705150604248047e+01 1.087637138366699219e+01 6.535854816436767578e+00 1.123655223846435547e+01 1.100297641754150391e+01 6.338629245758056641e+00 6.501136302947998047e+00 6.112649440765380859e+00 0.000000000000000000e+00 6.359347820281982422e+00 6.535127162933349609e+00 6.723762035369873047e+00 6.941441059112548828e+00 6.131009101867675781e+00 2.484143972396850586e+00 7.101930141448974609e+00 6.769835472106933594e+00
6.511501789093017578e+00 7.120410919189453125e+00 6.374919414520263672e+00 8.095519065856933594e+00 5.316972255706787109e+00 7.154907703399658203e+00 6.674315929412841797e+00 5.008714675903320312e+00 6.160306930541992188e+00 7.446485996246337891e+00 4.046916007995605469e+00 6.053131103515625000e+00 7.093108177185058594e+00 6.919756889343261719e+00 6.437856197357177734e+00 7.511321067810058594e+00 5.742221832275390625e+00 6.996108055114746094e+00 8.412180900573730469e+00 7.946962833404541016e+00 7.766321659088134766e+00 6.329082965850830078e+00 6.535854816436767578e+00 7.916222572326660156e+00 5.515707969665527344e+00 4.764258384704589844e+00 4.741958618164062500e+00 6.359347820281982422e+00 0.000000000000000000e+00 5.235491752624511719e+00 5.623936176300048828e+00 4.979140758514404297e+00 4.345782279968261719e+00 6.541188240051269531e+00 2.484143972396850586e+00 5.167980194091796875e+00
6.767984390258789062e+00 7.340405941009521484e+00 6.787405967712402344e+00 8.502462387084960938e+00 7.756831169128417969e+00 5.316972255706787109e+00 7.114218235015869141e+00 5.561310291290283203e+00 6.785153865814208984e+00 8.053833961486816406e+00 7.136905193328857422e+00 4.046916007995605469e+00 7.788982391357421875e+00 7.616720676422119141e+00 7.336577892303466797e+00 8.374036788940429688e+00 8.474753379821777344e+00 5.742221832275390625e+00 8.783170700073242188e+00 8.325193405151367188e+00 8.289654731750488281e+00 7.055853843688964844e+00 8.808460235595703125e+00 6.535854816436767578e+00 5.416745185852050781e+00 4.625105381011962891e+00 4.840206146240234375e+00 6.535127162933349609e+00 5.235491752624511719e+00 0.000000000000000000e+00 6.117195129394531250e+00 5.509864807128906250e+00 5.167259693145751953e+00 7.206041812896728516e+00 6.360398769378662109e+00 2.484143972396850586e+00
5.053822040557861328e+00 8.245098114013671875e+00 7.500091075897216797e+00 8.814682006835937500e+00 8.203192710876464844e+00 8.282265663146972656e+00 3.782732248306274414e+00 5.384211063385009766e+00 6.338948726654052734e+00 7.364268779754638672e+00 6.482346534729003906e+00 6.376890659332275391e+00 5.207848548889160156e+00 7.670233249664306641e+00 7.122206211090087891e+00 7.889814376831054688e+00 8.103291511535644531e+00 7.747050285339355469e+00 6.282592296600341797e+00 8.124058723449707031e+00 7.841699600219726562e+00 6.146803855895996094e+00 8.203918457031250000e+00 8.101513862609863281e+00 2.484143972396850586e+00 5.708418369293212891e+00 5.541157722473144531e+00 6.723762035369873047e+00 5.623936176300048828e+00 6.117195129394531250e+00 0.000000000000000000e+00 5.225239753723144531e+00 4.441564083099365234e+00 6.338629245758056641e+00 5.515707969665527344e+00 5.416745662689208984e+00
6.140588760375976562e+00 5.053821563720703125e+00 6.495733261108398438e+00 8.040384292602539062e+00 6.665589332580566406e+00 6.746034145355224609e+00 7.364418029785156250e+00 3.782732486724853516e+00 7.340662479400634766e+00 8.303100585937500000e+00 6.849700927734375000e+00 6.733324527740478516e+00 7.072280406951904297e+00 5.207848548889160156e+00 6.884674072265625000e+00 7.741321563720703125e+00 7.316473960876464844e+00 6.903592586517333984e+00 8.218750000000000000e+00 6.282592296600341797e+00 7.959058284759521484e+00 6.375227928161621094e+00 7.768730640411376953e+00 7.645831584930419922e+00 5.861925125122070312e+00 2.484143972396850586e+00 5.716036796569824219e+00 6.941441059112548828e+00 4.979140758514404297e+00 5.509864807128906250e+00 5.225239753723144531e+00 0.000000000000000000e+00 4.561586856842041016e+00 6.501136779785156250e+00 4.764258384704589844e+00 4.625105381011962891e+00
5.855410575866699219e+00 7.106604576110839844e+00 5.053822040557861328e+00 7.993879795074462891e+00 6.955050945281982422e+00 7.190244674682617188e+00 5.281177043914794922e+00 4.043384552001953125e+00 3.782732248306274414e+00 6.728521347045898438e+00 5.285662651062011719e+00 5.348408222198486328e+00 6.555344104766845703e+00 6.961379051208496094e+00 5.207848548889160156e+00 7.453777313232421875e+00 7.338243961334228516e+00 7.087073802947998047e+00 7.543517589569091797e+00 7.563827037811279297e+00 6.282591819763183594e+00 5.716263294219970703e+00 7.554708480834960938e+00 7.578072547912597656e+00 4.592656135559082031e+00 4.613568782806396484e+00 2.484143972396850586e+00 6.131009101867675781e+00 4.345782279968261719e+00 5.167259693145751953e+00 4.441564083099365234e+00 4.561586856842041016e+00 0.000000000000000000e+00 6.112649440765380859e+00 4.741958618164062500e+00 4.840206146240234375e+00
7.330759048461914062e+00 8.424013137817382812e+00 7.868231773376464844e+00 5.053822040557861328e+00 8.082780838012695312e+00 8.365607261657714844e+00 7.398789882659912109e+00 6.648774147033691406e+00 7.620635032653808594e+00 3.782732248306274414e+00 7.231452465057373047e+00 7.367924213409423828e+00 8.505917549133300781e+00 8.879463195800781250e+00 8.568169593811035156e+00 5.207848548889160156e+00 8.985117912292480469e+00 8.856312751770019531e+00 1.102339172363281250e+01 1.108277702331542969e+01 1.099978160858154297e+01 6.282592296600341797e+00 1.091735076904296875e+01 1.099396419525146484e+01 6.891254901885986328e+00 6.977670669555664062e+00 7.034317970275878906e+00 2.484143972396850586e+00 6.541188240051269531e+00 7.206041812896728516e+00 6.338629245758056641e+00 6.501136779785156250e+00 6.112649440765380859e+00 0.000000000000000000e+00 6.359347820281982422e+00 6.535126686096191406e+00
6.681012153625488281e+00 7.214461803436279297e+00 6.905202865600585938e+00 8.162933349609375000e+00 5.053822040557861328e+00 7.438880443572998047e+00 6.887915611267089844e+00 5.205385208129882812e+00 6.756643772125244141e+00 7.563519954681396484e+00 3.782732248306274414e+00 6.437799453735351562e+00 7.030370712280273438e+00 6.790353775024414062e+00 6.735420227050781250e+00 7.375205039978027344e+00 5.207848548889160156e+00 7.068764209747314453e+00 8.513735771179199219e+00 7.999066829681396484e+00 8.175612449645996094e+00 6.374638080596923828e+00 6.282591819763183594e+00 8.142079353332519531e+00 6.446654319763183594e+00 5.739896774291992188e+00 6.199069023132324219e+00 7.101930141448974609e+00 2.484143972396850586e+00 6.360398769378662109e+00 5.515707969665527344e+00 4.764258384704589844e+00 4.741958618164062500e+00 6.359347820281982422e+00 0.000000000000000000e+00 5.235492229461669922e+00
6.416273117065429688e+00 6.953879833221435547e+00 6.799837112426757812e+00 8.155648231506347656e+00 7.110980033874511719e+00 5.053822040557861328e+00 6.829030513763427734e+00 5.105258464813232422e+00 6.846008300781250000e+00 7.729656219482421875e+00 6.480248451232910156e+00 3.782732248306274414e+00 7.273846149444580078e+00 7.026164054870605469e+00 7.132457256317138672e+00 7.824632167816162109e+00 7.687437534332275391e+00 5.207848548889160156e+00 8.484672546386718750e+00 7.954017162322998047e+00 8.268610954284667969e+00 6.594729900360107422e+00 8.213964462280273438e+00 6.282592296600341797e+00 5.796906471252441406e+00 4.976598262786865234e+00 5.700574874877929688e+00 6.769835472106933594e+00 5.167980194091796875e+00 2.484143972396850586e+00 5.416745662689208984e+00 4.625105381011962891e+00 4.840206146240234375e+00 6.535126686096191406e+00 5.235492229461669922e+00 0.000000000000000000e+00
