0.000000000000000000e+00 9.105171203613281250e+00 7.918460369110107422e+00 1.061445903778076172e+01 9.094352722167968750e+00 9.036417007446289062e+00 1.030718517303466797e+01 8.282311439514160156e+00 1.123843574523925781e+01 1.191302680969238281e+01 1.114203357696533203e+01 9.634208679199218750e+00 8.234962463378906250e+00 9.480971336364746094e+00 9.898417472839355469e+00 1.149500751495361328e+01 1.035510921478271484e+01 9.446790695190429688e+00 1.181243419647216797e+01 1.233470058441162109e+01 1.253086662292480469e+01 1.015028667449951172e+01 1.244358825683593750e+01 1.182281112670898438e+01 8.291393280029296875e+00 9.577610015869140625e+00 9.129076004028320312e+00 1.088116550445556641e+01 8.659493446350097656e+00 9.113128662109375000e+00 9.979697227478027344e+00 1.057945346832275391e+01 1.132925796508789062e+01 1.188336181640625000e+01 1.092331504821777344e+01 8.976457595825195312e+00
9.105171203613281250e+00 0.000000000000000000e+00 7.807455062866210938e+00 1.001213169097900391e+01 7.826074123382568359e+00 7.145006179809570312e+00 1.759794807434082031e+01 1.030718517303466797e+01 1.565574359893798828e+01 1.581270980834960938e+01 1.494090461730957031e+01 1.351879405975341797e+01 1.454471397399902344e+01 8.234962463378906250e+00 1.253247451782226562e+01 1.343656158447265625e+01 1.210778141021728516e+01 1.093005371093750000e+01 1.710937500000000000e+01 1.181243419647216797e+01 1.501898479461669922e+01 1.268453121185302734e+01 1.427151012420654297e+01 1.339649581909179688e+01 1.454551696777343750e+01 8.291392326354980469e+00 1.189601230621337891e+01 1.288008403778076172e+01 1.065118408203125000e+01 1.060019493103027344e+01 1.590824222564697266e+01 9.979697227478027344e+00 1.404208374023437500e+01 1.411963081359863281e+01 1.297815895080566406e+01 1.097928714752197266e+01
7.918460369110107422e+00 7.807455062866210938e+00 0.000000000000000000e+00 9.313138008117675781e+00 6.872846603393554688e+00 8.082260131835937500e+00 1.454571247100830078e+01 9.449156761169433594e+00 1.030718517303466797e+01 1.259466838836669922e+01 1.145911598205566406e+01 1.091429042816162109e+01 1.276928043365478516e+01 1.002391910552978516e+01 8.234961509704589844e+00 1.177883434295654297e+01 1.021249008178710938e+01 1.026868438720703125e+01 1.573050212860107422e+01 1.324424648284912109e+01 1.181243419647216797e+01 1.105934810638427734e+01 1.282905483245849609e+01 1.298683929443359375e+01 1.339993858337402344e+01 1.085780811309814453e+01 8.291392326354980469e+00 1.185650730133056641e+01 9.360808372497558594e+00 1.071561431884765625e+01 1.400859165191650391e+01 1.113199329376220703e+01 9.979697227478027344e+00 1.221582317352294922e+01 1.085319423675537109e+01 9.908942222595214844e+00
1.061445903778076172e+01 1.001213169097900391e+01 9.313138008117675781e+00 0.000000000000000000e+00 9.466567039489746094e+00 9.372789382934570312e+00 1.720143508911132812e+01 1.276400947570800781e+01 1.507712078094482422e+01 1.030718517303466797e+01 1.442352867126464844e+01 1.326630687713623047e+01 1.512704467773437500e+01 1.247291374206542969e+01 1.305210018157958984e+01 8.234962463378906250e+00 1.274688339233398438e+01 1.199084472656250000e+01 2.003428077697753906e+01 1.785092544555664062e+01 1.817215538024902344e+01 1.181243419647216797e+01 1.763302421569824219e+01 1.717973327636718750e+01 1.563419532775878906e+01 1.311805725097656250e+01 1.305322551727294922e+01 8.291392326354980469e+00 1.203783988952636719e+01 1.233918857574462891e+01 1.683175086975097656e+01 1.415310192108154297e+01 1.494762039184570312e+01 9.979697227478027344e+00 1.404543495178222656e+01 1.256248092651367188e+01
9.094352722167968750e+00 7.826074123382568359e+00 6.872846603393554688e+00 9.466567039489746094e+00 0.000000000000000000e+00 8.063515663146972656e+00 1.592939853668212891e+01 1.057073307037353516e+01 1.325280570983886719e+01 1.355248165130615234e+01 1.030718517303466797e+01 1.187357711791992188e+01 1.392176055908203125e+01 1.056057167053222656e+01 1.121633911132812500e+01 1.234414577484130859e+01 8.234962463378906250e+00 1.076563453674316406e+01 1.701878166198730469e+01 1.406720066070556641e+01 1.445526313781738281e+01 1.213983154296875000e+01 1.181243419647216797e+01 1.380363559722900391e+01 1.509708881378173828e+01 1.210543346405029297e+01 1.201422786712646484e+01 1.310788249969482422e+01 8.291392326354980469e+00 1.195325088500976562e+01 1.566155815124511719e+01 1.237945556640625000e+01 1.326155757904052734e+01 1.345905780792236328e+01 9.979697227478027344e+00 1.126601409912109375e+01
9.036417007446289062e+00 7.145006179809570312e+00 8.082260131835937500e+00 9.372789382934570312e+00 8.063515663146972656e+00 0.000000000000000000e+00 1.682176589965820312e+01 1.148131370544433594e+01 1.496663951873779297e+01 1.456638431549072266e+01 1.419629859924316406e+01 1.030718517303466797e+01 1.448105716705322266e+01 1.087498664855957031e+01 1.268184280395507812e+01 1.294400405883789062e+01 1.223809146881103516e+01 8.234961509704589844e+00 1.739546012878417969e+01 1.420223140716552734e+01 1.552594947814941406e+01 1.263417530059814453e+01 1.478402805328369141e+01 1.181243419647216797e+01 1.475665760040283203e+01 1.127973842620849609e+01 1.238207912445068359e+01 1.268610095977783203e+01 1.116488933563232422e+01 8.291392326354980469e+00 1.679063987731933594e+01 1.344418716430664062e+01 1.521996688842773438e+01 1.473333358764648438e+01 1.422343921661376953e+01 9.979697227478027344e+00
1.030718517303466797e+01 1.759794807434082031e+01 1.454571247100830078e+01 1.720143508911132812e+01 1.592939853668212891e+01 1.682176589965820312e+01 0.000000000000000000e+00 9.105171203613281250e+00 7.918459892272949219e+00 1.061445903778076172e+01 9.094352722167968750e+00 9.036417007446289062e+00 7.635415554046630859e+00 1.417460155487060547e+01 1.144994831085205078e+01 1.412815475463867188e+01 1.274808502197265625e+01 1.322133731842041016e+01 9.618213653564453125e+00 1.502220821380615234e+01 1.235462093353271484e+01 1.153209972381591797e+01 1.313848018646240234e+01 1.370518779754638672e+01 7.325830936431884766e+00 1.404267597198486328e+01 1.053082656860351562e+01 1.342776870727539062e+01 1.116726684570312500e+01 1.276897144317626953e+01 7.203431129455566406e+00 1.359284591674804688e+01 1.110337066650390625e+01 1.305733394622802734e+01 1.167965221405029297e+01 1.131144618988037109e+01
8.282311439514160156e+00 1.030718517303466797e+01 9.449156761169433594e+00 1.276400947570800781e+01 1.057073307037353516e+01 1.148131370544433594e+01 9.105171203613281250e+00 0.000000000000000000e+00 7.807455062866210938e+00 1.001213169097900391e+01 7.826074600219726562e+00 7.145005702972412109e+00 9.027076721191406250e+00 7.635415554046630859e+00 8.345061302185058594e+00 1.129004955291748047e+01 9.018772125244140625e+00 9.191433906555175781e+00 1.118756484985351562e+01 9.618213653564453125e+00 1.003186988830566406e+01 8.385273933410644531e+00 1.004526138305664062e+01 1.034281826019287109e+01 8.714766502380371094e+00 7.325830936431884766e+00 6.966192722320556641e+00 1.035646057128906250e+01 6.528645515441894531e+00 8.474439620971679688e+00 9.209868431091308594e+00 7.203430652618408203e+00 8.459746360778808594e+00 1.039702606201171875e+01 8.061178207397460938e+00 6.882674694061279297e+00
1.123843574523925781e+01 1.565574359893798828e+01 1.030718517303466797e+01 1.507712078094482422e+01 1.325280570983886719e+01 1.496663951873779297e+01 7.918459892272949219e+00 7.807455062866210938e+00 0.000000000000000000e+00 9.313138008117675781e+00 6.872846603393554688e+00 8.082260131835937500e+00 1.053099441528320312e+01 1.299506759643554688e+01 7.635415554046630859e+00 1.278956031799316406e+01 1.081400489807128906e+01 1.218072700500488281e+01 1.256134700775146484e+01 1.436295032501220703e+01 9.618213653564453125e+00 1.047055435180664062e+01 1.182048320770263672e+01 1.319369888305664062e+01 1.103817558288574219e+01 1.344323062896728516e+01 7.325830936431884766e+00 1.264295578002929688e+01 9.731808662414550781e+00 1.233629798889160156e+01 1.029067611694335938e+01 1.241467857360839844e+01 7.203430652618408203e+00 1.165625953674316406e+01 9.604667663574218750e+00 1.014502334594726562e+01
1.191302680969238281e+01 1.581270980834960938e+01 1.259466838836669922e+01 1.030718517303466797e+01 1.355248165130615234e+01 1.456638431549072266e+01 1.061445903778076172e+01 1.001213169097900391e+01 9.313138008117675781e+00 0.000000000000000000e+00 9.466567039489746094e+00 9.372789382934570312e+00 1.193012332916259766e+01 1.377023887634277344e+01 1.124701499938964844e+01 7.635415554046630859e+00 1.186523532867431641e+01 1.234332370758056641e+01 1.665425491333007812e+01 1.775367164611816406e+01 1.577518939971923828e+01 9.618213653564453125e+00 1.586555290222167969e+01 1.631600379943847656e+01 1.234358406066894531e+01 1.416209506988525391e+01 1.099819850921630859e+01 7.325830936431884766e+00 1.084647464752197266e+01 1.246067905426025391e+01 1.259437656402587891e+01 1.400593757629394531e+01 1.189031410217285156e+01 7.203430652618408203e+00 1.172113990783691406e+01 1.132269096374511719e+01
1.114203357696533203e+01 1.494090461730957031e+01 1.145911598205566406e+01 1.442352867126464844e+01 1.030718517303466797e+01 1.419629859924316406e+01 9.094352722167968750e+00 7.826074600219726562e+00 6.872846603393554688e+00 9.466567039489746094e+00 0.000000000000000000e+00 8.063516616821289062e+00 1.093160533905029297e+01 1.256008720397949219e+01 9.701983451843261719e+00 1.245179176330566406e+01 7.635415554046630859e+00 1.169018363952636719e+01 1.333472537994384766e+01 1.437385272979736328e+01 1.182236385345458984e+01 1.060830307006835938e+01 9.618213653564453125e+00 1.318306732177734375e+01 1.216726112365722656e+01 1.368237018585205078e+01 1.034889125823974609e+01 1.299697685241699219e+01 7.325830936431884766e+00 1.257288169860839844e+01 1.152297878265380859e+01 1.270004463195800781e+01 1.029569053649902344e+01 1.206754016876220703e+01 7.203430652618408203e+00 1.046396923065185547e+01
9.634208679199218750e+00 1.351879405975341797e+01 1.091429042816162109e+01 1.326630687713623047e+01 1.187357711791992188e+01 1.030718517303466797e+01 9.036417007446289062e+00 7.145005702972412109e+00 8.082260131835937500e+00 9.372789382934570312e+00 8.063516616821289062e+00 0.000000000000000000e+00 1.025227069854736328e+01 1.158528995513916016e+01 9.943584442138671875e+00 1.182961845397949219e+01 1.048710346221923828e+01 7.635415554046630859e+00 1.266892051696777344e+01 1.342193698883056641e+01 1.189925479888916016e+01 9.721443176269531250e+00 1.188559627532958984e+01 9.618213653564453125e+00 1.037316799163818359e+01 1.173122692108154297e+01 9.262677192687988281e+00 1.130333709716796875e+01 8.904990196228027344e+00 7.325830936431884766e+00 1.179591846466064453e+01 1.259006881713867188e+01 1.146748447418212891e+01 1.229934310913085938e+01 1.115010166168212891e+01 7.203430652618408203e+00
8.234962463378906250e+00 1.454471397399902344e+01 1.276928043365478516e+01 1.512704467773437500e+01 1.392176055908203125e+01 1.448105716705322266e+01 7.635415554046630859e+00 9.027076721191406250e+00 1.053099441528320312e+01 1.193012332916259766e+01 1.093160533905029297e+01 1.025227069854736328e+01 0.000000000000000000e+00 9.105171203613281250e+00 7.918460369110107422e+00 1.061445903778076172e+01 9.094352722167968750e+00 9.036417007446289062e+00 1.060625934600830078e+01 1.363575649261474609e+01 1.274831867218017578e+01 1.115049552917480469e+01 1.308034896850585938e+01 1.315171051025390625e+01 6.788055896759033203e+00 1.139697647094726562e+01 9.654454231262207031e+00 1.200318336486816406e+01 9.778082847595214844e+00 1.098222160339355469e+01 7.410011768341064453e+00 1.131674480438232422e+01 1.077979469299316406e+01 1.203637599945068359e+01 1.085938835144042969e+01 9.804096221923828125e+00
9.480971336364746094e+00 8.234962463378906250e+00 1.002391910552978516e+01 1.247291374206542969e+01 1.056057167053222656e+01 1.087498664855957031e+01 1.417460155487060547e+01 7.635415554046630859e+00 1.299506759643554688e+01 1.377023887634277344e+01 1.256008720397949219e+01 1.158528995513916016e+01 9.105171203613281250e+00 0.000000000000000000e+00 7.807455062866210938e+00 1.001213169097900391e+01 7.826074123382568359e+00 7.145006179809570312e+00 1.431292724609375000e+01 1.060625934600830078e+01 1.304749107360839844e+01 1.101692485809326172e+01 1.261343479156494141e+01 1.232172203063964844e+01 1.131691837310791016e+01 6.788055896759033203e+00 9.515966415405273438e+00 1.143430328369140625e+01 8.558146476745605469e+00 9.438977241516113281e+00 1.214726829528808594e+01 7.410011768341064453e+00 1.114459609985351562e+01 1.192451858520507812e+01 1.030583381652832031e+01 8.675154685974121094e+00
9.898417472839355469e+00 1.253247451782226562e+01 8.234961509704589844e+00 1.305210018157958984e+01 1.121633911132812500e+01 1.268184280395507812e+01 1.144994831085205078e+01 8.345061302185058594e+00 7.635415554046630859e+00 1.124701499938964844e+01 9.701983451843261719e+00 9.943584442138671875e+00 7.918460369110107422e+00 7.807455062866210938e+00 0.000000000000000000e+00 9.313138008117675781e+00 6.872846603393554688e+00 8.082260131835937500e+00 1.370656299591064453e+01 1.329139518737792969e+01 1.060625934600830078e+01 1.053928279876708984e+01 1.217782402038574219e+01 1.301186943054199219e+01 1.115127563476562500e+01 1.111370754241943359e+01 6.788055896759033203e+00 1.156353950500488281e+01 8.701201438903808594e+00 1.094744396209716797e+01 1.090947341918945312e+01 1.036953353881835938e+01 7.410011768341064453e+00 1.097034549713134766e+01 9.157587051391601562e+00 9.010700225830078125e+00
1.149500751495361328e+01 1.343656158447265625e+01 1.177883434295654297e+01 8.234962463378906250e+00 1.234414577484130859e+01 1.294400405883789062e+01 1.412815475463867188e+01 1.129004955291748047e+01 1.278956031799316406e+01 7.635415554046630859e+00 1.245179176330566406e+01 1.182961845397949219e+01 1.061445903778076172e+01 1.001213169097900391e+01 9.313138008117675781e+00 0.000000000000000000e+00 9.466567039489746094e+00 9.372789382934570312e+00 1.805506515502929688e+01 1.743841934204101562e+01 1.695222854614257812e+01 1.060625839233398438e+01 1.669820594787597656e+01 1.673277664184570312e+01 1.316861629486083984e+01 1.272390365600585938e+01 1.148516559600830078e+01 6.788055896759033203e+00 1.082532024383544922e+01 1.189409732818603516e+01 1.379404258728027344e+01 1.296564579010009766e+01 1.276468276977539062e+01 7.410012245178222656e+00 1.214642429351806641e+01 1.118093490600585938e+01
1.035510921478271484e+01 1.210778141021728516e+01 1.021249008178710938e+01 1.274688339233398438e+01 8.234962463378906250e+00 1.223809146881103516e+01 1.274808502197265625e+01 9.018772125244140625e+00 1.081400489807128906e+01 1.186523532867431641e+01 7.635415554046630859e+00 1.048710346221923828e+01 9.094352722167968750e+00 7.826074123382568359e+00 6.872846603393554688e+00 9.466567039489746094e+00 0.000000000000000000e+00 8.063516616821289062e+00 1.480893135070800781e+01 1.372521781921386719e+01 1.308274078369140625e+01 1.119764232635498047e+01 1.060625934600830078e+01 1.343262672424316406e+01 1.272631168365478516e+01 1.189152717590332031e+01 1.053169345855712891e+01 1.241771411895751953e+01 6.788055896759033203e+00 1.171096420288085938e+01 1.254211807250976562e+01 1.122947978973388672e+01 1.097393321990966797e+01 1.189591312408447266e+01 7.410011768341064453e+00 9.958562850952148438e+00
9.446790695190429688e+00 1.093005371093750000e+01 1.026868438720703125e+01 1.199084472656250000e+01 1.076563453674316406e+01 8.234961509704589844e+00 1.322133731842041016e+01 9.191433906555175781e+00 1.218072700500488281e+01 1.234332370758056641e+01 1.169018363952636719e+01 7.635415554046630859e+00 9.036417007446289062e+00 7.145006179809570312e+00 8.082260131835937500e+00 9.372789382934570312e+00 8.063516616821289062e+00 0.000000000000000000e+00 1.467418193817138672e+01 1.323868846893310547e+01 1.365000343322753906e+01 1.098626613616943359e+01 1.321327400207519531e+01 1.060625934600830078e+01 1.161291790008544922e+01 1.025491809844970703e+01 1.014666080474853516e+01 1.124207305908203125e+01 9.222216606140136719e+00 6.788055896759033203e+00 1.330450725555419922e+01 1.169018650054931641e+01 1.262020969390869141e+01 1.266892433166503906e+01 1.186103439331054688e+01 7.410011768341064453e+00
1.181243419647216797e+01 1.710937500000000000e+01 1.573050212860107422e+01 2.003428077697753906e+01 1.701878166198730469e+01 1.739546012878417969e+01 9.618213653564453125e+00 1.118756484985351562e+01 1.256134700775146484e+01 1.665425491333007812e+01 1.333472537994384766e+01 1.266892051696777344e+01 1.060625934600830078e+01 1.431292724609375000e+01 1.370656299591064453e+01 1.805506515502929688e+01 1.480893135070800781e+01 1.467418193817138672e+01 0.000000000000000000e+00 9.105171203613281250e+00 7.918460369110107422e+00 1.061445903778076172e+01 9.094352722167968750e+00 9.036417007446289062e+00 9.191026687622070312e+00 1.333234214782714844e+01 1.201169586181640625e+01 1.683150672912597656e+01 1.257428455352783203e+01 1.342343139648437500e+01 9.744614601135253906e+00 1.332595062255859375e+01 1.299724292755126953e+01 1.690412712097167969e+01 1.349370193481445312e+01 1.254398536682128906e+01
1.233470058441162109e+01 1.181243419647216797e+01 1.324424648284912109e+01 1.785092544555664062e+01 1.406720066070556641e+01 1.420223140716552734e+01 1.502220821380615234e+01 9.618213653564453125e+00 1.436295032501220703e+01 1.775367164611816406e+01 1.437385272979736328e+01 1.342193698883056641e+01 1.363575649261474609e+01 1.060625934600830078e+01 1.329139518737792969e+01 1.743841934204101562e+01 1.372521781921386719e+01 1.323868846893310547e+01 9.105171203613281250e+00 0.000000000000000000e+00 7.807455062866210938e+00 1.001213169097900391e+01 7.826074123382568359e+00 7.145006179809570312e+00 1.253023910522460938e+01 9.191026687622070312e+00 1.149621677398681641e+01 1.614011764526367188e+01 1.123746395111083984e+01 1.179875278472900391e+01 1.334699821472167969e+01 9.744613647460937500e+00 1.294076251983642578e+01 1.654104804992675781e+01 1.268467140197753906e+01 1.127060604095458984e+01
1.253086662292480469e+01 1.501898479461669922e+01 1.181243419647216797e+01 1.817215538024902344e+01 1.445526313781738281e+01 1.552594947814941406e+01 1.235462093353271484e+01 1.003186988830566406e+01 9.618213653564453125e+00 1.577518939971923828e+01 1.182236385345458984e+01 1.189925479888916016e+01 1.274831867218017578e+01 1.304749107360839844e+01 1.060625934600830078e+01 1.695222854614257812e+01 1.308274078369140625e+01 1.365000343322753906e+01 7.918460369110107422e+00 7.807455062866210938e+00 0.000000000000000000e+00 9.313138008117675781e+00 6.872846603393554688e+00 8.082260131835937500e+00 1.225043392181396484e+01 1.259760570526123047e+01 9.191026687622070312e+00 1.613268470764160156e+01 1.120435333251953125e+01 1.291320037841796875e+01 1.209920310974121094e+01 1.201517295837402344e+01 9.744613647460937500e+00 1.576542091369628906e+01 1.163357162475585938e+01 1.139073657989501953e+01
1.015028667449951172e+01 1.268453121185302734e+01 1.105934810638427734e+01 1.181243419647216797e+01 1.213983154296875000e+01 1.263417530059814453e+01 1.153209972381591797e+01 8.385273933410644531e+00 1.047055435180664062e+01 9.618213653564453125e+00 1.060830307006835938e+01 9.721443176269531250e+00 1.115049552917480469e+01 1.101692485809326172e+01 1.053928279876708984e+01 1.060625839233398438e+01 1.119764232635498047e+01 1.098626613616943359e+01 1.061445903778076172e+01 1.001213169097900391e+01 9.313138008117675781e+00 0.000000000000000000e+00 9.466567039489746094e+00 9.372789382934570312e+00 1.053488636016845703e+01 1.043705463409423828e+01 9.063967704772949219e+00 9.191026687622070312e+00 8.880505561828613281e+00 1.001114177703857422e+01 1.137976169586181641e+01 1.080714321136474609e+01 1.071613597869873047e+01 9.744614601135253906e+00 1.052916812896728516e+01 9.242221832275390625e+00
1.244358825683593750e+01 1.427151012420654297e+01 1.282905483245849609e+01 1.763302421569824219e+01 1.181243419647216797e+01 1.478402805328369141e+01 1.313848018646240234e+01 1.004526138305664062e+01 1.182048320770263672e+01 1.586555290222167969e+01 9.618213653564453125e+00 1.188559627532958984e+01 1.308034896850585938e+01 1.261343479156494141e+01 1.217782402038574219e+01 1.669820594787597656e+01 1.060625934600830078e+01 1.321327400207519531e+01 9.094352722167968750e+00 7.826074123382568359e+00 6.872846603393554688e+00 9.466567039489746094e+00 0.000000000000000000e+00 8.063515663146972656e+00 1.327598762512207031e+01 1.285162448883056641e+01 1.174242305755615234e+01 1.641092300415039062e+01 9.191026687622070312e+00 1.313855266571044922e+01 1.316242885589599609e+01 1.230889987945556641e+01 1.220848464965820312e+01 1.607119750976562500e+01 9.744613647460937500e+00 1.167474937438964844e+01
1.182281112670898438e+01 1.339649581909179688e+01 1.298683929443359375e+01 1.717973327636718750e+01 1.380363559722900391e+01 1.181243419647216797e+01 1.370518779754638672e+01 1.034281826019287109e+01 1.319369888305664062e+01 1.631600379943847656e+01 1.318306732177734375e+01 9.618213653564453125e+00 1.315171051025390625e+01 1.232172203063964844e+01 1.301186943054199219e+01 1.673277664184570312e+01 1.343262672424316406e+01 1.060625934600830078e+01 9.036417007446289062e+00 7.145006179809570312e+00 8.082260131835937500e+00 9.372789382934570312e+00 8.063515663146972656e+00 0.000000000000000000e+00 1.233187389373779297e+01 1.148223018646240234e+01 1.152584362030029297e+01 1.563410854339599609e+01 1.124139499664306641e+01 9.191026687622070312e+00 1.399561119079589844e+01 1.284487056732177734e+01 1.381347084045410156e+01 1.673901748657226562e+01 1.355196666717529297e+01 9.744614601135253906e+00
8.291393280029296875e+00 1.454551696777343750e+01 1.339993858337402344e+01 1.563419532775878906e+01 1.509708881378173828e+01 1.475665760040283203e+01 7.325830936431884766e+00 8.714766502380371094e+00 1.103817558288574219e+01 1.234358406066894531e+01 1.216726112365722656e+01 1.037316799163818359e+01 6.788055896759033203e+00 1.131691837310791016e+01 1.115127563476562500e+01 1.316861629486083984e+01 1.272631168365478516e+01 1.161291790008544922e+01 9.191026687622070312e+00 1.253023910522460938e+01 1.225043392181396484e+01 1.053488636016845703e+01 1.327598762512207031e+01 1.233187389373779297e+01 0.000000000000000000e+00 9.105171203613281250e+00 7.918459892272949219e+00 1.061445903778076172e+01 9.094352722167968750e+00 9.036417007446289062e+00 5.866922855377197266e+00 1.032821464538574219e+01 1.054930019378662109e+01 1.179215335845947266e+01 1.142859935760498047e+01 9.097150802612304688e+00
9.577610015869140625e+00 8.291392326354980469e+00 1.085780811309814453e+01 1.311805725097656250e+01 1.210543346405029297e+01 1.127973842620849609e+01 1.404267597198486328e+01 7.325830936431884766e+00 1.344323062896728516e+01 1.416209506988525391e+01 1.368237018585205078e+01 1.173122692108154297e+01 1.139697647094726562e+01 6.788055896759033203e+00 1.111370754241943359e+01 1.272390365600585938e+01 1.189152717590332031e+01 1.025491809844970703e+01 1.333234214782714844e+01 9.191026687622070312e+00 1.259760570526123047e+01 1.043705463409423828e+01 1.285162448883056641e+01 1.148223018646240234e+01 9.105171203613281250e+00 0.000000000000000000e+00 7.807455062866210938e+00 1.001213169097900391e+01 7.826074123382568359e+00 7.145005702972412109e+00 1.131272983551025391e+01 5.866923332214355469e+00 1.096334648132324219e+01 1.171681976318359375e+01 1.094559192657470703e+01 7.924983501434326172e+00
9.129076004028320312e+00 1.189601230621337891e+01 8.291392326354980469e+00 1.305322551727294922e+01 1.201422786712646484e+01 1.238207912445068359e+01 1.053082656860351562e+01 6.966192722320556641e+00 7.325830936431884766e+00 1.099819850921630859e+01 1.034889125823974609e+01 9.262677192687988281e+00 9.654454231262207031e+00 9.515966415405273438e+00 6.788055896759033203e+00 1.148516559600830078e+01 1.053169345855712891e+01 1.014666080474853516e+01 1.201169586181640625e+01 1.149621677398681641e+01 9.191026687622070312e+00 9.063967704772949219e+00 1.174242305755615234e+01 1.152584362030029297e+01 7.918459892272949219e+00 7.807455062866210938e+00 0.000000000000000000e+00 9.313138008117675781e+00 6.872846603393554688e+00 8.082260131835937500e+00 9.108120918273925781e+00 8.399957656860351562e+00 5.866922855377197266e+00 9.947751998901367188e+00 8.998706817626953125e+00 7.229061603546142578e+00
1.088116550445556641e+01 1.288008403778076172e+01 1.185650730133056641e+01 8.291392326354980469e+00 1.310788249969482422e+01 1.268610095977783203e+01 1.342776870727539062e+01 1.035646057128906250e+01 1.264295578002929688e+01 7.325830936431884766e+00 1.299697685241699219e+01 1.130333709716796875e+01 1.200318336486816406e+01 1.143430328369140625e+01 1.156353950500488281e+01 6.788055896759033203e+00 1.241771411895751953e+01 1.124207305908203125e+01 1.683150672912597656e+01 1.614011764526367188e+01 1.613268470764160156e+01 9.191026687622070312e+00 1.641092300415039062e+01 1.563410854339599609e+01 1.061445903778076172e+01 1.001213169097900391e+01 9.313138008117675781e+00 0.000000000000000000e+00 9.466567039489746094e+00 9.372789382934570312e+00 1.245472431182861328e+01 1.149100875854492188e+01 1.197300624847412109e+01 5.866923332214355469e+00 1.206458187103271484e+01 9.848001480102539062e+00
8.659493446350097656e+00 1.065118408203125000e+01 9.360808372497558594e+00 1.203783988952636719e+01 8.291392326354980469e+00 1.116488933563232422e+01 1.116726684570312500e+01 6.528645515441894531e+00 9.731808662414550781e+00 1.084647464752197266e+01 7.325830936431884766e+00 8.904990196228027344e+00 9.778082847595214844e+00 8.558146476745605469e+00 8.701201438903808594e+00 1.082532024383544922e+01 6.788055896759033203e+00 9.222216606140136719e+00 1.257428455352783203e+01 1.123746395111083984e+01 1.120435333251953125e+01 8.880505561828613281e+00 9.191026687622070312e+00 1.124139499664306641e+01 9.094352722167968750e+00 7.826074123382568359e+00 6.872846603393554688e+00 9.466567039489746094e+00 0.000000000000000000e+00 8.063516616821289062e+00 1.018053054809570312e+01 8.457568168640136719e+00 9.073967933654785156e+00 1.012517738342285156e+01 5.866923332214355469e+00 7.255120754241943359e+00
9.113128662109375000e+00 1.060019493103027344e+01 1.071561431884765625e+01 1.233918857574462891e+01 1.195325088500976562e+01 8.291392326354980469e+00 1.276897144317626953e+01 8.474439620971679688e+00 1.233629798889160156e+01 1.246067905426025391e+01 1.257288169860839844e+01 7.325830936431884766e+00 1.098222160339355469e+01 9.438977241516113281e+00 1.094744396209716797e+01 1.189409732818603516e+01 1.171096420288085938e+01 6.788055896759033203e+00 1.342343139648437500e+01 1.179875278472900391e+01 1.291320037841796875e+01 1.001114177703857422e+01 1.313855266571044922e+01 9.191026687622070312e+00 9.036417007446289062e+00 7.145005702972412109e+00 8.082260131835937500e+00 9.372789382934570312e+00 8.063516616821289062e+00 0.000000000000000000e+00 1.222280883789062500e+01 1.039896392822265625e+01 1.213375854492187500e+01 1.214729595184326172e+01 1.209319496154785156e+01 5.866922855377197266e+00
9.979697227478027344e+00 1.590824222564697266e+01 1.400859165191650391e+01 1.683175086975097656e+01 1.566155815124511719e+01 1.679063987731933594e+01 7.203431129455566406e+00 9.209868431091308594e+00 1.029067611694335938e+01 1.259437656402587891e+01 1.152297878265380859e+01 1.179591846466064453e+01 7.410011768341064453e+00 1.214726829528808594e+01 1.090947341918945312e+01 1.379404258728027344e+01 1.254211807250976562e+01 1.330450725555419922e+01 9.744614601135253906e+00 1.334699821472167969e+01 1.209920310974121094e+01 1.137976169586181641e+01 1.316242885589599609e+01 1.399561119079589844e+01 5.866922855377197266e+00 1.131272983551025391e+01 9.108120918273925781e+00 1.245472431182861328e+01 1.018053054809570312e+01 1.222280883789062500e+01 0.000000000000000000e+00 9.105171203613281250e+00 7.918460369110107422e+00 1.061445903778076172e+01 9.094352722167968750e+00 9.036417007446289062e+00
1.057945346832275391e+01 9.979697227478027344e+00 1.113199329376220703e+01 1.415310192108154297e+01 1.237945556640625000e+01 1.344418716430664062e+01 1.359284591674804688e+01 7.203430652618408203e+00 1.241467857360839844e+01 1.400593757629394531e+01 1.270004463195800781e+01 1.259006881713867188e+01 1.131674480438232422e+01 7.410011768341064453e+00 1.036953353881835938e+01 1.296564579010009766e+01 1.122947978973388672e+01 1.169018650054931641e+01 1.332595062255859375e+01 9.744613647460937500e+00 1.201517295837402344e+01 1.080714321136474609e+01 1.230889987945556641e+01 1.284487056732177734e+01 1.032821464538574219e+01 5.866923332214355469e+00 8.399957656860351562e+00 1.149100875854492188e+01 8.457568168640136719e+00 1.039896392822265625e+01 9.105171203613281250e+00 0.000000000000000000e+00 7.807455062866210938e+00 1.001213169097900391e+01 7.826074123382568359e+00 7.145006179809570312e+00
1.132925796508789062e+01 1.404208374023437500e+01 9.979697227478027344e+00 1.494762039184570312e+01 1.326155757904052734e+01 1.521996688842773438e+01 1.110337066650390625e+01 8.459746360778808594e+00 7.203430652618408203e+00 1.189031410217285156e+01 1.029569053649902344e+01 1.146748447418212891e+01 1.077979469299316406e+01 1.114459609985351562e+01 7.410011768341064453e+00 1.276468276977539062e+01 1.097393321990966797e+01 1.262020969390869141e+01 1.299724292755126953e+01 1.294076251983642578e+01 9.744613647460937500e+00 1.071613597869873047e+01 1.220848464965820312e+01 1.381347084045410156e+01 1.054930019378662109e+01 1.096334648132324219e+01 5.866922855377197266e+00 1.197300624847412109e+01 9.073967933654785156e+00 1.213375854492187500e+01 7.918460369110107422e+00 7.807455062866210938e+00 0.000000000000000000e+00 9.313138008117675781e+00 6.872846603393554688e+00 8.082260131835937500e+00
1.188336181640625000e+01 1.411963081359863281e+01 1.221582317352294922e+01 9.979697227478027344e+00 1.345905780792236328e+01 1.473333358764648438e+01 1.305733394622802734e+01 1.039702606201171875e+01 1.165625953674316406e+01 7.203430652618408203e+00 1.206754016876220703e+01 1.229934310913085938e+01 1.203637599945068359e+01 1.192451858520507812e+01 1.097034549713134766e+01 7.410012245178222656e+00 1.189591312408447266e+01 1.266892433166503906e+01 1.690412712097167969e+01 1.654104804992675781e+01 1.576542091369628906e+01 9.744614601135253906e+00 1.607119750976562500e+01 1.673901748657226562e+01 1.179215335845947266e+01 1.171681976318359375e+01 9.947751998901367188e+00 5.866923332214355469e+00 1.012517738342285156e+01 1.214729595184326172e+01 1.061445903778076172e+01 1.001213169097900391e+01 9.313138008117675781e+00 0.000000000000000000e+00 9.466567039489746094e+00 9.372789382934570312e+00
1.092331504821777344e+01 1.297815895080566406e+01 1.085319423675537109e+01 1.404543495178222656e+01 9.979697227478027344e+00 1.422343921661376953e+01 1.167965221405029297e+01 8.061178207397460938e+00 9.604667663574218750e+00 1.172113990783691406e+01 7.203430652618408203e+00 1.115010166168212891e+01 1.085938835144042969e+01 1.030583381652832031e+01 9.157587051391601562e+00 1.214642429351806641e+01 7.410011768341064453e+00 1.186103439331054688e+01 1.349370193481445312e+01 1.268467140197753906e+01 1.163357162475585938e+01 1.052916812896728516e+01 9.744613647460937500e+00 1.355196666717529297e+01 1.142859935760498047e+01 1.094559192657470703e+01 8.998706817626953125e+00 1.206458187103271484e+01 5.866923332214355469e+00 1.209319496154785156e+01 9.094352722167968750e+00 7.826074123382568359e+00 6.872846603393554688e+00 9.466567039489746094e+00 0.000000000000000000e+00 8.063515663146972656e+00
8.976457595825195312e+00 1.097928714752197266e+01 9.908942222595214844e+00 1.256248092651367188e+01 1.126601409912109375e+01 9.979697227478027344e+00 1.131144618988037109e+01 6.882674694061279297e+00 1.014502334594726562e+01 1.132269096374511719e+01 1.046396923065185547e+01 7.203430652618408203e+00 9.804096221923828125e+00 8.675154685974121094e+00 9.010700225830078125e+00 1.118093490600585938e+01 9.958562850952148438e+00 7.410011768341064453e+00 1.254398536682128906e+01 1.127060604095458984e+01 1.139073657989501953e+01 9.242221832275390625e+00 1.167474937438964844e+01 9.744614601135253906e+00 9.097150802612304688e+00 7.924983501434326172e+00 7.229061603546142578e+00 9.848001480102539062e+00 7.255120754241943359e+00 5.866922855377197266e+00 9.036417007446289062e+00 7.145006179809570312e+00 8.082260131835937500e+00 9.372789382934570312e+00 8.063515663146972656e+00 0.000000000000000000e+00
