0.000000000000000000e+00 8.099249839782714844e+00 7.129898548126220703e+00 7.907405853271484375e+00 8.612829208374023438e+00 8.023962020874023438e+00 9.561361312866210938e+00 7.421820163726806641e+00 1.045927333831787109e+01 9.978438377380371094e+00 1.063650321960449219e+01 8.928768157958984375e+00 7.716527938842773438e+00 8.565677642822265625e+00 9.101857185363769531e+00 9.538961410522460938e+00 1.041536998748779297e+01 8.687530517578125000e+00 9.589982986450195312e+00 1.013866233825683594e+01 1.072175979614257812e+01 8.528186798095703125e+00 1.113954162597656250e+01 9.998661041259765625e+00 7.857372760772705078e+00 8.892732620239257812e+00 8.949016571044921875e+00 9.044824600219726562e+00 8.639860153198242188e+00 8.599223136901855469e+00 9.343970298767089844e+00 9.611961364746093750e+00 1.053524112701416016e+01 1.004944324493408203e+01 1.083455467224121094e+01 8.430421829223632812e+00
8.099249839782714844e+00 0.000000000000000000e+00 7.304256439208984375e+00 7.793121337890625000e+00 7.445597648620605469e+00 6.414652347564697266e+00 1.609197044372558594e+01 9.561361312866210938e+00 1.462351512908935547e+01 1.413184165954589844e+01 1.401161575317382812e+01 1.258653068542480469e+01 1.330091953277587891e+01 7.716527938842773438e+00 1.171035289764404297e+01 1.187305068969726562e+01 1.189570713043212891e+01 1.019847106933593750e+01 1.457184886932373047e+01 9.589982986450195312e+00 1.312425231933593750e+01 1.121199321746826172e+01 1.265379905700683594e+01 1.146778869628906250e+01 1.325109958648681641e+01 7.857372760772705078e+00 1.143927669525146484e+01 1.132563495635986328e+01 1.020582008361816406e+01 9.948160171508789062e+00 1.460908794403076172e+01 9.343970298767089844e+00 1.319188499450683594e+01 1.263783168792724609e+01 1.261592102050781250e+01 1.040930461883544922e+01
7.129898548126220703e+00 7.304256439208984375e+00 0.000000000000000000e+00 7.155430316925048828e+00 7.194401264190673828e+00 7.239709377288818359e+00 1.323305511474609375e+01 8.700366020202636719e+00 9.561361312866210938e+00 1.100458908081054688e+01 1.111631393432617188e+01 1.003050327301025391e+01 1.174379444122314453e+01 9.416028022766113281e+00 7.716527938842773438e+00 1.035380935668945312e+01 1.065809345245361328e+01 9.541440010070800781e+00 1.306332015991210938e+01 1.088089466094970703e+01 9.589982986450195312e+00 9.447231292724609375e+00 1.138046836853027344e+01 1.076335239410400391e+01 1.204419422149658203e+01 9.966135978698730469e+00 7.857372760772705078e+00 1.014745426177978516e+01 9.204054832458496094e+00 9.719306945800781250e+00 1.285687065124511719e+01 1.035847759246826172e+01 9.343970298767089844e+00 1.080825233459472656e+01 1.105079555511474609e+01 9.287375450134277344e+00
7.907405853271484375e+00 7.793121337890625000e+00 7.155430316925048828e+00 0.000000000000000000e+00 8.222686767578125000e+00 7.247654914855957031e+00 1.443343925476074219e+01 1.022720813751220703e+01 1.281166076660156250e+01 9.561361312866210938e+00 1.268638706207275391e+01 1.105644130706787109e+01 1.237545776367187500e+01 9.979268074035644531e+00 1.069058513641357422e+01 7.716527938842773438e+00 1.153220558166503906e+01 9.731279373168945312e+00 1.537074279785156250e+01 1.340493392944335938e+01 1.403872203826904297e+01 9.589982986450195312e+00 1.411686897277832031e+01 1.303390407562255859e+01 1.291208362579345703e+01 1.080148696899414062e+01 1.108630466461181641e+01 7.857372760772705078e+00 1.051358413696289062e+01 1.022485637664794922e+01 1.409547424316406250e+01 1.167776679992675781e+01 1.265707683563232422e+01 9.343970298767089844e+00 1.263585758209228516e+01 1.039529132843017578e+01
8.612829208374023438e+00 7.445597648620605469e+00 7.194401264190673828e+00 8.222686767578125000e+00 0.000000000000000000e+00 7.463592052459716797e+00 1.476704788208007812e+01 9.868522644042968750e+00 1.275874614715576172e+01 1.253474998474121094e+01 9.561361312866210938e+00 1.111347770690917969e+01 1.260838317871093750e+01 9.405083656311035156e+00 1.044095230102539062e+01 1.101467323303222656e+01 7.716527938842773438e+00 9.593754768371582031e+00 1.442940711975097656e+01 1.160563564300537109e+01 1.256739044189453125e+01 1.094872951507568359e+01 9.589982986450195312e+00 1.154788589477539062e+01 1.404247474670410156e+01 1.141015815734863281e+01 1.192815017700195312e+01 1.217235851287841797e+01 7.857372760772705078e+00 1.124899196624755859e+01 1.433853626251220703e+01 1.123974704742431641e+01 1.249072742462158203e+01 1.225478744506835938e+01 9.343970298767089844e+00 1.031970214843750000e+01
8.023962020874023438e+00 6.414652347564697266e+00 7.239709377288818359e+00 7.247654914855957031e+00 7.463592052459716797e+00 0.000000000000000000e+00 1.522774696350097656e+01 1.033024787902832031e+01 1.367680644989013672e+01 1.287056064605712891e+01 1.306676197052001953e+01 9.561361312866210938e+00 1.312952232360839844e+01 9.867943763732910156e+00 1.152724361419677734e+01 1.137755680084228516e+01 1.176689815521240234e+01 7.716527938842773438e+00 1.458527469635009766e+01 1.160693359375000000e+01 1.314962291717529297e+01 1.091374874114990234e+01 1.272761821746826172e+01 9.589982986450195312e+00 1.335282421112060547e+01 1.033471107482910156e+01 1.156885814666748047e+01 1.113489627838134766e+01 1.040899562835693359e+01 7.857372760772705078e+00 1.524189853668212891e+01 1.218857860565185547e+01 1.389931488037109375e+01 1.310016918182373047e+01 1.339901733398437500e+01 9.343970298767089844e+00
9.561361312866210938e+00 1.609197044372558594e+01 1.323305511474609375e+01 1.443343925476074219e+01 1.476704788208007812e+01 1.522774696350097656e+01 0.000000000000000000e+00 8.099249839782714844e+00 7.129898548126220703e+00 7.907406330108642578e+00 8.612829208374023438e+00 8.023962020874023438e+00 7.009918212890625000e+00 1.284130191802978516e+01 1.026141357421875000e+01 1.161737537384033203e+01 1.226944637298583984e+01 1.188057327270507812e+01 7.438536643981933594e+00 1.296497535705566406e+01 1.054413700103759766e+01 9.511651039123535156e+00 1.182872295379638672e+01 1.180753898620605469e+01 7.228282928466796875e+00 1.309673690795898438e+01 1.017119979858398438e+01 1.125593471527099609e+01 1.084537696838378906e+01 1.185483455657958984e+01 7.168365955352783203e+00 1.258568859100341797e+01 1.038872718811035156e+01 1.092906475067138672e+01 1.157274913787841797e+01 1.054648685455322266e+01
7.421820163726806641e+00 9.561361312866210938e+00 8.700366020202636719e+00 1.022720813751220703e+01 9.868522644042968750e+00 1.033024787902832031e+01 8.099249839782714844e+00 0.000000000000000000e+00 7.304256439208984375e+00 7.793121337890625000e+00 7.445597648620605469e+00 6.414651870727539062e+00 8.035830497741699219e+00 7.009918212890625000e+00 7.592832088470458984e+00 9.110810279846191406e+00 9.035108566284179688e+00 8.231014251708984375e+00 8.588874816894531250e+00 7.438536643981933594e+00 8.156878471374511719e+00 6.443311214447021484e+00 8.603131294250488281e+00 8.307879447937011719e+00 8.010451316833496094e+00 7.228282928466796875e+00 7.231282234191894531e+00 8.439381599426269531e+00 6.723073005676269531e+00 7.976358890533447266e+00 8.692933082580566406e+00 7.168365955352783203e+00 8.308196067810058594e+00 8.731202125549316406e+00 8.588851928710937500e+00 6.824656963348388672e+00
1.045927333831787109e+01 1.462351512908935547e+01 9.561361312866210938e+00 1.281166076660156250e+01 1.275874614715576172e+01 1.367680644989013672e+01 7.129898548126220703e+00 7.304256439208984375e+00 0.000000000000000000e+00 7.155430316925048828e+00 7.194401264190673828e+00 7.239709377288818359e+00 9.728935241699218750e+00 1.213800430297851562e+01 7.009918212890625000e+00 1.087723827362060547e+01 1.108132171630859375e+01 1.112902736663818359e+01 1.005762004852294922e+01 1.228142166137695312e+01 7.438536643981933594e+00 8.610054016113281250e+00 1.060592842102050781e+01 1.106507301330566406e+01 1.013477897644042969e+01 1.260591220855712891e+01 7.228282928466796875e+00 1.072377681732177734e+01 9.738120079040527344e+00 1.132239913940429688e+01 9.824264526367187500e+00 1.185112380981445312e+01 7.168365955352783203e+00 1.011992359161376953e+01 1.028602886199951172e+01 9.672285079956054688e+00
9.978438377380371094e+00 1.413184165954589844e+01 1.100458908081054688e+01 9.561361312866210938e+00 1.253474998474121094e+01 1.287056064605712891e+01 7.907406330108642578e+00 7.793121337890625000e+00 7.155430316925048828e+00 0.000000000000000000e+00 8.222686767578125000e+00 7.247654914855957031e+00 9.400459289550781250e+00 1.169344043731689453e+01 9.075457572937011719e+00 7.009918212890625000e+00 1.098515701293945312e+01 1.029539489746093750e+01 1.205181598663330078e+01 1.380626106262207031e+01 1.178689861297607422e+01 7.438536643981933594e+00 1.267824268341064453e+01 1.244788742065429688e+01 1.014170646667480469e+01 1.243939208984375000e+01 9.586297988891601562e+00 7.228282451629638672e+00 9.956556320190429688e+00 1.080558586120605469e+01 1.041060066223144531e+01 1.216562938690185547e+01 1.013698482513427734e+01 7.168365955352783203e+00 1.103758716583251953e+01 9.687156677246093750e+00
1.063650321960449219e+01 1.401161575317382812e+01 1.111631393432617188e+01 1.268638706207275391e+01 9.561361312866210938e+00 1.306676197052001953e+01 8.612829208374023438e+00 7.445597648620605469e+00 7.194401264190673828e+00 8.222686767578125000e+00 0.000000000000000000e+00 7.463592052459716797e+00 9.803072929382324219e+00 1.129241180419921875e+01 8.888252258300781250e+00 1.062211799621582031e+01 7.009918212890625000e+00 1.025912857055664062e+01 1.091359806060791016e+01 1.214593029022216797e+01 1.008448123931884766e+01 9.227727890014648438e+00 7.438536167144775391e+00 1.096964836120605469e+01 1.162908363342285156e+01 1.304493427276611328e+01 1.063879585266113281e+01 1.185699272155761719e+01 7.228282451629638672e+00 1.186022758483886719e+01 1.082608318328857422e+01 1.182693576812744141e+01 1.002434062957763672e+01 1.077811431884765625e+01 7.168365955352783203e+00 9.705018997192382812e+00
8.928768157958984375e+00 1.258653068542480469e+01 1.003050327301025391e+01 1.105644130706787109e+01 1.111347770690917969e+01 9.561361312866210938e+00 8.023962020874023438e+00 6.414651870727539062e+00 7.239709377288818359e+00 7.247654914855957031e+00 7.463592052459716797e+00 0.000000000000000000e+00 9.268107414245605469e+00 1.062185668945312500e+01 8.902215957641601562e+00 9.866089820861816406e+00 1.021951961517333984e+01 7.009918212890625000e+00 1.000067996978759766e+01 1.113275814056396484e+01 9.646481513977050781e+00 7.795558929443359375e+00 1.008666801452636719e+01 7.438536643981933594e+00 9.629485130310058594e+00 1.109816932678222656e+01 9.007009506225585938e+00 9.632884979248046875e+00 8.674187660217285156e+00 7.228282928466796875e+00 1.096861362457275391e+01 1.176819992065429688e+01 1.067916870117187500e+01 1.067646598815917969e+01 1.095417404174804688e+01 7.168365955352783203e+00
7.716527938842773438e+00 1.330091953277587891e+01 1.174379444122314453e+01 1.237545776367187500e+01 1.260838317871093750e+01 1.312952232360839844e+01 7.009918212890625000e+00 8.035830497741699219e+00 9.728935241699218750e+00 9.400459289550781250e+00 9.803072929382324219e+00 9.268107414245605469e+00 0.000000000000000000e+00 8.099249839782714844e+00 7.129898548126220703e+00 7.907406330108642578e+00 8.612829208374023438e+00 8.023962020874023438e+00 8.821815490722656250e+00 1.184993553161621094e+01 1.132913208007812500e+01 9.469250679016113281e+00 1.162719821929931641e+01 1.158816051483154297e+01 7.012590408325195312e+00 1.087615013122558594e+01 9.749843597412109375e+00 1.001633834838867188e+01 9.345106124877929688e+00 1.048047447204589844e+01 7.306639671325683594e+00 1.049946880340576172e+01 1.022765636444091797e+01 9.906996726989746094e+00 1.042643260955810547e+01 9.252285957336425781e+00
8.565677642822265625e+00 7.716527938842773438e+00 9.416028022766113281e+00 9.979268074035644531e+00 9.405083656311035156e+00 9.867943763732910156e+00 1.284130191802978516e+01 7.009918212890625000e+00 1.213800430297851562e+01 1.169344043731689453e+01 1.129241180419921875e+01 1.062185668945312500e+01 8.099249839782714844e+00 0.000000000000000000e+00 7.304256439208984375e+00 7.793121337890625000e+00 7.445597648620605469e+00 6.414651870727539062e+00 1.210056114196777344e+01 8.821815490722656250e+00 1.157010173797607422e+01 9.532769203186035156e+00 1.092928028106689453e+01 1.067944717407226562e+01 1.054788589477539062e+01 7.012590408325195312e+00 9.698443412780761719e+00 9.747632980346679688e+00 8.066644668579101562e+00 9.115249633789062500e+00 1.130180549621582031e+01 7.306639671325683594e+00 1.076418399810791016e+01 1.025184059143066406e+01 9.935420036315917969e+00 8.432946205139160156e+00
9.101857185363769531e+00 1.171035289764404297e+01 7.716527938842773438e+00 1.069058513641357422e+01 1.044095230102539062e+01 1.152724361419677734e+01 1.026141357421875000e+01 7.592832088470458984e+00 7.009918212890625000e+00 9.075457572937011719e+00 8.888252258300781250e+00 8.902215957641601562e+00 7.129898548126220703e+00 7.304256439208984375e+00 0.000000000000000000e+00 7.155430316925048828e+00 7.194401264190673828e+00 7.239709377288818359e+00 1.135651969909667969e+01 1.133516216278076172e+01 8.821815490722656250e+00 8.868509292602539062e+00 1.063395404815673828e+01 1.107364273071289062e+01 1.024520778656005859e+01 1.053552818298339844e+01 7.012590408325195312e+00 9.692912101745605469e+00 8.358349800109863281e+00 1.014012718200683594e+01 1.019018650054931641e+01 9.879809379577636719e+00 7.306639194488525391e+00 9.297266006469726562e+00 9.268579483032226562e+00 8.558721542358398438e+00
9.538961410522460938e+00 1.187305068969726562e+01 1.035380935668945312e+01 7.716527938842773438e+00 1.101467323303222656e+01 1.137755680084228516e+01 1.161737537384033203e+01 9.110810279846191406e+00 1.087723827362060547e+01 7.009918212890625000e+00 1.062211799621582031e+01 9.866089820861816406e+00 7.907406330108642578e+00 7.793121337890625000e+00 7.155430316925048828e+00 0.000000000000000000e+00 8.222686767578125000e+00 7.247654914855957031e+00 1.382158851623535156e+01 1.364700126647949219e+01 1.339398288726806641e+01 8.821815490722656250e+00 1.339060401916503906e+01 1.315731048583984375e+01 1.109414100646972656e+01 1.117148113250732422e+01 1.033443927764892578e+01 7.012590408325195312e+00 9.598917961120605469e+00 1.045759677886962891e+01 1.156198501586914062e+01 1.109681034088134766e+01 1.107858943939208984e+01 7.306639194488525391e+00 1.095023822784423828e+01 9.566336631774902344e+00
1.041536998748779297e+01 1.189570713043212891e+01 1.065809345245361328e+01 1.153220558166503906e+01 7.716527938842773438e+00 1.176689815521240234e+01 1.226944637298583984e+01 9.035108566284179688e+00 1.108132171630859375e+01 1.098515701293945312e+01 7.009918212890625000e+00 1.021951961517333984e+01 8.612829208374023438e+00 7.445597648620605469e+00 7.194401264190673828e+00 8.222686767578125000e+00 0.000000000000000000e+00 7.463592052459716797e+00 1.299302768707275391e+01 1.212738895416259766e+01 1.208663177490234375e+01 1.056246662139892578e+01 8.821815490722656250e+00 1.193399333953857422e+01 1.262471675872802734e+01 1.200649547576904297e+01 1.148954486846923828e+01 1.189280414581298828e+01 7.012590408325195312e+00 1.171271896362304688e+01 1.210062408447265625e+01 1.090574359893798828e+01 1.115285682678222656e+01 1.104949760437011719e+01 7.306639194488525391e+00 9.786896705627441406e+00
8.687530517578125000e+00 1.019847106933593750e+01 9.541440010070800781e+00 9.731279373168945312e+00 9.593754768371582031e+00 7.716527938842773438e+00 1.188057327270507812e+01 8.231014251708984375e+00 1.112902736663818359e+01 1.029539489746093750e+01 1.025912857055664062e+01 7.009918212890625000e+00 8.023962020874023438e+00 6.414651870727539062e+00 7.239709377288818359e+00 7.247654914855957031e+00 7.463592052459716797e+00 0.000000000000000000e+00 1.225280761718750000e+01 1.113075923919677734e+01 1.174095821380615234e+01 9.359009742736816406e+00 1.116418647766113281e+01 8.821815490722656250e+00 1.082960987091064453e+01 9.877276420593261719e+00 1.001785755157470703e+01 9.697861671447753906e+00 8.519122123718261719e+00 7.012590408325195312e+00 1.224487972259521484e+01 1.086070442199707031e+01 1.176218700408935547e+01 1.096887207031250000e+01 1.106349945068359375e+01 7.306639194488525391e+00
9.589982986450195312e+00 1.457184886932373047e+01 1.306332015991210938e+01 1.537074279785156250e+01 1.442940711975097656e+01 1.458527469635009766e+01 7.438536643981933594e+00 8.588874816894531250e+00 1.005762004852294922e+01 1.205181598663330078e+01 1.091359806060791016e+01 1.000067996978759766e+01 8.821815490722656250e+00 1.210056114196777344e+01 1.135651969909667969e+01 1.382158851623535156e+01 1.299302768707275391e+01 1.225280761718750000e+01 0.000000000000000000e+00 8.099249839782714844e+00 7.129898548126220703e+00 7.907405853271484375e+00 8.612828254699707031e+00 8.023962020874023438e+00 7.856894016265869141e+00 1.156919765472412109e+01 1.038866996765136719e+01 1.278929996490478516e+01 1.080272579193115234e+01 1.141567420959472656e+01 8.410848617553710938e+00 1.142784214019775391e+01 1.105762195587158203e+01 1.289142322540283203e+01 1.195321655273437500e+01 1.053010559082031250e+01
1.013866233825683594e+01 9.589982986450195312e+00 1.088089466094970703e+01 1.340493392944335938e+01 1.160563564300537109e+01 1.160693359375000000e+01 1.296497535705566406e+01 7.438536643981933594e+00 1.228142166137695312e+01 1.380626106262207031e+01 1.214593029022216797e+01 1.113275814056396484e+01 1.184993553161621094e+01 8.821815490722656250e+00 1.133516216278076172e+01 1.364700126647949219e+01 1.212738895416259766e+01 1.113075923919677734e+01 8.099249839782714844e+00 0.000000000000000000e+00 7.304256439208984375e+00 7.793121337890625000e+00 7.445597648620605469e+00 6.414651393890380859e+00 1.099140357971191406e+01 7.856894016265869141e+00 1.019428730010986328e+01 1.246010398864746094e+01 9.562285423278808594e+00 1.002814769744873047e+01 1.191993618011474609e+01 8.410848617553710938e+00 1.142507648468017578e+01 1.304373836517333984e+01 1.139649772644042969e+01 9.663931846618652344e+00
1.072175979614257812e+01 1.312425231933593750e+01 9.589982986450195312e+00 1.403872203826904297e+01 1.256739044189453125e+01 1.314962291717529297e+01 1.054413700103759766e+01 8.156878471374511719e+00 7.438536643981933594e+00 1.178689861297607422e+01 1.008448123931884766e+01 9.646481513977050781e+00 1.132913208007812500e+01 1.157010173797607422e+01 8.821815490722656250e+00 1.339398288726806641e+01 1.208663177490234375e+01 1.174095821380615234e+01 7.129898548126220703e+00 7.304256439208984375e+00 0.000000000000000000e+00 7.155430316925048828e+00 7.194401264190673828e+00 7.239709377288818359e+00 1.082626438140869141e+01 1.123576450347900391e+01 7.856894493103027344e+00 1.252521800994873047e+01 9.945815086364746094e+00 1.109003353118896484e+01 1.099475669860839844e+01 1.084696865081787109e+01 8.410848617553710938e+00 1.241646957397460938e+01 1.094371032714843750e+01 9.910569190979003906e+00
8.528186798095703125e+00 1.121199321746826172e+01 9.447231292724609375e+00 9.589982986450195312e+00 1.094872951507568359e+01 1.091374874114990234e+01 9.511651039123535156e+00 6.443311214447021484e+00 8.610054016113281250e+00 7.438536643981933594e+00 9.227727890014648438e+00 7.795558929443359375e+00 9.469250679016113281e+00 9.532769203186035156e+00 8.868509292602539062e+00 8.821815490722656250e+00 1.056246662139892578e+01 9.359009742736816406e+00 7.907405853271484375e+00 7.793121337890625000e+00 7.155430316925048828e+00 0.000000000000000000e+00 8.222686767578125000e+00 7.247654914855957031e+00 9.216806411743164062e+00 9.469575881958007812e+00 8.305472373962402344e+00 7.856894016265869141e+00 8.415597915649414062e+00 8.896843910217285156e+00 1.001749038696289062e+01 9.633852958679199219e+00 9.471873283386230469e+00 8.410848617553710938e+00 1.016817665100097656e+01 8.130702018737792969e+00
1.113954162597656250e+01 1.265379905700683594e+01 1.138046836853027344e+01 1.411686897277832031e+01 9.589982986450195312e+00 1.272761821746826172e+01 1.182872295379638672e+01 8.603131294250488281e+00 1.060592842102050781e+01 1.267824268341064453e+01 7.438536167144775391e+00 1.008666801452636719e+01 1.162719821929931641e+01 1.092928028106689453e+01 1.063395404815673828e+01 1.339060401916503906e+01 8.821815490722656250e+00 1.116418647766113281e+01 8.612828254699707031e+00 7.445597648620605469e+00 7.194401264190673828e+00 8.222686767578125000e+00 0.000000000000000000e+00 7.463592052459716797e+00 1.245489215850830078e+01 1.195400047302246094e+01 1.131641101837158203e+01 1.370636558532714844e+01 7.856894016265869141e+00 1.186809158325195312e+01 1.212299537658691406e+01 1.106699848175048828e+01 1.119101238250732422e+01 1.316503334045410156e+01 8.410848617553710938e+00 1.021019935607910156e+01
9.998661041259765625e+00 1.146778869628906250e+01 1.076335239410400391e+01 1.303390407562255859e+01 1.154788589477539062e+01 9.589982986450195312e+00 1.180753898620605469e+01 8.307879447937011719e+00 1.106507301330566406e+01 1.244788742065429688e+01 1.096964836120605469e+01 7.438536643981933594e+00 1.158816051483154297e+01 1.067944717407226562e+01 1.107364273071289062e+01 1.315731048583984375e+01 1.193399333953857422e+01 8.821815490722656250e+00 8.023962020874023438e+00 6.414651393890380859e+00 7.239709377288818359e+00 7.247654914855957031e+00 7.463592052459716797e+00 0.000000000000000000e+00 1.104137134552001953e+01 1.025638198852539062e+01 1.026155662536621094e+01 1.222148799896240234e+01 9.696410179138183594e+00 7.856894493103027344e+00 1.262416648864746094e+01 1.141878795623779297e+01 1.216931152343750000e+01 1.343255043029785156e+01 1.219208717346191406e+01 8.410848617553710938e+00
7.857372760772705078e+00 1.325109958648681641e+01 1.204419422149658203e+01 1.291208362579345703e+01 1.404247474670410156e+01 1.335282421112060547e+01 7.228282928466796875e+00 8.010451316833496094e+00 1.013477897644042969e+01 1.014170646667480469e+01 1.162908363342285156e+01 9.629485130310058594e+00 7.012590408325195312e+00 1.054788589477539062e+01 1.024520778656005859e+01 1.109414100646972656e+01 1.262471675872802734e+01 1.082960987091064453e+01 7.856894016265869141e+00 1.099140357971191406e+01 1.082626438140869141e+01 9.216806411743164062e+00 1.245489215850830078e+01 1.104137134552001953e+01 0.000000000000000000e+00 8.099249839782714844e+00 7.129898548126220703e+00 7.907406330108642578e+00 8.612828254699707031e+00 8.023962020874023438e+00 6.662843227386474609e+00 9.885797500610351562e+00 1.002815437316894531e+01 1.002654170989990234e+01 1.165089035034179688e+01 8.962775230407714844e+00
8.892732620239257812e+00 7.857372760772705078e+00 9.966135978698730469e+00 1.080148696899414062e+01 1.141015815734863281e+01 1.033471107482910156e+01 1.309673690795898438e+01 7.228282928466796875e+00 1.260591220855712891e+01 1.243939208984375000e+01 1.304493427276611328e+01 1.109816932678222656e+01 1.087615013122558594e+01 7.012590408325195312e+00 1.053552818298339844e+01 1.117148113250732422e+01 1.200649547576904297e+01 9.877276420593261719e+00 1.156919765472412109e+01 7.856894016265869141e+00 1.123576450347900391e+01 9.469575881958007812e+00 1.195400047302246094e+01 1.025638198852539062e+01 8.099249839782714844e+00 0.000000000000000000e+00 7.304256439208984375e+00 7.793121337890625000e+00 7.445597648620605469e+00 6.414651870727539062e+00 1.105683803558349609e+01 6.662843227386474609e+00 1.073978233337402344e+01 1.053563213348388672e+01 1.136933040618896484e+01 8.328114509582519531e+00
8.949016571044921875e+00 1.143927669525146484e+01 7.857372760772705078e+00 1.108630466461181641e+01 1.192815017700195312e+01 1.156885814666748047e+01 1.017119979858398438e+01 7.231282234191894531e+00 7.228282928466796875e+00 9.586297988891601562e+00 1.063879585266113281e+01 9.007009506225585938e+00 9.749843597412109375e+00 9.698443412780761719e+00 7.012590408325195312e+00 1.033443927764892578e+01 1.148954486846923828e+01 1.001785755157470703e+01 1.038866996765136719e+01 1.019428730010986328e+01 7.856894493103027344e+00 8.305472373962402344e+00 1.131641101837158203e+01 1.026155662536621094e+01 7.129898548126220703e+00 7.304256439208984375e+00 0.000000000000000000e+00 7.155430316925048828e+00 7.194401264190673828e+00 7.239709854125976562e+00 9.481244087219238281e+00 8.952562332153320312e+00 6.662843227386474609e+00 9.158041000366210938e+00 1.039167308807373047e+01 7.938881874084472656e+00
9.044824600219726562e+00 1.132563495635986328e+01 1.014745426177978516e+01 7.857372760772705078e+00 1.217235851287841797e+01 1.113489627838134766e+01 1.125593471527099609e+01 8.439381599426269531e+00 1.072377681732177734e+01 7.228282451629638672e+00 1.185699272155761719e+01 9.632884979248046875e+00 1.001633834838867188e+01 9.747632980346679688e+00 9.692912101745605469e+00 7.012590408325195312e+00 1.189280414581298828e+01 9.697861671447753906e+00 1.278929996490478516e+01 1.246010398864746094e+01 1.252521800994873047e+01 7.856894016265869141e+00 1.370636558532714844e+01 1.222148799896240234e+01 7.907406330108642578e+00 7.793121337890625000e+00 7.155430316925048828e+00 0.000000000000000000e+00 8.222686767578125000e+00 7.247654914855957031e+00 1.064469528198242188e+01 9.962574005126953125e+00 1.035942077636718750e+01 6.662843227386474609e+00 1.164319515228271484e+01 8.652450561523437500e+00
8.639860153198242188e+00 1.020582008361816406e+01 9.204054832458496094e+00 1.051358413696289062e+01 7.857372760772705078e+00 1.040899562835693359e+01 1.084537696838378906e+01 6.723073005676269531e+00 9.738120079040527344e+00 9.956556320190429688e+00 7.228282451629638672e+00 8.674187660217285156e+00 9.345106124877929688e+00 8.066644668579101562e+00 8.358349800109863281e+00 9.598917961120605469e+00 7.012590408325195312e+00 8.519122123718261719e+00 1.080272579193115234e+01 9.562285423278808594e+00 9.945815086364746094e+00 8.415597915649414062e+00 7.856894016265869141e+00 9.696410179138183594e+00 8.612828254699707031e+00 7.445597648620605469e+00 7.194401264190673828e+00 8.222686767578125000e+00 0.000000000000000000e+00 7.463592052459716797e+00 1.007002449035644531e+01 8.390419960021972656e+00 9.182531356811523438e+00 9.404686927795410156e+00 6.662843227386474609e+00 7.381304740905761719e+00
8.599223136901855469e+00 9.948160171508789062e+00 9.719306945800781250e+00 1.022485637664794922e+01 1.124899196624755859e+01 7.857372760772705078e+00 1.185483455657958984e+01 7.976358890533447266e+00 1.132239913940429688e+01 1.080558586120605469e+01 1.186022758483886719e+01 7.228282928466796875e+00 1.048047447204589844e+01 9.115249633789062500e+00 1.014012718200683594e+01 1.045759677886962891e+01 1.171271896362304688e+01 7.012590408325195312e+00 1.141567420959472656e+01 1.002814769744873047e+01 1.109003353118896484e+01 8.896843910217285156e+00 1.186809158325195312e+01 7.856894493103027344e+00 8.023962020874023438e+00 6.414651870727539062e+00 7.239709854125976562e+00 7.247654914855957031e+00 7.463592052459716797e+00 0.000000000000000000e+00 1.171424484252929688e+01 1.008588123321533203e+01 1.142750740051269531e+01 1.090775203704833984e+01 1.207119274139404297e+01 6.662843227386474609e+00
9.343970298767089844e+00 1.460908794403076172e+01 1.285687065124511719e+01 1.409547424316406250e+01 1.433853626251220703e+01 1.524189853668212891e+01 7.168365955352783203e+00 8.692933082580566406e+00 9.824264526367187500e+00 1.041060066223144531e+01 1.082608318328857422e+01 1.096861362457275391e+01 7.306639671325683594e+00 1.130180549621582031e+01 1.019018650054931641e+01 1.156198501586914062e+01 1.210062408447265625e+01 1.224487972259521484e+01 8.410848617553710938e+00 1.191993618011474609e+01 1.099475669860839844e+01 1.001749038696289062e+01 1.212299537658691406e+01 1.262416648864746094e+01 6.662843227386474609e+00 1.105683803558349609e+01 9.481244087219238281e+00 1.064469528198242188e+01 1.007002449035644531e+01 1.171424484252929688e+01 0.000000000000000000e+00 8.099249839782714844e+00 7.129898548126220703e+00 7.907406330108642578e+00 8.612829208374023438e+00 8.023962020874023438e+00
9.611961364746093750e+00 9.343970298767089844e+00 1.035847759246826172e+01 1.167776679992675781e+01 1.123974704742431641e+01 1.218857860565185547e+01 1.258568859100341797e+01 7.168365955352783203e+00 1.185112380981445312e+01 1.216562938690185547e+01 1.182693576812744141e+01 1.176819992065429688e+01 1.049946880340576172e+01 7.306639671325683594e+00 9.879809379577636719e+00 1.109681034088134766e+01 1.090574359893798828e+01 1.086070442199707031e+01 1.142784214019775391e+01 8.410848617553710938e+00 1.084696865081787109e+01 9.633852958679199219e+00 1.106699848175048828e+01 1.141878795623779297e+01 9.885797500610351562e+00 6.662843227386474609e+00 8.952562332153320312e+00 9.962574005126953125e+00 8.390419960021972656e+00 1.008588123321533203e+01 8.099249839782714844e+00 0.000000000000000000e+00 7.304256439208984375e+00 7.793121337890625000e+00 7.445597648620605469e+00 6.414651870727539062e+00
1.053524112701416016e+01 1.319188499450683594e+01 9.343970298767089844e+00 1.265707683563232422e+01 1.249072742462158203e+01 1.389931488037109375e+01 1.038872718811035156e+01 8.308196067810058594e+00 7.168365955352783203e+00 1.013698482513427734e+01 1.002434062957763672e+01 1.067916870117187500e+01 1.022765636444091797e+01 1.076418399810791016e+01 7.306639194488525391e+00 1.107858943939208984e+01 1.115285682678222656e+01 1.176218700408935547e+01 1.105762195587158203e+01 1.142507648468017578e+01 8.410848617553710938e+00 9.471873283386230469e+00 1.119101238250732422e+01 1.216931152343750000e+01 1.002815437316894531e+01 1.073978233337402344e+01 6.662843227386474609e+00 1.035942077636718750e+01 9.182531356811523438e+00 1.142750740051269531e+01 7.129898548126220703e+00 7.304256439208984375e+00 0.000000000000000000e+00 7.155430316925048828e+00 7.194401264190673828e+00 7.239709377288818359e+00
1.004944324493408203e+01 1.263783168792724609e+01 1.080825233459472656e+01 9.343970298767089844e+00 1.225478744506835938e+01 1.310016918182373047e+01 1.092906475067138672e+01 8.731202125549316406e+00 1.011992359161376953e+01 7.168365955352783203e+00 1.077811431884765625e+01 1.067646598815917969e+01 9.906996726989746094e+00 1.025184059143066406e+01 9.297266006469726562e+00 7.306639194488525391e+00 1.104949760437011719e+01 1.096887207031250000e+01 1.289142322540283203e+01 1.304373836517333984e+01 1.241646957397460938e+01 8.410848617553710938e+00 1.316503334045410156e+01 1.343255043029785156e+01 1.002654170989990234e+01 1.053563213348388672e+01 9.158041000366210938e+00 6.662843227386474609e+00 9.404686927795410156e+00 1.090775203704833984e+01 7.907406330108642578e+00 7.793121337890625000e+00 7.155430316925048828e+00 0.000000000000000000e+00 8.222686767578125000e+00 7.247654914855957031e+00
1.083455467224121094e+01 1.261592102050781250e+01 1.105079555511474609e+01 1.263585758209228516e+01 9.343970298767089844e+00 1.339901733398437500e+01 1.157274913787841797e+01 8.588851928710937500e+00 1.028602886199951172e+01 1.103758716583251953e+01 7.168365955352783203e+00 1.095417404174804688e+01 1.042643260955810547e+01 9.935420036315917969e+00 9.268579483032226562e+00 1.095023822784423828e+01 7.306639194488525391e+00 1.106349945068359375e+01 1.195321655273437500e+01 1.139649772644042969e+01 1.094371032714843750e+01 1.016817665100097656e+01 8.410848617553710938e+00 1.219208717346191406e+01 1.165089035034179688e+01 1.136933040618896484e+01 1.039167308807373047e+01 1.164319515228271484e+01 6.662843227386474609e+00 1.207119274139404297e+01 8.612829208374023438e+00 7.445597648620605469e+00 7.194401264190673828e+00 8.222686767578125000e+00 0.000000000000000000e+00 7.463592052459716797e+00
8.430421829223632812e+00 1.040930461883544922e+01 9.287375450134277344e+00 1.039529132843017578e+01 1.031970214843750000e+01 9.343970298767089844e+00 1.054648685455322266e+01 6.824656963348388672e+00 9.672285079956054688e+00 9.687156677246093750e+00 9.705018997192382812e+00 7.168365955352783203e+00 9.252285957336425781e+00 8.432946205139160156e+00 8.558721542358398438e+00 9.566336631774902344e+00 9.786896705627441406e+00 7.306639194488525391e+00 1.053010559082031250e+01 9.663931846618652344e+00 9.910569190979003906e+00 8.130702018737792969e+00 1.021019935607910156e+01 8.410848617553710938e+00 8.962775230407714844e+00 8.328114509582519531e+00 7.938881874084472656e+00 8.652450561523437500e+00 7.381304740905761719e+00 6.662843227386474609e+00 8.023962020874023438e+00 6.414651870727539062e+00 7.239709377288818359e+00 7.247654914855957031e+00 7.463592052459716797e+00 0.000000000000000000e+00
