0.000000000000000000e+00 1.125153446197509766e+01 8.406447410583496094e+00 1.136291122436523438e+01 1.022311401367187500e+01 1.023849105834960938e+01 1.113233280181884766e+01 1.056367397308349609e+01 1.287818622589111328e+01 1.351002597808837891e+01 1.276448059082031250e+01 1.272400951385498047e+01 9.394899368286132812e+00 1.350389862060546875e+01 1.196355724334716797e+01 1.388808822631835938e+01 1.334498214721679688e+01 1.320122814178466797e+01 1.143753051757812500e+01 1.401933765411376953e+01 1.304117298126220703e+01 1.091814708709716797e+01 1.278947925567626953e+01 1.324713230133056641e+01 9.617021560668945312e+00 1.332988548278808594e+01 1.157097816467285156e+01 1.293171310424804688e+01 1.040456485748291016e+01 1.198201465606689453e+01 9.969582557678222656e+00 1.391687774658203125e+01 1.220844173431396484e+01 1.308788681030273438e+01 1.263777446746826172e+01 1.171449184417724609e+01
1.125153446197509766e+01 0.000000000000000000e+00 9.357255935668945312e+00 1.133832740783691406e+01 1.027463054656982422e+01 9.834637641906738281e+00 1.973475456237792969e+01 1.113233280181884766e+01 1.793522262573242188e+01 1.791360855102539062e+01 1.740467453002929688e+01 1.710931015014648438e+01 1.572790622711181641e+01 9.394898414611816406e+00 1.387524700164794922e+01 1.499422550201416016e+01 1.454821014404296875e+01 1.409509658813476562e+01 1.784058380126953125e+01 1.143753051757812500e+01 1.574275588989257812e+01 1.339851284027099609e+01 1.501662635803222656e+01 1.510801792144775391e+01 1.613946914672851562e+01 9.617021560668945312e+00 1.386274719238281250e+01 1.442461204528808594e+01 1.227636909484863281e+01 1.329888629913330078e+01 1.607170677185058594e+01 9.969582557678222656e+00 1.407998943328857422e+01 1.424937915802001953e+01 1.389530181884765625e+01 1.270562362670898438e+01
8.406447410583496094e+00 9.357255935668945312e+00 0.000000000000000000e+00 9.263498306274414062e+00 7.939658641815185547e+00 7.984172821044921875e+00 1.494478893280029297e+01 1.006488513946533203e+01 1.113233280181884766e+01 1.296020603179931641e+01 1.225592231750488281e+01 1.222989368438720703e+01 1.321886157989501953e+01 1.261436939239501953e+01 9.394898414611816406e+00 1.286007118225097656e+01 1.234586906433105469e+01 1.220649623870849609e+01 1.526102066040039062e+01 1.374468517303466797e+01 1.143753051757812500e+01 1.035933780670166016e+01 1.238992214202880859e+01 1.287711620330810547e+01 1.387167549133300781e+01 1.295820045471191406e+01 9.617021560668945312e+00 1.237714576721191406e+01 9.800458908081054688e+00 1.147854042053222656e+01 1.382301712036132812e+01 1.325351142883300781e+01 9.969582557678222656e+00 1.220672893524169922e+01 1.180060577392578125e+01 1.082425689697265625e+01
1.136291122436523438e+01 1.133832740783691406e+01 9.263498306274414062e+00 0.000000000000000000e+00 1.017062473297119141e+01 1.019654750823974609e+01 1.798800659179687500e+01 1.356744670867919922e+01 1.585923957824707031e+01 1.113233280181884766e+01 1.524418926239013672e+01 1.521732902526855469e+01 1.555251693725585938e+01 1.445049381256103516e+01 1.351930522918701172e+01 9.394898414611816406e+00 1.419573783874511719e+01 1.406826877593994141e+01 2.001648712158203125e+01 1.841818237304687500e+01 1.805389595031738281e+01 1.143753051757812500e+01 1.741342163085937500e+01 1.775827407836914062e+01 1.661254310607910156e+01 1.529771709442138672e+01 1.426202201843261719e+01 9.617021560668945312e+00 1.271055412292480469e+01 1.403870582580566406e+01 1.690337181091308594e+01 1.590143775939941406e+01 1.487970733642578125e+01 9.969582557678222656e+00 1.469212150573730469e+01 1.391358375549316406e+01
1.022311401367187500e+01 1.027463054656982422e+01 7.939658641815185547e+00 1.017062473297119141e+01 0.000000000000000000e+00 9.406252861022949219e+00 1.714496421813964844e+01 1.249284172058105469e+01 1.495748615264892578e+01 1.491159057617187500e+01 1.113233280181884766e+01 1.452791213989257812e+01 1.440360355377197266e+01 1.326702308654785156e+01 1.225496196746826172e+01 1.348675155639648438e+01 9.394898414611816406e+00 1.313814926147460938e+01 1.752391433715820312e+01 1.572486114501953125e+01 1.530360794067382812e+01 1.285652256011962891e+01 1.143753051757812500e+01 1.519525623321533203e+01 1.690394592285156250e+01 1.566528129577636719e+01 1.466293144226074219e+01 1.517561244964599609e+01 9.617021560668945312e+00 1.469570636749267578e+01 1.575106239318847656e+01 1.472554874420166016e+01 1.362377166748046875e+01 1.377715206146240234e+01 9.969582557678222656e+00 1.284801769256591797e+01
1.023849105834960938e+01 9.834637641906738281e+00 7.984172821044921875e+00 1.019654750823974609e+01 9.406252861022949219e+00 0.000000000000000000e+00 1.719333076477050781e+01 1.218890285491943359e+01 1.502602481842041016e+01 1.497430133819580078e+01 1.462028121948242188e+01 1.113233280181884766e+01 1.455710029602050781e+01 1.308803558349609375e+01 1.245085144042968750e+01 1.365837287902832031e+01 1.344888305664062500e+01 9.394898414611816406e+00 1.719886779785156250e+01 1.506061744689941406e+01 1.494349765777587891e+01 1.241841506958007812e+01 1.441157817840576172e+01 1.143753051757812500e+01 1.584484004974365234e+01 1.419697189331054688e+01 1.344289302825927734e+01 1.399386119842529297e+01 1.208162498474121094e+01 9.617021560668945312e+00 1.646843147277832031e+01 1.519185543060302734e+01 1.446079730987548828e+01 1.459919548034667969e+01 1.451443481445312500e+01 9.969582557678222656e+00
1.113233280181884766e+01 1.973475456237792969e+01 1.494478893280029297e+01 1.798800659179687500e+01 1.714496421813964844e+01 1.719333076477050781e+01 0.000000000000000000e+00 1.125153446197509766e+01 8.406447410583496094e+00 1.136291122436523438e+01 1.022311401367187500e+01 1.023849105834960938e+01 1.028487491607666016e+01 1.840664100646972656e+01 1.376192951202392578e+01 1.676058769226074219e+01 1.615896034240722656e+01 1.608235168457031250e+01 1.093274497985839844e+01 1.800511932373046875e+01 1.369414138793945312e+01 1.335805130004882812e+01 1.475762462615966797e+01 1.520030975341796875e+01 9.609359741210937500e+00 1.778969383239746094e+01 1.274714851379394531e+01 1.541446399688720703e+01 1.317636394500732422e+01 1.450091171264648438e+01 1.011471366882324219e+01 1.831744956970214844e+01 1.344285964965820312e+01 1.564389419555664062e+01 1.510420799255371094e+01 1.438747024536132812e+01
1.056367397308349609e+01 1.113233280181884766e+01 1.006488513946533203e+01 1.356744670867919922e+01 1.249284172058105469e+01 1.218890285491943359e+01 1.125153446197509766e+01 0.000000000000000000e+00 9.357255935668945312e+00 1.133832740783691406e+01 1.027463054656982422e+01 9.834637641906738281e+00 1.122260665893554688e+01 1.028487396240234375e+01 9.992588043212890625e+00 1.318826866149902344e+01 1.247955036163330078e+01 1.200444316864013672e+01 1.296377944946289062e+01 1.093274497985839844e+01 1.124086284637451172e+01 9.990849494934082031e+00 1.186511993408203125e+01 1.203662872314453125e+01 1.101818752288818359e+01 9.609359741210937500e+00 9.046728134155273438e+00 1.181148624420166016e+01 8.782720565795898438e+00 1.022905063629150391e+01 1.105802726745605469e+01 1.011471366882324219e+01 9.538124084472656250e+00 1.172811985015869141e+01 1.107106781005859375e+01 9.605632781982421875e+00
1.287818622589111328e+01 1.793522262573242188e+01 1.113233280181884766e+01 1.585923957824707031e+01 1.495748615264892578e+01 1.502602481842041016e+01 8.406447410583496094e+00 9.357255935668945312e+00 0.000000000000000000e+00 9.263498306274414062e+00 7.939658641815185547e+00 7.984172344207763672e+00 1.278684234619140625e+01 1.693581962585449219e+01 1.028487491607666016e+01 1.498900318145751953e+01 1.437686920166015625e+01 1.430449771881103516e+01 1.388729858398437500e+01 1.696494293212890625e+01 1.093274497985839844e+01 1.173873710632324219e+01 1.337824249267578125e+01 1.387924861907958984e+01 1.278774929046630859e+01 1.667191696166992188e+01 9.609359741210937500e+00 1.395781993865966797e+01 1.151785850524902344e+01 1.302747821807861328e+01 1.285461711883544922e+01 1.699280929565429688e+01 1.011471366882324219e+01 1.391737747192382812e+01 1.337641811370849609e+01 1.257716083526611328e+01
1.351002597808837891e+01 1.791360855102539062e+01 1.296020603179931641e+01 1.113233280181884766e+01 1.491159057617187500e+01 1.497430133819580078e+01 1.136291122436523438e+01 1.133832740783691406e+01 9.263498306274414062e+00 0.000000000000000000e+00 1.017062473297119141e+01 1.019654750823974609e+01 1.374305343627929688e+01 1.716805839538574219e+01 1.259014892578125000e+01 1.028487491607666016e+01 1.462937545776367188e+01 1.455204677581787109e+01 1.785619735717773438e+01 1.990849304199218750e+01 1.651898002624511719e+01 1.093274593353271484e+01 1.693871879577636719e+01 1.733192062377929688e+01 1.432848453521728516e+01 1.738631057739257812e+01 1.270762348175048828e+01 9.609359741210937500e+00 1.250583744049072266e+01 1.390213012695312500e+01 1.476871776580810547e+01 1.800503921508789062e+01 1.351096916198730469e+01 1.011471366882324219e+01 1.462048053741455078e+01 1.388646888732910156e+01
1.276448059082031250e+01 1.740467453002929688e+01 1.225592231750488281e+01 1.524418926239013672e+01 1.113233280181884766e+01 1.462028121948242188e+01 1.022311401367187500e+01 1.027463054656982422e+01 7.939658641815185547e+00 1.017062473297119141e+01 0.000000000000000000e+00 9.406253814697265625e+00 1.262812042236328125e+01 1.633873367309570312e+01 1.144286823272705078e+01 1.429761695861816406e+01 1.028487491607666016e+01 1.383732986450195312e+01 1.517519283294677734e+01 1.758990669250488281e+01 1.364363765716552734e+01 1.261003017425537109e+01 1.093274497985839844e+01 1.486438179016113281e+01 1.483533382415771484e+01 1.785159683227539062e+01 1.334521961212158203e+01 1.533514976501464844e+01 9.609359741210937500e+00 1.473643970489501953e+01 1.361991024017333984e+01 1.712257003784179688e+01 1.231920051574707031e+01 1.406199359893798828e+01 1.011471366882324219e+01 1.301278686523437500e+01
1.272400951385498047e+01 1.710931015014648438e+01 1.222989368438720703e+01 1.521732902526855469e+01 1.452791213989257812e+01 1.113233280181884766e+01 1.023849105834960938e+01 9.834637641906738281e+00 7.984172344207763672e+00 1.019654750823974609e+01 9.406253814697265625e+00 0.000000000000000000e+00 1.275023841857910156e+01 1.615211296081542969e+01 1.159451007843017578e+01 1.441299438476562500e+01 1.403712177276611328e+01 1.028487491607666016e+01 1.475309562683105469e+01 1.695905685424804688e+01 1.318750762939453125e+01 1.210758209228515625e+01 1.396621704101562500e+01 1.093274497985839844e+01 1.356674385070800781e+01 1.653742027282714844e+01 1.193559741973876953e+01 1.411911964416503906e+01 1.201965713500976562e+01 9.609359741210937500e+00 1.439683914184570312e+01 1.748676300048828125e+01 1.318802452087402344e+01 1.482295799255371094e+01 1.456837177276611328e+01 1.011471366882324219e+01
9.394899368286132812e+00 1.572790622711181641e+01 1.321886157989501953e+01 1.555251693725585938e+01 1.440360355377197266e+01 1.455710029602050781e+01 1.028487491607666016e+01 1.122260665893554688e+01 1.278684234619140625e+01 1.374305343627929688e+01 1.262812042236328125e+01 1.275023841857910156e+01 0.000000000000000000e+00 1.125153446197509766e+01 8.406447410583496094e+00 1.136291122436523438e+01 1.022311401367187500e+01 1.023849105834960938e+01 1.111566257476806641e+01 1.489256954193115234e+01 1.336483669281005859e+01 1.168108177185058594e+01 1.307666778564453125e+01 1.367646694183349609e+01 9.158429145812988281e+00 1.419793701171875000e+01 1.187784004211425781e+01 1.353217601776123047e+01 1.069262886047363281e+01 1.240067577362060547e+01 9.007713317871093750e+00 1.441983795166015625e+01 1.210777378082275391e+01 1.332441234588623047e+01 1.249589061737060547e+01 1.173857021331787109e+01
1.350389862060546875e+01 9.394898414611816406e+00 1.261436939239501953e+01 1.445049381256103516e+01 1.326702308654785156e+01 1.308803558349609375e+01 1.840664100646972656e+01 1.028487396240234375e+01 1.693581962585449219e+01 1.716805839538574219e+01 1.633873367309570312e+01 1.615211296081542969e+01 1.125153446197509766e+01 0.000000000000000000e+00 9.357255935668945312e+00 1.133832740783691406e+01 1.027463054656982422e+01 9.834637641906738281e+00 1.668896293640136719e+01 1.111566352844238281e+01 1.496245670318603516e+01 1.281623935699462891e+01 1.415703487396240234e+01 1.439810943603515625e+01 1.481101799011230469e+01 9.158429145812988281e+00 1.291763782501220703e+01 1.383669471740722656e+01 1.114812469482421875e+01 1.243231773376464844e+01 1.440625572204589844e+01 9.007713317871093750e+00 1.277858829498291016e+01 1.329609584808349609e+01 1.253026294708251953e+01 1.137944126129150391e+01
1.196355724334716797e+01 1.387524700164794922e+01 9.394898414611816406e+00 1.351930522918701172e+01 1.225496196746826172e+01 1.245085144042968750e+01 1.376192951202392578e+01 9.992588043212890625e+00 1.028487491607666016e+01 1.259014892578125000e+01 1.144286823272705078e+01 1.159451007843017578e+01 8.406447410583496094e+00 9.357255935668945312e+00 0.000000000000000000e+00 9.263498306274414062e+00 7.939658641815185547e+00 7.984172344207763672e+00 1.448564147949218750e+01 1.408393764495849609e+01 1.111566352844238281e+01 1.042841339111328125e+01 1.204710960388183594e+01 1.271115875244140625e+01 1.296176242828369141e+01 1.326667785644531250e+01 9.158429145812988281e+00 1.238057041168212891e+01 9.290883064270019531e+00 1.123205947875976562e+01 1.253061580657958984e+01 1.319477081298828125e+01 9.007713317871093750e+00 1.180871105194091797e+01 1.094908428192138672e+01 1.009571266174316406e+01
1.388808822631835938e+01 1.499422550201416016e+01 1.286007118225097656e+01 9.394898414611816406e+00 1.348675155639648438e+01 1.365837287902832031e+01 1.676058769226074219e+01 1.318826866149902344e+01 1.498900318145751953e+01 1.028487491607666016e+01 1.429761695861816406e+01 1.441299438476562500e+01 1.136291122436523438e+01 1.133832740783691406e+01 9.263498306274414062e+00 0.000000000000000000e+00 1.017062377929687500e+01 1.019654750823974609e+01 1.920676422119140625e+01 1.843841934204101562e+01 1.760650062561035156e+01 1.111566352844238281e+01 1.691611099243164062e+01 1.739007568359375000e+01 1.558413791656494141e+01 1.527792072296142578e+01 1.364184379577636719e+01 9.158429145812988281e+00 1.196388912200927734e+01 1.352007389068603516e+01 1.558747482299804688e+01 1.557584762573242188e+01 1.394478130340576172e+01 9.007713317871093750e+00 1.370370388031005859e+01 1.302503871917724609e+01
1.334498214721679688e+01 1.454821014404296875e+01 1.234586906433105469e+01 1.419573783874511719e+01 9.394898414611816406e+00 1.344888305664062500e+01 1.615896034240722656e+01 1.247955036163330078e+01 1.437686920166015625e+01 1.462937545776367188e+01 1.028487491607666016e+01 1.403712177276611328e+01 1.022311401367187500e+01 1.027463054656982422e+01 7.939658641815185547e+00 1.017062377929687500e+01 0.000000000000000000e+00 9.406252861022949219e+00 1.688611221313476562e+01 1.605709838867187500e+01 1.510163688659667969e+01 1.295547389984130859e+01 1.111566257476806641e+01 1.509196472167968750e+01 1.620016860961914062e+01 1.595647239685058594e+01 1.440518856048583984e+01 1.521519660949707031e+01 9.158429145812988281e+00 1.454249668121337891e+01 1.466814994812011719e+01 1.471075820922851562e+01 1.297966480255126953e+01 1.346735000610351562e+01 9.007713317871093750e+00 1.228611469268798828e+01
1.320122814178466797e+01 1.409509658813476562e+01 1.220649623870849609e+01 1.406826877593994141e+01 1.313814926147460938e+01 9.394898414611816406e+00 1.608235168457031250e+01 1.200444316864013672e+01 1.430449771881103516e+01 1.455204677581787109e+01 1.383732986450195312e+01 1.028487491607666016e+01 1.023849105834960938e+01 9.834637641906738281e+00 7.984172344207763672e+00 1.019654750823974609e+01 9.406252861022949219e+00 0.000000000000000000e+00 1.642326354980468750e+01 1.527254295349121094e+01 1.459576702117919922e+01 1.235477256774902344e+01 1.401084232330322266e+01 1.111566352844238281e+01 1.495427322387695312e+01 1.437467384338378906e+01 1.300340366363525391e+01 1.388885879516601562e+01 1.154229545593261719e+01 9.158429145812988281e+00 1.530154132843017578e+01 1.504082202911376953e+01 1.370578002929687500e+01 1.416211032867431641e+01 1.372167491912841797e+01 9.007713317871093750e+00
1.143753051757812500e+01 1.784058380126953125e+01 1.526102066040039062e+01 2.001648712158203125e+01 1.752391433715820312e+01 1.719886779785156250e+01 1.093274497985839844e+01 1.296377944946289062e+01 1.388729858398437500e+01 1.785619735717773438e+01 1.517519283294677734e+01 1.475309562683105469e+01 1.111566257476806641e+01 1.668896293640136719e+01 1.448564147949218750e+01 1.920676422119140625e+01 1.688611221313476562e+01 1.642326354980468750e+01 0.000000000000000000e+00 1.125153446197509766e+01 8.406447410583496094e+00 1.136291122436523438e+01 1.022311401367187500e+01 1.023849105834960938e+01 9.710295677185058594e+00 1.550357627868652344e+01 1.292685604095458984e+01 1.759996795654296875e+01 1.348392105102539062e+01 1.433627128601074219e+01 1.006351757049560547e+01 1.601354408264160156e+01 1.350337505340576172e+01 1.771726608276367188e+01 1.527591228485107422e+01 1.411624717712402344e+01
1.401933765411376953e+01 1.143753051757812500e+01 1.374468517303466797e+01 1.841818237304687500e+01 1.572486114501953125e+01 1.506061744689941406e+01 1.800511932373046875e+01 1.093274497985839844e+01 1.696494293212890625e+01 1.990849304199218750e+01 1.758990669250488281e+01 1.695905685424804688e+01 1.489256954193115234e+01 1.111566352844238281e+01 1.408393764495849609e+01 1.843841934204101562e+01 1.605709838867187500e+01 1.527254295349121094e+01 1.125153446197509766e+01 0.000000000000000000e+00 9.357255935668945312e+00 1.133832740783691406e+01 1.027463054656982422e+01 9.834637641906738281e+00 1.419200134277343750e+01 9.710295677185058594e+00 1.282651424407958984e+01 1.702136230468750000e+01 1.278272628784179688e+01 1.333971786499023438e+01 1.411769294738769531e+01 1.006351757049560547e+01 1.306403064727783203e+01 1.687546348571777344e+01 1.434738254547119141e+01 1.275145721435546875e+01
1.304117298126220703e+01 1.574275588989257812e+01 1.143753051757812500e+01 1.805389595031738281e+01 1.530360794067382812e+01 1.494349765777587891e+01 1.369414138793945312e+01 1.124086284637451172e+01 1.093274497985839844e+01 1.651898002624511719e+01 1.364363765716552734e+01 1.318750762939453125e+01 1.336483669281005859e+01 1.496245670318603516e+01 1.111566352844238281e+01 1.760650062561035156e+01 1.510163688659667969e+01 1.459576702117919922e+01 8.406447410583496094e+00 9.357255935668945312e+00 0.000000000000000000e+00 9.263498306274414062e+00 7.939658641815185547e+00 7.984172344207763672e+00 1.275981235504150391e+01 1.411299800872802734e+01 9.710295677185058594e+00 1.625761795043945312e+01 1.175571346282958984e+01 1.273984336853027344e+01 1.271000862121582031e+01 1.438736724853515625e+01 1.006351661682128906e+01 1.613070869445800781e+01 1.347149658203125000e+01 1.215690422058105469e+01
1.091814708709716797e+01 1.339851284027099609e+01 1.035933780670166016e+01 1.143753051757812500e+01 1.285652256011962891e+01 1.241841506958007812e+01 1.335805130004882812e+01 9.990849494934082031e+00 1.173873710632324219e+01 1.093274593353271484e+01 1.261003017425537109e+01 1.210758209228515625e+01 1.168108177185058594e+01 1.281623935699462891e+01 1.042841339111328125e+01 1.111566352844238281e+01 1.295547389984130859e+01 1.235477256774902344e+01 1.136291122436523438e+01 1.133832740783691406e+01 9.263498306274414062e+00 0.000000000000000000e+00 1.017062473297119141e+01 1.019654750823974609e+01 1.170693588256835938e+01 1.248872375488281250e+01 9.792566299438476562e+00 9.710295677185058594e+00 9.715573310852050781e+00 1.087742233276367188e+01 1.211935615539550781e+01 1.322432804107666016e+01 1.067585372924804688e+01 1.006351661682128906e+01 1.219720077514648438e+01 1.071913909912109375e+01
1.278947925567626953e+01 1.501662635803222656e+01 1.238992214202880859e+01 1.741342163085937500e+01 1.143753051757812500e+01 1.441157817840576172e+01 1.475762462615966797e+01 1.186511993408203125e+01 1.337824249267578125e+01 1.693871879577636719e+01 1.093274497985839844e+01 1.396621704101562500e+01 1.307666778564453125e+01 1.415703487396240234e+01 1.204710960388183594e+01 1.691611099243164062e+01 1.111566257476806641e+01 1.401084232330322266e+01 1.022311401367187500e+01 1.027463054656982422e+01 7.939658641815185547e+00 1.017062473297119141e+01 0.000000000000000000e+00 9.406252861022949219e+00 1.468971347808837891e+01 1.537262725830078125e+01 1.328379440307617188e+01 1.735138320922851562e+01 9.710295677185058594e+00 1.435845947265625000e+01 1.334988117218017578e+01 1.441656970977783203e+01 1.213028812408447266e+01 1.614497566223144531e+01 1.006351661682128906e+01 1.246403789520263672e+01
1.324713230133056641e+01 1.510801792144775391e+01 1.287711620330810547e+01 1.775827407836914062e+01 1.519525623321533203e+01 1.143753051757812500e+01 1.520030975341796875e+01 1.203662872314453125e+01 1.387924861907958984e+01 1.733192062377929688e+01 1.486438179016113281e+01 1.093274497985839844e+01 1.367646694183349609e+01 1.439810943603515625e+01 1.271115875244140625e+01 1.739007568359375000e+01 1.509196472167968750e+01 1.111566352844238281e+01 1.023849105834960938e+01 9.834637641906738281e+00 7.984172344207763672e+00 1.019654750823974609e+01 9.406252861022949219e+00 0.000000000000000000e+00 1.388179969787597656e+01 1.428536891937255859e+01 1.240040683746337891e+01 1.667934417724609375e+01 1.262416267395019531e+01 9.710295677185058594e+00 1.459224891662597656e+01 1.527708244323730469e+01 1.350009250640869141e+01 1.719267082214355469e+01 1.497169685363769531e+01 1.006351661682128906e+01
9.617021560668945312e+00 1.613946914672851562e+01 1.387167549133300781e+01 1.661254310607910156e+01 1.690394592285156250e+01 1.584484004974365234e+01 9.609359741210937500e+00 1.101818752288818359e+01 1.278774929046630859e+01 1.432848453521728516e+01 1.483533382415771484e+01 1.356674385070800781e+01 9.158429145812988281e+00 1.481101799011230469e+01 1.296176242828369141e+01 1.558413791656494141e+01 1.620016860961914062e+01 1.495427322387695312e+01 9.710295677185058594e+00 1.419200134277343750e+01 1.275981235504150391e+01 1.170693588256835938e+01 1.468971347808837891e+01 1.388179969787597656e+01 0.000000000000000000e+00 1.125153446197509766e+01 8.406447410583496094e+00 1.136291122436523438e+01 1.022311401367187500e+01 1.023849105834960938e+01 7.895878791809082031e+00 1.407231712341308594e+01 1.188554954528808594e+01 1.373385429382324219e+01 1.453993892669677734e+01 1.240672302246093750e+01
1.332988548278808594e+01 9.617021560668945312e+00 1.295820045471191406e+01 1.529771709442138672e+01 1.566528129577636719e+01 1.419697189331054688e+01 1.778969383239746094e+01 9.609359741210937500e+00 1.667191696166992188e+01 1.738631057739257812e+01 1.785159683227539062e+01 1.653742027282714844e+01 1.419793701171875000e+01 9.158429145812988281e+00 1.326667785644531250e+01 1.527792072296142578e+01 1.595647239685058594e+01 1.437467384338378906e+01 1.550357627868652344e+01 9.710295677185058594e+00 1.411299800872802734e+01 1.248872375488281250e+01 1.537262725830078125e+01 1.428536891937255859e+01 1.125153446197509766e+01 0.000000000000000000e+00 9.357255935668945312e+00 1.133832740783691406e+01 1.027463054656982422e+01 9.834637641906738281e+00 1.341095829010009766e+01 7.895878791809082031e+00 1.220934104919433594e+01 1.337806129455566406e+01 1.426105403900146484e+01 1.169324779510498047e+01
1.157097816467285156e+01 1.386274719238281250e+01 9.617021560668945312e+00 1.426202201843261719e+01 1.466293144226074219e+01 1.344289302825927734e+01 1.274714851379394531e+01 9.046728134155273438e+00 9.609359741210937500e+00 1.270762348175048828e+01 1.334521961212158203e+01 1.193559741973876953e+01 1.187784004211425781e+01 1.291763782501220703e+01 9.158429145812988281e+00 1.364184379577636719e+01 1.440518856048583984e+01 1.300340366363525391e+01 1.292685604095458984e+01 1.282651424407958984e+01 9.710295677185058594e+00 9.792566299438476562e+00 1.328379440307617188e+01 1.240040683746337891e+01 8.406447410583496094e+00 9.357255935668945312e+00 0.000000000000000000e+00 9.263497352600097656e+00 7.939658641815185547e+00 7.984172821044921875e+00 1.116961193084716797e+01 1.227755260467529297e+01 7.895878791809082031e+00 1.170736408233642578e+01 1.271545982360839844e+01 1.022712421417236328e+01
1.293171310424804688e+01 1.442461204528808594e+01 1.237714576721191406e+01 9.617021560668945312e+00 1.517561244964599609e+01 1.399386119842529297e+01 1.541446399688720703e+01 1.181148624420166016e+01 1.395781993865966797e+01 9.609359741210937500e+00 1.533514976501464844e+01 1.411911964416503906e+01 1.353217601776123047e+01 1.383669471740722656e+01 1.238057041168212891e+01 9.158429145812988281e+00 1.521519660949707031e+01 1.388885879516601562e+01 1.759996795654296875e+01 1.702136230468750000e+01 1.625761795043945312e+01 9.710295677185058594e+00 1.735138320922851562e+01 1.667934417724609375e+01 1.136291122436523438e+01 1.133832740783691406e+01 9.263497352600097656e+00 0.000000000000000000e+00 1.017062377929687500e+01 1.019654750823974609e+01 1.393924617767333984e+01 1.424193286895751953e+01 1.261951828002929688e+01 7.895878791809082031e+00 1.460072803497314453e+01 1.248645591735839844e+01
1.040456485748291016e+01 1.227636909484863281e+01 9.800458908081054688e+00 1.271055412292480469e+01 9.617021560668945312e+00 1.208162498474121094e+01 1.317636394500732422e+01 8.782720565795898438e+00 1.151785850524902344e+01 1.250583744049072266e+01 9.609359741210937500e+00 1.201965713500976562e+01 1.069262886047363281e+01 1.114812469482421875e+01 9.290883064270019531e+00 1.196388912200927734e+01 9.158429145812988281e+00 1.154229545593261719e+01 1.348392105102539062e+01 1.278272628784179688e+01 1.175571346282958984e+01 9.715573310852050781e+00 9.710295677185058594e+00 1.262416267395019531e+01 1.022311401367187500e+01 1.027463054656982422e+01 7.939658641815185547e+00 1.017062377929687500e+01 0.000000000000000000e+00 9.406252861022949219e+00 1.105911731719970703e+01 1.150861644744873047e+01 9.438391685485839844e+00 1.088079547882080078e+01 7.895878791809082031e+00 9.644936561584472656e+00
1.198201465606689453e+01 1.329888629913330078e+01 1.147854042053222656e+01 1.403870582580566406e+01 1.469570636749267578e+01 9.617021560668945312e+00 1.450091171264648438e+01 1.022905063629150391e+01 1.302747821807861328e+01 1.390213012695312500e+01 1.473643970489501953e+01 9.609359741210937500e+00 1.240067577362060547e+01 1.243231773376464844e+01 1.123205947875976562e+01 1.352007389068603516e+01 1.454249668121337891e+01 9.158429145812988281e+00 1.433627128601074219e+01 1.333971786499023438e+01 1.273984336853027344e+01 1.087742233276367188e+01 1.435845947265625000e+01 9.710295677185058594e+00 1.023849105834960938e+01 9.834637641906738281e+00 7.984172821044921875e+00 1.019654750823974609e+01 9.406252861022949219e+00 0.000000000000000000e+00 1.343191814422607422e+01 1.346840476989746094e+01 1.214865207672119141e+01 1.329350948333740234e+01 1.444369029998779297e+01 7.895879268646240234e+00
9.969582557678222656e+00 1.607170677185058594e+01 1.382301712036132812e+01 1.690337181091308594e+01 1.575106239318847656e+01 1.646843147277832031e+01 1.011471366882324219e+01 1.105802726745605469e+01 1.285461711883544922e+01 1.476871776580810547e+01 1.361991024017333984e+01 1.439683914184570312e+01 9.007713317871093750e+00 1.440625572204589844e+01 1.253061580657958984e+01 1.558747482299804688e+01 1.466814994812011719e+01 1.530154132843017578e+01 1.006351757049560547e+01 1.411769294738769531e+01 1.271000862121582031e+01 1.211935615539550781e+01 1.334988117218017578e+01 1.459224891662597656e+01 7.895878791809082031e+00 1.341095829010009766e+01 1.116961193084716797e+01 1.393924617767333984e+01 1.105911731719970703e+01 1.343191814422607422e+01 0.000000000000000000e+00 1.125153446197509766e+01 8.406447410583496094e+00 1.136291122436523438e+01 1.022311401367187500e+01 1.023849105834960938e+01
1.391687774658203125e+01 9.969582557678222656e+00 1.325351142883300781e+01 1.590143775939941406e+01 1.472554874420166016e+01 1.519185543060302734e+01 1.831744956970214844e+01 1.011471366882324219e+01 1.699280929565429688e+01 1.800503921508789062e+01 1.712257003784179688e+01 1.748676300048828125e+01 1.441983795166015625e+01 9.007713317871093750e+00 1.319477081298828125e+01 1.557584762573242188e+01 1.471075820922851562e+01 1.504082202911376953e+01 1.601354408264160156e+01 1.006351757049560547e+01 1.438736724853515625e+01 1.322432804107666016e+01 1.441656970977783203e+01 1.527708244323730469e+01 1.407231712341308594e+01 7.895878791809082031e+00 1.227755260467529297e+01 1.424193286895751953e+01 1.150861644744873047e+01 1.346840476989746094e+01 1.125153446197509766e+01 0.000000000000000000e+00 9.357255935668945312e+00 1.133832740783691406e+01 1.027463054656982422e+01 9.834637641906738281e+00
1.220844173431396484e+01 1.407998943328857422e+01 9.969582557678222656e+00 1.487970733642578125e+01 1.362377166748046875e+01 1.446079730987548828e+01 1.344285964965820312e+01 9.538124084472656250e+00 1.011471366882324219e+01 1.351096916198730469e+01 1.231920051574707031e+01 1.318802452087402344e+01 1.210777378082275391e+01 1.277858829498291016e+01 9.007713317871093750e+00 1.394478130340576172e+01 1.297966480255126953e+01 1.370578002929687500e+01 1.350337505340576172e+01 1.306403064727783203e+01 1.006351661682128906e+01 1.067585372924804688e+01 1.213028812408447266e+01 1.350009250640869141e+01 1.188554954528808594e+01 1.220934104919433594e+01 7.895878791809082031e+00 1.261951828002929688e+01 9.438391685485839844e+00 1.214865207672119141e+01 8.406447410583496094e+00 9.357255935668945312e+00 0.000000000000000000e+00 9.263498306274414062e+00 7.939658641815185547e+00 7.984172821044921875e+00
1.308788681030273438e+01 1.424937915802001953e+01 1.220672893524169922e+01 9.969582557678222656e+00 1.377715206146240234e+01 1.459919548034667969e+01 1.564389419555664062e+01 1.172811985015869141e+01 1.391737747192382812e+01 1.011471366882324219e+01 1.406199359893798828e+01 1.482295799255371094e+01 1.332441234588623047e+01 1.329609584808349609e+01 1.180871105194091797e+01 9.007713317871093750e+00 1.346735000610351562e+01 1.416211032867431641e+01 1.771726608276367188e+01 1.687546348571777344e+01 1.613070869445800781e+01 1.006351661682128906e+01 1.614497566223144531e+01 1.719267082214355469e+01 1.373385429382324219e+01 1.337806129455566406e+01 1.170736408233642578e+01 7.895878791809082031e+00 1.088079547882080078e+01 1.329350948333740234e+01 1.136291122436523438e+01 1.133832740783691406e+01 9.263498306274414062e+00 0.000000000000000000e+00 1.017062473297119141e+01 1.019654750823974609e+01
1.263777446746826172e+01 1.389530181884765625e+01 1.180060577392578125e+01 1.469212150573730469e+01 9.969582557678222656e+00 1.451443481445312500e+01 1.510420799255371094e+01 1.107106781005859375e+01 1.337641811370849609e+01 1.462048053741455078e+01 1.011471366882324219e+01 1.456837177276611328e+01 1.249589061737060547e+01 1.253026294708251953e+01 1.094908428192138672e+01 1.370370388031005859e+01 9.007713317871093750e+00 1.372167491912841797e+01 1.527591228485107422e+01 1.434738254547119141e+01 1.347149658203125000e+01 1.219720077514648438e+01 1.006351661682128906e+01 1.497169685363769531e+01 1.453993892669677734e+01 1.426105403900146484e+01 1.271545982360839844e+01 1.460072803497314453e+01 7.895878791809082031e+00 1.444369029998779297e+01 1.022311401367187500e+01 1.027463054656982422e+01 7.939658641815185547e+00 1.017062473297119141e+01 0.000000000000000000e+00 9.406253814697265625e+00
1.171449184417724609e+01 1.270562362670898438e+01 1.082425689697265625e+01 1.391358375549316406e+01 1.284801769256591797e+01 9.969582557678222656e+00 1.438747024536132812e+01 9.605632781982421875e+00 1.257716083526611328e+01 1.388646888732910156e+01 1.301278686523437500e+01 1.011471366882324219e+01 1.173857021331787109e+01 1.137944126129150391e+01 1.009571266174316406e+01 1.302503871917724609e+01 1.228611469268798828e+01 9.007713317871093750e+00 1.411624717712402344e+01 1.275145721435546875e+01 1.215690422058105469e+01 1.071913909912109375e+01 1.246403789520263672e+01 1.006351661682128906e+01 1.240672302246093750e+01 1.169324779510498047e+01 1.022712421417236328e+01 1.248645591735839844e+01 9.644936561584472656e+00 7.895879268646240234e+00 1.023849105834960938e+01 9.834637641906738281e+00 7.984172821044921875e+00 1.019654750823974609e+01 9.406253814697265625e+00 0.000000000000000000e+00
