0.000000000000000000e+00 4.599924564361572266e+00 4.070027351379394531e+00 5.306593894958496094e+00 5.007252693176269531e+00 4.693820953369140625e+00 5.584830284118652344e+00 5.179671287536621094e+00 6.412924766540527344e+00 7.098714828491210938e+00 6.164550304412841797e+00 6.474355697631835938e+00 4.801015853881835938e+00 5.659913063049316406e+00 5.589345932006835938e+00 6.588526248931884766e+00 6.261031150817871094e+00 6.195154190063476562e+00 5.805502891540527344e+00 6.419111728668212891e+00 6.733223915100097656e+00 6.225985527038574219e+00 6.406717300415039062e+00 6.920292377471923828e+00 5.869123458862304688e+00 6.573640346527099609e+00 6.901937961578369141e+00 7.288700103759765625e+00 6.001160621643066406e+00 6.948609352111816406e+00 5.476243495941162109e+00 5.730933189392089844e+00 6.150106906890869141e+00 6.575171947479248047e+00 6.184708595275878906e+00 6.037081718444824219e+00
4.599924564361572266e+00 0.000000000000000000e+00 3.603198528289794922e+00 4.436460018157958984e+00 4.107120513916015625e+00 3.938981771469116211e+00 8.824414253234863281e+00 5.584830284118652344e+00 7.941295623779296875e+00 8.211859703063964844e+00 7.437620162963867188e+00 7.805225372314453125e+00 7.508895397186279297e+00 4.801015853881835938e+00 6.311351299285888672e+00 6.863335609436035156e+00 6.570450305938720703e+00 6.636113643646240234e+00 8.277761459350585938e+00 5.805502891540527344e+00 7.443950176239013672e+00 6.628973960876464844e+00 6.819095134735107422e+00 7.418371677398681641e+00 8.246155738830566406e+00 5.869123458862304688e+00 7.513177394866943359e+00 7.552519321441650391e+00 6.340579032897949219e+00 7.359344959259033203e+00 8.333877563476562500e+00 5.476243495941162109e+00 7.248908996582031250e+00 7.284234523773193359e+00 6.953519344329833984e+00 6.945136547088623047e+00
4.070027351379394531e+00 3.603198528289794922e+00 0.000000000000000000e+00 4.396067142486572266e+00 4.226330280303955078e+00 3.926056861877441406e+00 7.374638557434082031e+00 5.028177261352539062e+00 5.584830284118652344e+00 6.941690444946289062e+00 6.117255687713623047e+00 6.475267410278320312e+00 6.927406787872314453e+00 5.677361488342285156e+00 4.801015853881835938e+00 6.553490638732910156e+00 6.353257656097412109e+00 6.335296630859375000e+00 7.429781913757324219e+00 6.161283016204833984e+00 5.805502891540527344e+00 5.904324054718017578e+00 6.226395130157470703e+00 6.797432899475097656e+00 7.374734878540039062e+00 6.197698593139648438e+00 5.869123458862304688e+00 6.904027462005615234e+00 5.672583103179931641e+00 6.711194038391113281e+00 7.435382843017578125e+00 5.779089927673339844e+00 5.476243495941162109e+00 6.567259788513183594e+00 6.306382656097412109e+00 6.209578990936279297e+00
5.306593894958496094e+00 4.436460018157958984e+00 4.396067142486572266e+00 0.000000000000000000e+00 5.084924221038818359e+00 4.805736541748046875e+00 8.264913558959960938e+00 5.857505798339843750e+00 7.269415378570556641e+00 5.584830284118652344e+00 6.909708976745605469e+00 7.206867218017578125e+00 7.681842803955078125e+00 6.193423271179199219e+00 6.465453147888183594e+00 4.801015853881835938e+00 6.912698268890380859e+00 6.873434066772460938e+00 9.217630386352539062e+00 7.926460266113281250e+00 8.437859535217285156e+00 5.805502414703369141e+00 8.057965278625488281e+00 8.488492012023925781e+00 8.490463256835937500e+00 7.156606674194335938e+00 7.738115787506103516e+00 5.869123458862304688e+00 6.802882194519042969e+00 7.669922828674316406e+00 8.547835350036621094e+00 6.803143501281738281e+00 7.449858665466308594e+00 5.476243495941162109e+00 7.345120906829833984e+00 7.240566253662109375e+00
5.007252693176269531e+00 4.107120513916015625e+00 4.226330280303955078e+00 5.084924221038818359e+00 0.000000000000000000e+00 4.710240840911865234e+00 8.632736206054687500e+00 6.387436866760253906e+00 7.789966106414794922e+00 8.145520210266113281e+00 5.584830284118652344e+00 7.767426490783691406e+00 7.552759170532226562e+00 6.055210113525390625e+00 6.438894271850585938e+00 7.072978973388671875e+00 4.801015853881835938e+00 6.888844490051269531e+00 8.746819496154785156e+00 7.392194271087646484e+00 8.022684097290039062e+00 7.361373901367187500e+00 5.805502891540527344e+00 8.110196113586425781e+00 9.111775398254394531e+00 7.901085376739501953e+00 8.511096000671386719e+00 8.621306419372558594e+00 5.869123458862304688e+00 8.481911659240722656e+00 8.477795600891113281e+00 6.735274791717529297e+00 7.478754043579101562e+00 7.598723888397216797e+00 5.476243495941162109e+00 7.308349132537841797e+00
4.693820953369140625e+00 3.938981771469116211e+00 3.926056861877441406e+00 4.805736541748046875e+00 4.710240840911865234e+00 0.000000000000000000e+00 8.032887458801269531e+00 5.700023174285888672e+00 7.160964012145996094e+00 7.525418281555175781e+00 6.813257217407226562e+00 5.584830284118652344e+00 7.196074485778808594e+00 5.752622127532958984e+00 6.065588951110839844e+00 6.711603641510009766e+00 6.558663845062255859e+00 4.801015853881835938e+00 7.973780632019042969e+00 6.588370800018310547e+00 7.213214397430419922e+00 6.445418834686279297e+00 6.782711505889892578e+00 5.805502891540527344e+00 8.042012214660644531e+00 6.764940261840820312e+00 7.394656181335449219e+00 7.500380516052246094e+00 6.428305625915527344e+00 5.869123458862304688e+00 8.221681594848632812e+00 6.540237903594970703e+00 7.228240013122558594e+00 7.330954551696777344e+00 7.137174129486083984e+00 5.476243495941162109e+00
5.584830284118652344e+00 8.824414253234863281e+00 7.374638557434082031e+00 8.264913558959960938e+00 8.632736206054687500e+00 8.032887458801269531e+00 0.000000000000000000e+00 4.599924564361572266e+00 4.070027351379394531e+00 5.306593894958496094e+00 5.007252693176269531e+00 4.693821430206298828e+00 4.142330169677734375e+00 7.187795162200927734e+00 5.655066490173339844e+00 6.817356109619140625e+00 7.181285858154296875e+00 6.617709636688232422e+00 4.777166366577148438e+00 7.472824573516845703e+00 6.409649848937988281e+00 6.069503784179687500e+00 6.958787441253662109e+00 6.950749874114990234e+00 4.692023277282714844e+00 7.503457069396972656e+00 6.468003273010253906e+00 7.046427249908447266e+00 6.468664646148681641e+00 6.867070198059082031e+00 3.531538009643554688e+00 6.391146659851074219e+00 5.190007209777832031e+00 5.888456344604492188e+00 6.244546413421630859e+00 5.498534202575683594e+00
5.179671287536621094e+00 5.584830284118652344e+00 5.028177261352539062e+00 5.857505798339843750e+00 6.387436866760253906e+00 5.700023174285888672e+00 4.599924564361572266e+00 0.000000000000000000e+00 3.603198289871215820e+00 4.436459541320800781e+00 4.107120513916015625e+00 3.938981533050537109e+00 4.997200489044189453e+00 4.142330646514892578e+00 3.879626274108886719e+00 4.965116977691650391e+00 5.479100704193115234e+00 4.891984462738037109e+00 5.667288780212402344e+00 4.777166366577148438e+00 5.063501834869384766e+00 4.061851978302001953e+00 5.325232505798339844e+00 5.471203804016113281e+00 5.481506824493408203e+00 4.692023277282714844e+00 5.012535095214843750e+00 5.295932292938232422e+00 4.529017448425292969e+00 5.245264053344726562e+00 5.139589309692382812e+00 3.531538009643554688e+00 4.017262935638427734e+00 4.356657505035400391e+00 4.855361461639404297e+00 4.062241554260253906e+00
6.412924766540527344e+00 7.941295623779296875e+00 5.584830284118652344e+00 7.269415378570556641e+00 7.789966106414794922e+00 7.160964012145996094e+00 4.070027351379394531e+00 3.603198289871215820e+00 0.000000000000000000e+00 4.396067142486572266e+00 4.226330280303955078e+00 3.926056861877441406e+00 5.955524444580078125e+00 6.725501537322998047e+00 4.142330169677734375e+00 6.275831222534179688e+00 6.790022850036621094e+00 6.238613128662109375e+00 6.139159679412841797e+00 6.780093669891357422e+00 4.777166366577148438e+00 5.129052162170410156e+00 6.286242008209228516e+00 6.324375152587890625e+00 5.943512916564941406e+00 6.698562622070312500e+00 4.692023277282714844e+00 6.128845691680908203e+00 5.601611137390136719e+00 6.106042385101318359e+00 5.580107212066650391e+00 5.896711349487304688e+00 3.531538009643554688e+00 5.285839557647705078e+00 5.821027278900146484e+00 5.071148872375488281e+00
7.098714828491210938e+00 8.211859703063964844e+00 6.941690444946289062e+00 5.584830284118652344e+00 8.145520210266113281e+00 7.525418281555175781e+00 5.306593894958496094e+00 4.436459541320800781e+00 4.396067142486572266e+00 0.000000000000000000e+00 5.084924221038818359e+00 4.805737018585205078e+00 6.645399570465087891e+00 7.002125740051269531e+00 5.795045852661132812e+00 4.142330169677734375e+00 7.155225753784179688e+00 6.610577106475830078e+00 8.069923400878906250e+00 8.276977539062500000e+00 7.614871978759765625e+00 4.777166366577148438e+00 7.959332942962646484e+00 7.969847202301025391e+00 7.120246410369873047e+00 7.439598083496093750e+00 6.717011451721191406e+00 4.692023277282714844e+00 6.568895339965820312e+00 6.981595993041992188e+00 6.825649261474609375e+00 6.732563495635986328e+00 5.971117019653320312e+00 3.531538009643554688e+00 6.762841224670410156e+00 6.103672027587890625e+00
6.164550304412841797e+00 7.437620162963867188e+00 6.117255687713623047e+00 6.909708976745605469e+00 5.584830284118652344e+00 6.813257217407226562e+00 5.007252693176269531e+00 4.107120513916015625e+00 4.226330280303955078e+00 5.084924221038818359e+00 0.000000000000000000e+00 4.710240840911865234e+00 5.735162258148193359e+00 6.167182445526123047e+00 4.892558097839355469e+00 5.901988506317138672e+00 4.142330646514892578e+00 5.882949829101562500e+00 6.882084846496582031e+00 7.142928123474121094e+00 6.469122409820556641e+00 5.831345081329345703e+00 4.777166366577148438e+00 6.923620223999023438e+00 7.234065532684326172e+00 7.566706180572509766e+00 6.955275535583496094e+00 7.252082347869873047e+00 4.692023277282714844e+00 7.249489784240722656e+00 6.007854938507080078e+00 5.925020694732666016e+00 5.175219535827636719e+00 5.560612678527832031e+00 3.531538009643554688e+00 5.379430294036865234e+00
6.474355697631835938e+00 7.805225372314453125e+00 6.475267410278320312e+00 7.206867218017578125e+00 7.767426490783691406e+00 5.584830284118652344e+00 4.693821430206298828e+00 3.938981533050537109e+00 3.926056861877441406e+00 4.805737018585205078e+00 4.710240840911865234e+00 0.000000000000000000e+00 5.881124973297119141e+00 6.435637950897216797e+00 5.121068954467773438e+00 6.066982746124267578e+00 6.639385223388671875e+00 4.142330646514892578e+00 6.433788299560546875e+00 6.836646080017089844e+00 6.039268970489501953e+00 5.321127891540527344e+00 6.486822605133056641e+00 4.777166366577148438e+00 6.398236751556396484e+00 6.895544052124023438e+00 6.129784584045410156e+00 6.440317630767822266e+00 5.987303256988525391e+00 4.692023277282714844e+00 6.226842403411865234e+00 6.282743453979492188e+00 5.482226848602294922e+00 5.820560455322265625e+00 6.354367733001708984e+00 3.531538009643554688e+00
4.801015853881835938e+00 7.508895397186279297e+00 6.927406787872314453e+00 7.681842803955078125e+00 7.552759170532226562e+00 7.196074485778808594e+00 4.142330169677734375e+00 4.997200489044189453e+00 5.955524444580078125e+00 6.645399570465087891e+00 5.735162258148193359e+00 5.881124973297119141e+00 0.000000000000000000e+00 4.599924564361572266e+00 4.070027351379394531e+00 5.306593894958496094e+00 5.007252693176269531e+00 4.693820953369140625e+00 5.156237602233886719e+00 6.801645278930664062e+00 6.825930595397949219e+00 6.280671596527099609e+00 6.546051502227783203e+00 6.890221595764160156e+00 5.424042701721191406e+00 7.096536636352539062e+00 7.140341281890869141e+00 7.476616382598876953e+00 6.317388057708740234e+00 7.068138599395751953e+00 4.019983768463134766e+00 5.584717750549316406e+00 5.689370155334472656e+00 6.099583625793457031e+00 5.774381160736083984e+00 5.414717197418212891e+00
5.659913063049316406e+00 4.801015853881835938e+00 5.677361488342285156e+00 6.193423271179199219e+00 6.055210113525390625e+00 5.752622127532958984e+00 7.187795162200927734e+00 4.142330646514892578e+00 6.725501537322998047e+00 7.002125740051269531e+00 6.167182445526123047e+00 6.435637950897216797e+00 4.599924564361572266e+00 0.000000000000000000e+00 3.603198289871215820e+00 4.436459541320800781e+00 4.107120513916015625e+00 3.938981533050537109e+00 7.016396522521972656e+00 5.156237602233886719e+00 6.670453548431396484e+00 5.696735382080078125e+00 6.010853767395019531e+00 6.514790534973144531e+00 7.127289772033691406e+00 5.424042701721191406e+00 6.900804042816162109e+00 6.902227878570556641e+00 5.650129318237304688e+00 6.607640266418457031e+00 6.591667652130126953e+00 4.019983768463134766e+00 5.909090042114257812e+00 5.904037475585937500e+00 5.591944217681884766e+00 5.378966331481933594e+00
5.589345932006835938e+00 6.311351299285888672e+00 4.801015853881835938e+00 6.465453147888183594e+00 6.438894271850585938e+00 6.065588951110839844e+00 5.655066490173339844e+00 3.879626274108886719e+00 4.142330169677734375e+00 5.795045852661132812e+00 4.892558097839355469e+00 5.121068954467773438e+00 4.070027351379394531e+00 3.603198289871215820e+00 0.000000000000000000e+00 4.396067142486572266e+00 4.226330280303955078e+00 3.926056861877441406e+00 6.301626682281494141e+00 5.885974884033203125e+00 5.156237602233886719e+00 5.212570667266845703e+00 5.674386501312255859e+00 6.116837978363037109e+00 6.402050971984863281e+00 6.097987651824951172e+00 5.424042701721191406e+00 6.485842704772949219e+00 5.263037681579589844e+00 6.192046165466308594e+00 5.751682758331298828e+00 4.834177017211914062e+00 4.019983768463134766e+00 5.359743595123291016e+00 5.146769046783447266e+00 4.801832199096679688e+00
6.588526248931884766e+00 6.863335609436035156e+00 6.553490638732910156e+00 4.801015853881835938e+00 7.072978973388671875e+00 6.711603641510009766e+00 6.817356109619140625e+00 4.965116977691650391e+00 6.275831222534179688e+00 4.142330169677734375e+00 5.901988506317138672e+00 6.066982746124267578e+00 5.306593894958496094e+00 4.436459541320800781e+00 4.396067142486572266e+00 0.000000000000000000e+00 5.084924221038818359e+00 4.805737018585205078e+00 8.369385719299316406e+00 7.751460075378417969e+00 8.040740013122558594e+00 5.156237602233886719e+00 7.676884174346923828e+00 7.989881038665771484e+00 7.698088645935058594e+00 7.110842704772949219e+00 7.444806098937988281e+00 5.424042701721191406e+00 6.509504795074462891e+00 7.259622097015380859e+00 7.171854972839355469e+00 6.068544387817382812e+00 6.499576568603515625e+00 4.019983768463134766e+00 6.422043323516845703e+00 6.123528003692626953e+00
6.261031150817871094e+00 6.570450305938720703e+00 6.353257656097412109e+00 6.912698268890380859e+00 4.801015853881835938e+00 6.558663845062255859e+00 7.181285858154296875e+00 5.479100704193115234e+00 6.790022850036621094e+00 7.155225753784179688e+00 4.142330646514892578e+00 6.639385223388671875e+00 5.007252693176269531e+00 4.107120513916015625e+00 4.226330280303955078e+00 5.084924221038818359e+00 0.000000000000000000e+00 4.710240840911865234e+00 7.776113986968994141e+00 7.126015186309814453e+00 7.529850006103515625e+00 6.778785705566406250e+00 5.156237602233886719e+00 7.512533187866210938e+00 8.311213493347167969e+00 7.788029670715332031e+00 8.177081108093261719e+00 8.257102012634277344e+00 5.424042701721191406e+00 8.043409347534179688e+00 7.008724212646484375e+00 5.898099422454833984e+00 6.446320056915283203e+00 6.541468620300292969e+00 4.019983768463134766e+00 6.112523078918457031e+00
6.195154190063476562e+00 6.636113643646240234e+00 6.335296630859375000e+00 6.873434066772460938e+00 6.888844490051269531e+00 4.801015853881835938e+00 6.617709636688232422e+00 4.891984462738037109e+00 6.238613128662109375e+00 6.610577106475830078e+00 5.882949829101562500e+00 4.142330646514892578e+00 4.693820953369140625e+00 3.938981533050537109e+00 3.926056861877441406e+00 4.805737018585205078e+00 4.710240840911865234e+00 0.000000000000000000e+00 7.054242134094238281e+00 6.462370395660400391e+00 6.825372219085693359e+00 5.960333824157714844e+00 6.411564826965332031e+00 5.156237602233886719e+00 7.276387691497802734e+00 6.797846794128417969e+00 7.164278984069824219e+00 7.233849048614501953e+00 6.206189632415771484e+00 5.424042701721191406e+00 6.860414981842041016e+00 5.866721153259277344e+00 6.331729412078857422e+00 6.404151439666748047e+00 6.271389961242675781e+00 4.019983768463134766e+00
5.805502891540527344e+00 8.277761459350585938e+00 7.429781913757324219e+00 9.217630386352539062e+00 8.746819496154785156e+00 7.973780632019042969e+00 4.777166366577148438e+00 5.667288780212402344e+00 6.139159679412841797e+00 8.069923400878906250e+00 6.882084846496582031e+00 6.433788299560546875e+00 5.156237602233886719e+00 7.016396522521972656e+00 6.301626682281494141e+00 8.369385719299316406e+00 7.776113986968994141e+00 7.054242134094238281e+00 0.000000000000000000e+00 4.599924564361572266e+00 4.070027351379394531e+00 5.306593894958496094e+00 5.007252693176269531e+00 4.693821430206298828e+00 5.067421436309814453e+00 6.935637474060058594e+00 6.618276596069335938e+00 8.213294029235839844e+00 6.706450939178466797e+00 6.881909370422363281e+00 4.585975646972656250e+00 6.127290725708007812e+00 5.813640594482421875e+00 7.574676036834716797e+00 6.857328891754150391e+00 5.944211006164550781e+00
6.419111728668212891e+00 5.805502891540527344e+00 6.161283016204833984e+00 7.926460266113281250e+00 7.392194271087646484e+00 6.588370800018310547e+00 7.472824573516845703e+00 4.777166366577148438e+00 6.780093669891357422e+00 8.276977539062500000e+00 7.142928123474121094e+00 6.836646080017089844e+00 6.801645278930664062e+00 5.156237602233886719e+00 5.885974884033203125e+00 7.751460075378417969e+00 7.126015186309814453e+00 6.462370395660400391e+00 4.599924564361572266e+00 0.000000000000000000e+00 3.603198289871215820e+00 4.436459541320800781e+00 4.107120513916015625e+00 3.938981771469116211e+00 6.750782489776611328e+00 5.067421436309814453e+00 6.241353034973144531e+00 7.597067356109619141e+00 5.958803653717041016e+00 6.291207790374755859e+00 6.843775749206542969e+00 4.585975646972656250e+00 5.904499530792236328e+00 7.317426681518554688e+00 6.592844963073730469e+00 5.784811496734619141e+00
6.733223915100097656e+00 7.443950176239013672e+00 5.805502891540527344e+00 8.437859535217285156e+00 8.022684097290039062e+00 7.213214397430419922e+00 6.409649848937988281e+00 5.063501834869384766e+00 4.777166366577148438e+00 7.614871978759765625e+00 6.469122409820556641e+00 6.039268970489501953e+00 6.825930595397949219e+00 6.670453548431396484e+00 5.156237602233886719e+00 8.040740013122558594e+00 7.529850006103515625e+00 6.825372219085693359e+00 4.070027351379394531e+00 3.603198289871215820e+00 0.000000000000000000e+00 4.396067142486572266e+00 4.226329803466796875e+00 3.926056861877441406e+00 6.378572940826416016e+00 6.194279670715332031e+00 5.067421436309814453e+00 7.554202556610107422e+00 6.017314910888671875e+00 6.259788513183593750e+00 6.433830261230468750e+00 5.758932590484619141e+00 4.585975646972656250e+00 7.234573841094970703e+00 6.603795528411865234e+00 5.702059268951416016e+00
6.225985527038574219e+00 6.628973960876464844e+00 5.904324054718017578e+00 5.805502414703369141e+00 7.361373901367187500e+00 6.445418834686279297e+00 6.069503784179687500e+00 4.061851978302001953e+00 5.129052162170410156e+00 4.777166366577148438e+00 5.831345081329345703e+00 5.321127891540527344e+00 6.280671596527099609e+00 5.696735382080078125e+00 5.212570667266845703e+00 5.156237602233886719e+00 6.778785705566406250e+00 5.960333824157714844e+00 5.306593894958496094e+00 4.436459541320800781e+00 4.396067142486572266e+00 0.000000000000000000e+00 5.084924221038818359e+00 4.805736541748046875e+00 6.341860771179199219e+00 5.745122909545898438e+00 5.739542961120605469e+00 5.067421436309814453e+00 5.669290542602539062e+00 5.899519443511962891e+00 6.403632164001464844e+00 5.280336380004882812e+00 5.326734066009521484e+00 4.585975170135498047e+00 6.294619560241699219e+00 5.311514377593994141e+00
6.406717300415039062e+00 6.819095134735107422e+00 6.226395130157470703e+00 8.057965278625488281e+00 5.805502891540527344e+00 6.782711505889892578e+00 6.958787441253662109e+00 5.325232505798339844e+00 6.286242008209228516e+00 7.959332942962646484e+00 4.777166366577148438e+00 6.486822605133056641e+00 6.546051502227783203e+00 6.010853767395019531e+00 5.674386501312255859e+00 7.676884174346923828e+00 5.156237602233886719e+00 6.411564826965332031e+00 5.007252693176269531e+00 4.107120513916015625e+00 4.226329803466796875e+00 5.084924221038818359e+00 0.000000000000000000e+00 4.710240840911865234e+00 7.518390655517578125e+00 7.041807651519775391e+00 7.132543563842773438e+00 8.421969413757324219e+00 5.067421436309814453e+00 7.299996852874755859e+00 6.721944808959960938e+00 5.686265945434570312e+00 5.846020221710205078e+00 7.358873367309570312e+00 4.585975170135498047e+00 5.879528045654296875e+00
6.920292377471923828e+00 7.418371677398681641e+00 6.797432899475097656e+00 8.488492012023925781e+00 8.110196113586425781e+00 5.805502891540527344e+00 6.950749874114990234e+00 5.471203804016113281e+00 6.324375152587890625e+00 7.969847202301025391e+00 6.923620223999023438e+00 4.777166366577148438e+00 6.890221595764160156e+00 6.514790534973144531e+00 6.116837978363037109e+00 7.989881038665771484e+00 7.512533187866210938e+00 5.156237602233886719e+00 4.693821430206298828e+00 3.938981771469116211e+00 3.926056861877441406e+00 4.805736541748046875e+00 4.710240840911865234e+00 0.000000000000000000e+00 6.932586669921875000e+00 6.542887210845947266e+00 6.557470321655273438e+00 7.921072959899902344e+00 6.514622211456298828e+00 5.067421436309814453e+00 7.126893520355224609e+00 6.295191764831542969e+00 6.354266166687011719e+00 7.748571395874023438e+00 7.201821327209472656e+00 4.585975170135498047e+00
5.869123458862304688e+00 8.246155738830566406e+00 7.374734878540039062e+00 8.490463256835937500e+00 9.111775398254394531e+00 8.042012214660644531e+00 4.692023277282714844e+00 5.481506824493408203e+00 5.943512916564941406e+00 7.120246410369873047e+00 7.234065532684326172e+00 6.398236751556396484e+00 5.424042701721191406e+00 7.127289772033691406e+00 6.402050971984863281e+00 7.698088645935058594e+00 8.311213493347167969e+00 7.276387691497802734e+00 5.067421436309814453e+00 6.750782489776611328e+00 6.378572940826416016e+00 6.341860771179199219e+00 7.518390655517578125e+00 6.932586669921875000e+00 0.000000000000000000e+00 4.599924564361572266e+00 4.070027351379394531e+00 5.306593894958496094e+00 5.007252216339111328e+00 4.693820953369140625e+00 4.524563789367675781e+00 5.976554393768310547e+00 5.628608226776123047e+00 6.572421073913574219e+00 7.227608203887939453e+00 5.926566123962402344e+00
6.573640346527099609e+00 5.869123458862304688e+00 6.197698593139648438e+00 7.156606674194335938e+00 7.901085376739501953e+00 6.764940261840820312e+00 7.503457069396972656e+00 4.692023277282714844e+00 6.698562622070312500e+00 7.439598083496093750e+00 7.566706180572509766e+00 6.895544052124023438e+00 7.096536636352539062e+00 5.424042701721191406e+00 6.097987651824951172e+00 7.110842704772949219e+00 7.788029670715332031e+00 6.797846794128417969e+00 6.935637474060058594e+00 5.067421436309814453e+00 6.194279670715332031e+00 5.745122909545898438e+00 7.041807651519775391e+00 6.542887210845947266e+00 4.599924564361572266e+00 0.000000000000000000e+00 3.603198528289794922e+00 4.436460018157958984e+00 4.107120513916015625e+00 3.938981533050537109e+00 6.895126342773437500e+00 4.524563789367675781e+00 5.831889152526855469e+00 6.374224662780761719e+00 7.067245960235595703e+00 5.875338077545166016e+00
6.901937961578369141e+00 7.513177394866943359e+00 5.869123458862304688e+00 7.738115787506103516e+00 8.511096000671386719e+00 7.394656181335449219e+00 6.468003273010253906e+00 5.012535095214843750e+00 4.692023277282714844e+00 6.717011451721191406e+00 6.955275535583496094e+00 6.129784584045410156e+00 7.140341281890869141e+00 6.900804042816162109e+00 5.424042701721191406e+00 7.444806098937988281e+00 8.177081108093261719e+00 7.164278984069824219e+00 6.618276596069335938e+00 6.241353034973144531e+00 5.067421436309814453e+00 5.739542961120605469e+00 7.132543563842773438e+00 6.557470321655273438e+00 4.070027351379394531e+00 3.603198528289794922e+00 0.000000000000000000e+00 4.396067142486572266e+00 4.226330280303955078e+00 3.926056861877441406e+00 6.510942459106445312e+00 5.735721588134765625e+00 4.524563789367675781e+00 6.302202224731445312e+00 7.098111629486083984e+00 5.819082736968994141e+00
7.288700103759765625e+00 7.552519321441650391e+00 6.904027462005615234e+00 5.869123458862304688e+00 8.621306419372558594e+00 7.500380516052246094e+00 7.046427249908447266e+00 5.295932292938232422e+00 6.128845691680908203e+00 4.692023277282714844e+00 7.252082347869873047e+00 6.440317630767822266e+00 7.476616382598876953e+00 6.902227878570556641e+00 6.485842704772949219e+00 5.424042701721191406e+00 8.257102012634277344e+00 7.233849048614501953e+00 8.213294029235839844e+00 7.597067356109619141e+00 7.554202556610107422e+00 5.067421436309814453e+00 8.421969413757324219e+00 7.921072959899902344e+00 5.306593894958496094e+00 4.436460018157958984e+00 4.396067142486572266e+00 0.000000000000000000e+00 5.084924221038818359e+00 4.805737018585205078e+00 7.352993965148925781e+00 6.298964977264404297e+00 6.314777851104736328e+00 4.524563789367675781e+00 7.645724296569824219e+00 6.451529502868652344e+00
6.001160621643066406e+00 6.340579032897949219e+00 5.672583103179931641e+00 6.802882194519042969e+00 5.869123458862304688e+00 6.428305625915527344e+00 6.468664646148681641e+00 4.529017448425292969e+00 5.601611137390136719e+00 6.568895339965820312e+00 4.692023277282714844e+00 5.987303256988525391e+00 6.317388057708740234e+00 5.650129318237304688e+00 5.263037681579589844e+00 6.509504795074462891e+00 5.424042701721191406e+00 6.206189632415771484e+00 6.706450939178466797e+00 5.958803653717041016e+00 6.017314910888671875e+00 5.669290542602539062e+00 5.067421436309814453e+00 6.514622211456298828e+00 5.007252216339111328e+00 4.107120513916015625e+00 4.226330280303955078e+00 5.084924221038818359e+00 0.000000000000000000e+00 4.710240840911865234e+00 6.232992172241210938e+00 4.973355770111083984e+00 5.126783847808837891e+00 5.848005771636962891e+00 4.524563789367675781e+00 5.346450328826904297e+00
6.948609352111816406e+00 7.359344959259033203e+00 6.711194038391113281e+00 7.669922828674316406e+00 8.481911659240722656e+00 5.869123458862304688e+00 6.867070198059082031e+00 5.245264053344726562e+00 6.106042385101318359e+00 6.981595993041992188e+00 7.249489784240722656e+00 4.692023277282714844e+00 7.068138599395751953e+00 6.607640266418457031e+00 6.192046165466308594e+00 7.259622097015380859e+00 8.043409347534179688e+00 5.424042701721191406e+00 6.881909370422363281e+00 6.291207790374755859e+00 6.259788513183593750e+00 5.899519443511962891e+00 7.299996852874755859e+00 5.067421436309814453e+00 4.693820953369140625e+00 3.938981533050537109e+00 3.926056861877441406e+00 4.805737018585205078e+00 4.710240840911865234e+00 0.000000000000000000e+00 7.062795639038085938e+00 6.120041847229003906e+00 6.157067298889160156e+00 6.746208667755126953e+00 7.532034873962402344e+00 4.524563789367675781e+00
5.476243495941162109e+00 8.333877563476562500e+00 7.435382843017578125e+00 8.547835350036621094e+00 8.477795600891113281e+00 8.221681594848632812e+00 3.531538009643554688e+00 5.139589309692382812e+00 5.580107212066650391e+00 6.825649261474609375e+00 6.007854938507080078e+00 6.226842403411865234e+00 4.019983768463134766e+00 6.591667652130126953e+00 5.751682758331298828e+00 7.171854972839355469e+00 7.008724212646484375e+00 6.860414981842041016e+00 4.585975646972656250e+00 6.843775749206542969e+00 6.433830261230468750e+00 6.403632164001464844e+00 6.721944808959960938e+00 7.126893520355224609e+00 4.524563789367675781e+00 6.895126342773437500e+00 6.510942459106445312e+00 7.352993965148925781e+00 6.232992172241210938e+00 7.062795639038085938e+00 0.000000000000000000e+00 4.599924564361572266e+00 4.070027351379394531e+00 5.306593894958496094e+00 5.007252693176269531e+00 4.693820953369140625e+00
5.730933189392089844e+00 5.476243495941162109e+00 5.779089927673339844e+00 6.803143501281738281e+00 6.735274791717529297e+00 6.540237903594970703e+00 6.391146659851074219e+00 3.531538009643554688e+00 5.896711349487304688e+00 6.732563495635986328e+00 5.925020694732666016e+00 6.282743453979492188e+00 5.584717750549316406e+00 4.019983768463134766e+00 4.834177017211914062e+00 6.068544387817382812e+00 5.898099422454833984e+00 5.866721153259277344e+00 6.127290725708007812e+00 4.585975646972656250e+00 5.758932590484619141e+00 5.280336380004882812e+00 5.686265945434570312e+00 6.295191764831542969e+00 5.976554393768310547e+00 4.524563789367675781e+00 5.735721588134765625e+00 6.298964977264404297e+00 4.973355770111083984e+00 6.120041847229003906e+00 4.599924564361572266e+00 0.000000000000000000e+00 3.603198289871215820e+00 4.436459541320800781e+00 4.107120513916015625e+00 3.938981533050537109e+00
6.150106906890869141e+00 7.248908996582031250e+00 5.476243495941162109e+00 7.449858665466308594e+00 7.478754043579101562e+00 7.228240013122558594e+00 5.190007209777832031e+00 4.017262935638427734e+00 3.531538009643554688e+00 5.971117019653320312e+00 5.175219535827636719e+00 5.482226848602294922e+00 5.689370155334472656e+00 5.909090042114257812e+00 4.019983768463134766e+00 6.499576568603515625e+00 6.446320056915283203e+00 6.331729412078857422e+00 5.813640594482421875e+00 5.904499530792236328e+00 4.585975646972656250e+00 5.326734066009521484e+00 5.846020221710205078e+00 6.354266166687011719e+00 5.628608226776123047e+00 5.831889152526855469e+00 4.524563789367675781e+00 6.314777851104736328e+00 5.126783847808837891e+00 6.157067298889160156e+00 4.070027351379394531e+00 3.603198289871215820e+00 0.000000000000000000e+00 4.396067142486572266e+00 4.226330280303955078e+00 3.926056861877441406e+00
6.575171947479248047e+00 7.284234523773193359e+00 6.567259788513183594e+00 5.476243495941162109e+00 7.598723888397216797e+00 7.330954551696777344e+00 5.888456344604492188e+00 4.356657505035400391e+00 5.285839557647705078e+00 3.531538009643554688e+00 5.560612678527832031e+00 5.820560455322265625e+00 6.099583625793457031e+00 5.904037475585937500e+00 5.359743595123291016e+00 4.019983768463134766e+00 6.541468620300292969e+00 6.404151439666748047e+00 7.574676036834716797e+00 7.317426681518554688e+00 7.234573841094970703e+00 4.585975170135498047e+00 7.358873367309570312e+00 7.748571395874023438e+00 6.572421073913574219e+00 6.374224662780761719e+00 6.302202224731445312e+00 4.524563789367675781e+00 5.848005771636962891e+00 6.746208667755126953e+00 5.306593894958496094e+00 4.436459541320800781e+00 4.396067142486572266e+00 0.000000000000000000e+00 5.084924221038818359e+00 4.805736541748046875e+00
6.184708595275878906e+00 6.953519344329833984e+00 6.306382656097412109e+00 7.345120906829833984e+00 5.476243495941162109e+00 7.137174129486083984e+00 6.244546413421630859e+00 4.855361461639404297e+00 5.821027278900146484e+00 6.762841224670410156e+00 3.531538009643554688e+00 6.354367733001708984e+00 5.774381160736083984e+00 5.591944217681884766e+00 5.146769046783447266e+00 6.422043323516845703e+00 4.019983768463134766e+00 6.271389961242675781e+00 6.857328891754150391e+00 6.592844963073730469e+00 6.603795528411865234e+00 6.294619560241699219e+00 4.585975170135498047e+00 7.201821327209472656e+00 7.227608203887939453e+00 7.067245960235595703e+00 7.098111629486083984e+00 7.645724296569824219e+00 4.524563789367675781e+00 7.532034873962402344e+00 5.007252693176269531e+00 4.107120513916015625e+00 4.226330280303955078e+00 5.084924221038818359e+00 0.000000000000000000e+00 4.710240840911865234e+00
6.037081718444824219e+00 6.945136547088623047e+00 6.209578990936279297e+00 7.240566253662109375e+00 7.308349132537841797e+00 5.476243495941162109e+00 5.498534202575683594e+00 4.062241554260253906e+00 5.071148872375488281e+00 6.103672027587890625e+00 5.379430294036865234e+00 3.531538009643554688e+00 5.414717197418212891e+00 5.378966331481933594e+00 4.801832199096679688e+00 6.123528003692626953e+00 6.112523078918457031e+00 4.019983768463134766e+00 5.944211006164550781e+00 5.784811496734619141e+00 5.702059268951416016e+00 5.311514377593994141e+00 5.879528045654296875e+00 4.585975170135498047e+00 5.926566123962402344e+00 5.875338077545166016e+00 5.819082736968994141e+00 6.451529502868652344e+00 5.346450328826904297e+00 4.524563789367675781e+00 4.693820953369140625e+00 3.938981533050537109e+00 3.926056861877441406e+00 4.805736541748046875e+00 4.710240840911865234e+00 0.000000000000000000e+00
