0.000000000000000000e+00 3.353691339492797852e+00 3.372183322906494141e+00 4.584500312805175781e+00 3.828318119049072266e+00 3.800750494003295898e+00 4.022108078002929688e+00 2.810350656509399414e+00 4.799576759338378906e+00 5.192691326141357422e+00 4.156662940979003906e+00 4.269942760467529297e+00 3.212853431701660156e+00 3.458838701248168945e+00 4.108936786651611328e+00 4.971320152282714844e+00 4.213988780975341797e+00 3.883150100708007812e+00 4.962444782257080078e+00 5.113444805145263672e+00 5.691810607910156250e+00 4.562985420227050781e+00 5.579123020172119141e+00 5.682475090026855469e+00 4.173053264617919922e+00 3.751669883728027344e+00 4.876770973205566406e+00 5.227440357208251953e+00 3.707005739212036133e+00 4.383912086486816406e+00 4.812100887298583984e+00 4.672132015228271484e+00 5.372525215148925781e+00 5.642029762268066406e+00 4.851497650146484375e+00 4.022677421569824219e+00
3.353691339492797852e+00 0.000000000000000000e+00 3.246310472488403320e+00 4.392677783966064453e+00 2.697676658630371094e+00 2.994932174682617188e+00 6.852089881896972656e+00 4.022108078002929688e+00 6.459827899932861328e+00 6.690929889678955078e+00 5.424556732177734375e+00 5.681800365447998047e+00 5.583527565002441406e+00 3.212853431701660156e+00 5.065212726593017578e+00 5.709474563598632812e+00 4.470486164093017578e+00 4.382793426513671875e+00 6.752695560455322266e+00 4.962444782257080078e+00 6.425683498382568359e+00 5.368854522705078125e+00 5.785658836364746094e+00 6.044851779937744141e+00 6.576337337493896484e+00 4.173053264617919922e+00 6.126695632934570312e+00 6.339612960815429688e+00 4.577108383178710938e+00 5.322517395019531250e+00 6.854071140289306641e+00 4.812100887298583984e+00 6.372258663177490234e+00 6.533391952514648438e+00 5.360336780548095703e+00 4.824995994567871094e+00
3.372183322906494141e+00 3.246310472488403320e+00 0.000000000000000000e+00 4.792008876800537109e+00 3.318597078323364258e+00 3.577203512191772461e+00 5.662333488464355469e+00 3.420876741409301758e+00 4.022108078002929688e+00 5.781244277954101562e+00 4.260042190551757812e+00 4.593052387237548828e+00 5.148274898529052734e+00 4.008183956146240234e+00 3.212853431701660156e+00 5.609849929809570312e+00 4.350339889526367188e+00 4.270857334136962891e+00 6.292714118957519531e+00 5.388819217681884766e+00 4.962444782257080078e+00 5.134911537170410156e+00 5.575343132019042969e+00 5.851664066314697266e+00 5.812838554382324219e+00 4.285955429077148438e+00 4.173053264617919922e+00 5.854480266571044922e+00 3.886136770248413086e+00 4.751048564910888672e+00 6.339703083038330078e+00 5.175327301025390625e+00 4.812100887298583984e+00 6.280296325683593750e+00 5.055492877960205078e+00 4.494053840637207031e+00
4.584500312805175781e+00 4.392677783966064453e+00 4.792008876800537109e+00 0.000000000000000000e+00 4.475905895233154297e+00 4.686722278594970703e+00 6.886651515960693359e+00 5.116385936737060547e+00 6.697658538818359375e+00 4.022108078002929688e+00 5.734677314758300781e+00 5.998586177825927734e+00 6.161665916442871094e+00 5.161200523376464844e+00 5.924622058868408203e+00 3.212853431701660156e+00 5.455407619476318359e+00 5.405975341796875000e+00 8.394413948059082031e+00 7.682341098785400391e+00 8.295246124267578125e+00 4.962444782257080078e+00 7.831155300140380859e+00 8.039456367492675781e+00 7.038317203521728516e+00 5.764484882354736328e+00 6.817661762237548828e+00 4.173053264617919922e+00 5.497771739959716797e+00 6.151766300201416016e+00 7.517673492431640625e+00 6.497587680816650391e+00 7.266169071197509766e+00 4.812100410461425781e+00 6.423099517822265625e+00 6.003586769104003906e+00
3.828318119049072266e+00 2.697676658630371094e+00 3.318597078323364258e+00 4.475905895233154297e+00 0.000000000000000000e+00 3.275601387023925781e+00 6.662499904632568359e+00 4.181365013122558594e+00 6.019379615783691406e+00 6.287738800048828125e+00 4.022108078002929688e+00 5.298282623291015625e+00 5.674433231353759766e+00 3.900579929351806641e+00 4.872942924499511719e+00 5.563349723815917969e+00 3.212853431701660156e+00 4.310853958129882812e+00 6.887463092803955078e+00 5.507522106170654297e+00 6.339829921722412109e+00 5.290765285491943359e+00 4.962444782257080078e+00 6.060499191284179688e+00 7.099217891693115234e+00 5.332329750061035156e+00 6.461645126342773438e+00 6.683616161346435547e+00 4.173053264617919922e+00 5.816446781158447266e+00 7.217175960540771484e+00 5.668715000152587891e+00 6.540702342987060547e+00 6.717432022094726562e+00 4.812100887298583984e+00 5.171178817749023438e+00
3.800750494003295898e+00 2.994932174682617188e+00 3.577203512191772461e+00 4.686722278594970703e+00 3.275601387023925781e+00 0.000000000000000000e+00 6.558483600616455078e+00 4.243948459625244141e+00 6.070531368255615234e+00 6.348418712615966797e+00 5.073661804199218750e+00 4.022108078002929688e+00 5.870043754577636719e+00 4.401729106903076172e+00 5.291257381439208984e+00 5.945672512054443359e+00 4.849796772003173828e+00 3.212853431701660156e+00 6.771455287933349609e+00 5.536310195922851562e+00 6.372010231018066406e+00 5.343182563781738281e+00 5.829339504241943359e+00 4.962444782257080078e+00 6.670941829681396484e+00 4.943561077117919922e+00 6.152158260345458984e+00 6.396502494812011719e+00 4.738863468170166016e+00 4.173053264617919922e+00 7.682584285736083984e+00 6.400880813598632812e+00 7.190887928009033203e+00 7.362085819244384766e+00 6.405517578125000000e+00 4.812100410461425781e+00
4.022108078002929688e+00 6.852089881896972656e+00 5.662333488464355469e+00 6.886651515960693359e+00 6.662499904632568359e+00 6.558483600616455078e+00 0.000000000000000000e+00 3.353691339492797852e+00 3.372183322906494141e+00 4.584500312805175781e+00 3.828317880630493164e+00 3.800750732421875000e+00 3.226926565170288086e+00 5.619672775268554688e+00 4.635410308837890625e+00 5.919087886810302734e+00 5.603914260864257812e+00 5.249774456024169922e+00 4.606121540069580078e+00 6.501102924346923828e+00 5.787939548492431641e+00 5.257593631744384766e+00 6.424377918243408203e+00 6.424303054809570312e+00 3.114525318145751953e+00 5.087971210479736328e+00 4.536720275878906250e+00 5.462873458862304688e+00 4.425303936004638672e+00 4.888274669647216797e+00 4.292994976043701172e+00 6.052176475524902344e+00 5.352621078491210938e+00 6.110396862030029297e+00 5.689116477966308594e+00 4.883244037628173828e+00
2.810350656509399414e+00 4.022108078002929688e+00 3.420876741409301758e+00 5.116385936737060547e+00 4.181365013122558594e+00 4.243948459625244141e+00 3.353691339492797852e+00 0.000000000000000000e+00 3.246310472488403320e+00 4.392677783966064453e+00 2.697676658630371094e+00 2.994932413101196289e+00 3.426350116729736328e+00 3.226926565170288086e+00 3.276204586029052734e+00 4.836647033691406250e+00 3.755645751953125000e+00 3.487638473510742188e+00 4.760552883148193359e+00 4.606121540069580078e+00 4.781884193420410156e+00 4.014912605285644531e+00 4.908495903015136719e+00 5.098513603210449219e+00 4.000946998596191406e+00 3.114525318145751953e+00 3.848220586776733398e+00 4.814666748046875000e+00 2.695332050323486328e+00 3.671404123306274414e+00 4.767101287841796875e+00 4.292994976043701172e+00 4.567895889282226562e+00 5.353796005249023438e+00 4.246845722198486328e+00 3.379081964492797852e+00
4.799576759338378906e+00 6.459827899932861328e+00 4.022108078002929688e+00 6.697658538818359375e+00 6.019379615783691406e+00 6.070531368255615234e+00 3.372183322906494141e+00 3.246310472488403320e+00 0.000000000000000000e+00 4.792008876800537109e+00 3.318597316741943359e+00 3.577203512191772461e+00 4.699182987213134766e+00 5.582979202270507812e+00 3.226926565170288086e+00 6.105650424957275391e+00 5.297034263610839844e+00 5.119419574737548828e+00 5.628118038177490234e+00 6.375214576721191406e+00 4.606122016906738281e+00 5.354972362518310547e+00 6.059491634368896484e+00 6.221742630004882812e+00 4.643484592437744141e+00 5.066438674926757812e+00 3.114525318145751953e+00 5.681439399719238281e+00 4.053447723388671875e+00 4.768224716186523438e+00 5.563478469848632812e+00 6.088595390319824219e+00 4.292994976043701172e+00 6.358736515045166016e+00 5.465710163116455078e+00 4.831937789916992188e+00
5.192691326141357422e+00 6.690929889678955078e+00 5.781244277954101562e+00 4.022108078002929688e+00 6.287738800048828125e+00 6.348418712615966797e+00 4.584500312805175781e+00 4.392677783966064453e+00 4.792008876800537109e+00 0.000000000000000000e+00 4.475905895233154297e+00 4.686722278594970703e+00 5.275015354156494141e+00 6.002015590667724609e+00 5.428982257843017578e+00 3.226926565170288086e+00 5.759918689727783203e+00 5.610248088836669922e+00 7.538283348083496094e+00 8.056327819824218750e+00 7.725522041320800781e+00 4.606122016906738281e+00 7.825730800628662109e+00 7.961346626281738281e+00 5.620750427246093750e+00 5.900063991546630859e+00 5.748781681060791016e+00 3.114525556564331055e+00 5.082908630371093750e+00 5.682413578033447266e+00 6.446545124053955078e+00 6.840154170989990234e+00 6.507901668548583984e+00 4.292994976043701172e+00 6.313024044036865234e+00 5.785865306854248047e+00
4.156662940979003906e+00 5.424556732177734375e+00 4.260042190551757812e+00 5.734677314758300781e+00 4.022108078002929688e+00 5.073661804199218750e+00 3.828317880630493164e+00 2.697676658630371094e+00 3.318597316741943359e+00 4.475905895233154297e+00 0.000000000000000000e+00 3.275601387023925781e+00 4.328312397003173828e+00 4.612607955932617188e+00 3.846259355545043945e+00 5.264685630798339844e+00 3.226926565170288086e+00 4.184400558471679688e+00 5.520155429840087891e+00 5.735354900360107422e+00 5.267015457153320312e+00 4.610652923583984375e+00 4.606121540069580078e+00 5.670561313629150391e+00 5.397153377532958984e+00 5.166298866271972656e+00 4.999627113342285156e+00 5.799315452575683594e+00 3.114525318145751953e+00 4.995203971862792969e+00 5.814257144927978516e+00 5.777441024780273438e+00 5.386259078979492188e+00 6.088744640350341797e+00 4.292994976043701172e+00 4.566146850585937500e+00
4.269942760467529297e+00 5.681800365447998047e+00 4.593052387237548828e+00 5.998586177825927734e+00 5.298282623291015625e+00 4.022108078002929688e+00 3.800750732421875000e+00 2.994932413101196289e+00 3.577203512191772461e+00 4.686722278594970703e+00 3.275601387023925781e+00 0.000000000000000000e+00 4.707163333892822266e+00 5.157686233520507812e+00 4.495600223541259766e+00 5.769052028656005859e+00 4.977552890777587891e+00 3.226926565170288086e+00 5.482011795043945312e+00 5.863199710845947266e+00 5.414370059967041016e+00 4.793788433074951172e+00 5.633522510528564453e+00 4.606121540069580078e+00 4.939302921295166016e+00 4.884727954864501953e+00 4.717768192291259766e+00 5.571485996246337891e+00 3.988433122634887695e+00 3.114525318145751953e+00 6.473402976989746094e+00 6.586398601531982422e+00 6.253379344940185547e+00 6.878524780273437500e+00 6.121194839477539062e+00 4.292994976043701172e+00
3.212853431701660156e+00 5.583527565002441406e+00 5.148274898529052734e+00 6.161665916442871094e+00 5.674433231353759766e+00 5.870043754577636719e+00 3.226926565170288086e+00 3.426350116729736328e+00 4.699182987213134766e+00 5.275015354156494141e+00 4.328312397003173828e+00 4.707163333892822266e+00 0.000000000000000000e+00 3.353691339492797852e+00 3.372183322906494141e+00 4.584500312805175781e+00 3.828318119049072266e+00 3.800750732421875000e+00 4.798569202423095703e+00 5.844128131866455078e+00 5.967227935791015625e+00 5.084023475646972656e+00 6.061993598937988281e+00 6.354542732238769531e+00 3.756283283233642578e+00 4.514024734497070312e+00 5.028803825378417969e+00 5.536015987396240234e+00 4.202132701873779297e+00 5.059965610504150391e+00 4.488908290863037109e+00 5.331876754760742188e+00 5.537932395935058594e+00 5.954203128814697266e+00 5.267993927001953125e+00 4.781756401062011719e+00
3.458838701248168945e+00 3.212853431701660156e+00 4.008183956146240234e+00 5.161200523376464844e+00 3.900579929351806641e+00 4.401729106903076172e+00 5.619672775268554688e+00 3.226926565170288086e+00 5.582979202270507812e+00 6.002015590667724609e+00 4.612607955932617188e+00 5.157686233520507812e+00 3.353691339492797852e+00 0.000000000000000000e+00 3.246310472488403320e+00 4.392677783966064453e+00 2.697676658630371094e+00 2.994932413101196289e+00 5.864571571350097656e+00 4.798569202423095703e+00 5.907147884368896484e+00 4.923915386199951172e+00 5.430366992950439453e+00 5.918090820312500000e+00 5.507938861846923828e+00 3.756283283233642578e+00 5.425519943237304688e+00 5.822880268096923828e+00 3.906385421752929688e+00 5.010753631591796875e+00 5.862266540527343750e+00 4.488908290863037109e+00 5.727498531341552734e+00 6.057981491088867188e+00 4.831338405609130859e+00 4.511955261230468750e+00
4.108936786651611328e+00 5.065212726593017578e+00 3.212853431701660156e+00 5.924622058868408203e+00 4.872942924499511719e+00 5.291257381439208984e+00 4.635410308837890625e+00 3.276204586029052734e+00 3.226926565170288086e+00 5.428982257843017578e+00 3.846259355545043945e+00 4.495600223541259766e+00 3.372183322906494141e+00 3.246310472488403320e+00 0.000000000000000000e+00 4.792008876800537109e+00 3.318597078323364258e+00 3.577203512191772461e+00 5.760900497436523438e+00 5.677605152130126953e+00 4.798569202423095703e+00 5.155879020690917969e+00 5.647558212280273438e+00 6.125436782836914062e+00 5.066922187805175781e+00 4.456469535827636719e+00 3.756283283233642578e+00 5.725870609283447266e+00 3.769271135330200195e+00 4.913893222808837891e+00 5.689915657043457031e+00 5.345411300659179688e+00 4.488908290863037109e+00 6.184776782989501953e+00 4.996203899383544922e+00 4.697775840759277344e+00
4.971320152282714844e+00 5.709474563598632812e+00 5.609849929809570312e+00 3.212853431701660156e+00 5.563349723815917969e+00 5.945672512054443359e+00 5.919087886810302734e+00 4.836647033691406250e+00 6.105650424957275391e+00 3.226926565170288086e+00 5.264685630798339844e+00 5.769052028656005859e+00 4.584500312805175781e+00 4.392677783966064453e+00 4.792008876800537109e+00 0.000000000000000000e+00 4.475905895233154297e+00 4.686722278594970703e+00 7.889266967773437500e+00 7.771667957305908203e+00 8.086789131164550781e+00 4.798569202423095703e+00 7.766730308532714844e+00 8.129974365234375000e+00 6.293421268463134766e+00 5.736256122589111328e+00 6.431208610534667969e+00 3.756283283233642578e+00 5.245519638061523438e+00 6.132108211517333984e+00 6.847141265869140625e+00 6.495590209960937500e+00 6.926459312438964844e+00 4.488907814025878906e+00 6.232566356658935547e+00 6.008349418640136719e+00
4.213988780975341797e+00 4.470486164093017578e+00 4.350339889526367188e+00 5.455407619476318359e+00 3.212853431701660156e+00 4.849796772003173828e+00 5.603914260864257812e+00 3.755645751953125000e+00 5.297034263610839844e+00 5.759918689727783203e+00 3.226926565170288086e+00 4.977552890777587891e+00 3.828318119049072266e+00 2.697676658630371094e+00 3.318597078323364258e+00 4.475905895233154297e+00 0.000000000000000000e+00 3.275601387023925781e+00 6.214242935180664062e+00 5.578401565551757812e+00 6.015296936035156250e+00 5.079164028167724609e+00 4.798569202423095703e+00 6.131769180297851562e+00 6.314541816711425781e+00 5.245417118072509766e+00 6.003173828125000000e+00 6.385242462158203125e+00 3.756283283233642578e+00 5.744115829467773438e+00 6.469997882843017578e+00 5.613704681396484375e+00 6.112668514251708984e+00 6.443848609924316406e+00 4.488908290863037109e+00 5.118946075439453125e+00
3.883150100708007812e+00 4.382793426513671875e+00 4.270857334136962891e+00 5.405975341796875000e+00 4.310853958129882812e+00 3.212853431701660156e+00 5.249774456024169922e+00 3.487638473510742188e+00 5.119419574737548828e+00 5.610248088836669922e+00 4.184400558471679688e+00 3.226926565170288086e+00 3.800750732421875000e+00 2.994932413101196289e+00 3.577203512191772461e+00 4.686722278594970703e+00 3.275601387023925781e+00 0.000000000000000000e+00 5.879093170166015625e+00 5.382189750671386719e+00 5.841602802276611328e+00 4.887410163879394531e+00 5.469284534454345703e+00 4.798569202423095703e+00 5.613152503967285156e+00 4.588127613067626953e+00 5.446627616882324219e+00 5.877696037292480469e+00 4.084554195404052734e+00 3.756283283233642578e+00 6.806379795074462891e+00 6.154842853546142578e+00 6.619989395141601562e+00 6.937655448913574219e+00 5.962894439697265625e+00 4.488908290863037109e+00
4.962444782257080078e+00 6.752695560455322266e+00 6.292714118957519531e+00 8.394413948059082031e+00 6.887463092803955078e+00 6.771455287933349609e+00 4.606121540069580078e+00 4.760552883148193359e+00 5.628118038177490234e+00 7.538283348083496094e+00 5.520155429840087891e+00 5.482011795043945312e+00 4.798569202423095703e+00 5.864571571350097656e+00 5.760900497436523438e+00 7.889266967773437500e+00 6.214242935180664062e+00 5.879093170166015625e+00 0.000000000000000000e+00 3.353691339492797852e+00 3.372183322906494141e+00 4.584500312805175781e+00 3.828317880630493164e+00 3.800750732421875000e+00 4.839172840118408203e+00 5.459307670593261719e+00 5.778138637542724609e+00 7.625747203826904297e+00 5.282080650329589844e+00 5.657114505767822266e+00 5.499193668365478516e+00 6.216062545776367188e+00 6.288848400115966797e+00 7.983732700347900391e+00 6.227128028869628906e+00 5.481586933135986328e+00
5.113444805145263672e+00 4.962444782257080078e+00 5.388819217681884766e+00 7.682341098785400391e+00 5.507522106170654297e+00 5.536310195922851562e+00 6.501102924346923828e+00 4.606121540069580078e+00 6.375214576721191406e+00 8.056327819824218750e+00 5.735354900360107422e+00 5.863199710845947266e+00 5.844128131866455078e+00 4.798569202423095703e+00 5.677605152130126953e+00 7.771667957305908203e+00 5.578401565551757812e+00 5.382189750671386719e+00 3.353691339492797852e+00 0.000000000000000000e+00 3.246310472488403320e+00 4.392677783966064453e+00 2.697676658630371094e+00 2.994932174682617188e+00 6.286942005157470703e+00 4.839172840118408203e+00 6.116747379302978516e+00 7.828843593597412109e+00 5.038116931915283203e+00 5.602469444274902344e+00 6.658627986907958984e+00 5.499193668365478516e+00 6.447129726409912109e+00 8.053999900817871094e+00 5.852136611938476562e+00 5.236473560333251953e+00
5.691810607910156250e+00 6.425683498382568359e+00 4.962444782257080078e+00 8.295246124267578125e+00 6.339829921722412109e+00 6.372010231018066406e+00 5.787939548492431641e+00 4.781884193420410156e+00 4.606122016906738281e+00 7.725522041320800781e+00 5.267015457153320312e+00 5.414370059967041016e+00 5.967227935791015625e+00 5.907147884368896484e+00 4.798569202423095703e+00 8.086789131164550781e+00 6.015296936035156250e+00 5.841602802276611328e+00 3.372183322906494141e+00 3.246310472488403320e+00 0.000000000000000000e+00 4.792008876800537109e+00 3.318597316741943359e+00 3.577203512191772461e+00 6.015940666198730469e+00 5.522467613220214844e+00 4.839172840118408203e+00 7.842196941375732422e+00 5.065547466278076172e+00 5.635241985321044922e+00 6.608773708343505859e+00 6.324069976806640625e+00 5.499193668365478516e+00 8.230967521667480469e+00 6.098960876464843750e+00 5.519203662872314453e+00
4.562985420227050781e+00 5.368854522705078125e+00 5.134911537170410156e+00 4.962444782257080078e+00 5.290765285491943359e+00 5.343182563781738281e+00 5.257593631744384766e+00 4.014912605285644531e+00 5.354972362518310547e+00 4.606122016906738281e+00 4.610652923583984375e+00 4.793788433074951172e+00 5.084023475646972656e+00 4.923915386199951172e+00 5.155879020690917969e+00 4.798569202423095703e+00 5.079164028167724609e+00 4.887410163879394531e+00 4.584500312805175781e+00 4.392677783966064453e+00 4.792008876800537109e+00 0.000000000000000000e+00 4.475905895233154297e+00 4.686722278594970703e+00 5.542423248291015625e+00 4.912802219390869141e+00 5.591228485107421875e+00 4.839172840118408203e+00 4.422817230224609375e+00 5.079943180084228516e+00 6.227163314819335938e+00 5.848639965057373047e+00 6.217727184295654297e+00 5.499193668365478516e+00 5.627932548522949219e+00 5.008616924285888672e+00
5.579123020172119141e+00 5.785658836364746094e+00 5.575343132019042969e+00 7.831155300140380859e+00 4.962444782257080078e+00 5.829339504241943359e+00 6.424377918243408203e+00 4.908495903015136719e+00 6.059491634368896484e+00 7.825730800628662109e+00 4.606121540069580078e+00 5.633522510528564453e+00 6.061993598937988281e+00 5.430366992950439453e+00 5.647558212280273438e+00 7.766730308532714844e+00 4.798569202423095703e+00 5.469284534454345703e+00 3.828317880630493164e+00 2.697676658630371094e+00 3.318597316741943359e+00 4.475905895233154297e+00 0.000000000000000000e+00 3.275601387023925781e+00 6.945994853973388672e+00 6.000624179840087891e+00 6.572792053222656250e+00 8.206178665161132812e+00 4.839172363281250000e+00 6.201615810394287109e+00 7.142631530761718750e+00 6.386679649353027344e+00 6.731352806091308594e+00 8.299163818359375000e+00 5.499193668365478516e+00 5.696638107299804688e+00
5.682475090026855469e+00 6.044851779937744141e+00 5.851664066314697266e+00 8.039456367492675781e+00 6.060499191284179688e+00 4.962444782257080078e+00 6.424303054809570312e+00 5.098513603210449219e+00 6.221742630004882812e+00 7.961346626281738281e+00 5.670561313629150391e+00 4.606121540069580078e+00 6.354542732238769531e+00 5.918090820312500000e+00 6.125436782836914062e+00 8.129974365234375000e+00 6.131769180297851562e+00 4.798569202423095703e+00 3.800750732421875000e+00 2.994932174682617188e+00 3.577203512191772461e+00 4.686722278594970703e+00 3.275601387023925781e+00 0.000000000000000000e+00 6.612386226654052734e+00 5.778128147125244141e+00 6.377460479736328125e+00 8.059782981872558594e+00 5.462076187133789062e+00 4.839172840118408203e+00 7.702329158782958984e+00 7.141487598419189453e+00 7.457440853118896484e+00 8.906557083129882812e+00 7.034892559051513672e+00 5.499193668365478516e+00
4.173053264617919922e+00 6.576337337493896484e+00 5.812838554382324219e+00 7.038317203521728516e+00 7.099217891693115234e+00 6.670941829681396484e+00 3.114525318145751953e+00 4.000946998596191406e+00 4.643484592437744141e+00 5.620750427246093750e+00 5.397153377532958984e+00 4.939302921295166016e+00 3.756283283233642578e+00 5.507938861846923828e+00 5.066922187805175781e+00 6.293421268463134766e+00 6.314541816711425781e+00 5.613152503967285156e+00 4.839172840118408203e+00 6.286942005157470703e+00 6.015940666198730469e+00 5.542423248291015625e+00 6.945994853973388672e+00 6.612386226654052734e+00 0.000000000000000000e+00 3.353691339492797852e+00 3.372183322906494141e+00 4.584500312805175781e+00 3.828317880630493164e+00 3.800750494003295898e+00 4.201923370361328125e+00 5.560149192810058594e+00 5.326065063476562500e+00 6.118679523468017578e+00 6.030371665954589844e+00 4.829406738281250000e+00
3.751669883728027344e+00 4.173053264617919922e+00 4.285955429077148438e+00 5.764484882354736328e+00 5.332329750061035156e+00 4.943561077117919922e+00 5.087971210479736328e+00 3.114525318145751953e+00 5.066438674926757812e+00 5.900063991546630859e+00 5.166298866271972656e+00 4.884727954864501953e+00 4.514024734497070312e+00 3.756283283233642578e+00 4.456469535827636719e+00 5.736256122589111328e+00 5.245417118072509766e+00 4.588127613067626953e+00 5.459307670593261719e+00 4.839172840118408203e+00 5.522467613220214844e+00 4.912802219390869141e+00 6.000624179840087891e+00 5.778128147125244141e+00 3.353691339492797852e+00 0.000000000000000000e+00 3.246310472488403320e+00 4.392677783966064453e+00 2.697676420211791992e+00 2.994932174682617188e+00 5.185706138610839844e+00 4.201923370361328125e+00 5.051932811737060547e+00 5.805545330047607422e+00 5.193743228912353516e+00 3.979350805282592773e+00
4.876770973205566406e+00 6.126695632934570312e+00 4.173053264617919922e+00 6.817661762237548828e+00 6.461645126342773438e+00 6.152158260345458984e+00 4.536720275878906250e+00 3.848220586776733398e+00 3.114525318145751953e+00 5.748781681060791016e+00 4.999627113342285156e+00 4.717768192291259766e+00 5.028803825378417969e+00 5.425519943237304688e+00 3.756283283233642578e+00 6.431208610534667969e+00 6.003173828125000000e+00 5.446627616882324219e+00 5.778138637542724609e+00 6.116747379302978516e+00 4.839172840118408203e+00 5.591228485107421875e+00 6.572792053222656250e+00 6.377460479736328125e+00 3.372183322906494141e+00 3.246310472488403320e+00 0.000000000000000000e+00 4.792008876800537109e+00 3.318597316741943359e+00 3.577203512191772461e+00 5.448723793029785156e+00 5.555839538574218750e+00 4.201923370361328125e+00 6.328091621398925781e+00 5.777824878692626953e+00 4.725955963134765625e+00
5.227440357208251953e+00 6.339612960815429688e+00 5.854480266571044922e+00 4.173053264617919922e+00 6.683616161346435547e+00 6.396502494812011719e+00 5.462873458862304688e+00 4.814666748046875000e+00 5.681439399719238281e+00 3.114525556564331055e+00 5.799315452575683594e+00 5.571485996246337891e+00 5.536015987396240234e+00 5.822880268096923828e+00 5.725870609283447266e+00 3.756283283233642578e+00 6.385242462158203125e+00 5.877696037292480469e+00 7.625747203826904297e+00 7.828843593597412109e+00 7.842196941375732422e+00 4.839172840118408203e+00 8.206178665161132812e+00 8.059782981872558594e+00 4.584500312805175781e+00 4.392677783966064453e+00 4.792008876800537109e+00 0.000000000000000000e+00 4.475905895233154297e+00 4.686722278594970703e+00 6.317386150360107422e+00 6.340283393859863281e+00 6.418275833129882812e+00 4.201923370361328125e+00 6.555811882019042969e+00 5.663779735565185547e+00
3.707005739212036133e+00 4.577108383178710938e+00 3.886136770248413086e+00 5.497771739959716797e+00 4.173053264617919922e+00 4.738863468170166016e+00 4.425303936004638672e+00 2.695332050323486328e+00 4.053447723388671875e+00 5.082908630371093750e+00 3.114525318145751953e+00 3.988433122634887695e+00 4.202132701873779297e+00 3.906385421752929688e+00 3.769271135330200195e+00 5.245519638061523438e+00 3.756283283233642578e+00 4.084554195404052734e+00 5.282080650329589844e+00 5.038116931915283203e+00 5.065547466278076172e+00 4.422817230224609375e+00 4.839172363281250000e+00 5.462076187133789062e+00 3.828317880630493164e+00 2.697676420211791992e+00 3.318597316741943359e+00 4.475905895233154297e+00 0.000000000000000000e+00 3.275601387023925781e+00 5.315917015075683594e+00 4.784586429595947266e+00 4.894407749176025391e+00 5.692198276519775391e+00 4.201923370361328125e+00 3.943834066390991211e+00
4.383912086486816406e+00 5.322517395019531250e+00 4.751048564910888672e+00 6.151766300201416016e+00 5.816446781158447266e+00 4.173053264617919922e+00 4.888274669647216797e+00 3.671404123306274414e+00 4.768224716186523438e+00 5.682413578033447266e+00 4.995203971862792969e+00 3.114525318145751953e+00 5.059965610504150391e+00 5.010753631591796875e+00 4.913893222808837891e+00 6.132108211517333984e+00 5.744115829467773438e+00 3.756283283233642578e+00 5.657114505767822266e+00 5.602469444274902344e+00 5.635241985321044922e+00 5.079943180084228516e+00 6.201615810394287109e+00 4.839172840118408203e+00 3.800750494003295898e+00 2.994932174682617188e+00 3.577203512191772461e+00 4.686722278594970703e+00 3.275601387023925781e+00 0.000000000000000000e+00 6.393789768218994141e+00 6.116888046264648438e+00 6.210508823394775391e+00 6.867651939392089844e+00 6.420094966888427734e+00 4.201923370361328125e+00
4.812100887298583984e+00 6.854071140289306641e+00 6.339703083038330078e+00 7.517673492431640625e+00 7.217175960540771484e+00 7.682584285736083984e+00 4.292994976043701172e+00 4.767101287841796875e+00 5.563478469848632812e+00 6.446545124053955078e+00 5.814257144927978516e+00 6.473402976989746094e+00 4.488908290863037109e+00 5.862266540527343750e+00 5.689915657043457031e+00 6.847141265869140625e+00 6.469997882843017578e+00 6.806379795074462891e+00 5.499193668365478516e+00 6.658627986907958984e+00 6.608773708343505859e+00 6.227163314819335938e+00 7.142631530761718750e+00 7.702329158782958984e+00 4.201923370361328125e+00 5.185706138610839844e+00 5.448723793029785156e+00 6.317386150360107422e+00 5.315917015075683594e+00 6.393789768218994141e+00 0.000000000000000000e+00 3.353691339492797852e+00 3.372183322906494141e+00 4.584500312805175781e+00 3.828317880630493164e+00 3.800750732421875000e+00
4.672132015228271484e+00 4.812100887298583984e+00 5.175327301025390625e+00 6.497587680816650391e+00 5.668715000152587891e+00 6.400880813598632812e+00 6.052176475524902344e+00 4.292994976043701172e+00 6.088595390319824219e+00 6.840154170989990234e+00 5.777441024780273438e+00 6.586398601531982422e+00 5.331876754760742188e+00 4.488908290863037109e+00 5.345411300659179688e+00 6.495590209960937500e+00 5.613704681396484375e+00 6.154842853546142578e+00 6.216062545776367188e+00 5.499193668365478516e+00 6.324069976806640625e+00 5.848639965057373047e+00 6.386679649353027344e+00 7.141487598419189453e+00 5.560149192810058594e+00 4.201923370361328125e+00 5.555839538574218750e+00 6.340283393859863281e+00 4.784586429595947266e+00 6.116888046264648438e+00 3.353691339492797852e+00 0.000000000000000000e+00 3.246310472488403320e+00 4.392677783966064453e+00 2.697676658630371094e+00 2.994932174682617188e+00
5.372525215148925781e+00 6.372258663177490234e+00 4.812100887298583984e+00 7.266169071197509766e+00 6.540702342987060547e+00 7.190887928009033203e+00 5.352621078491210938e+00 4.567895889282226562e+00 4.292994976043701172e+00 6.507901668548583984e+00 5.386259078979492188e+00 6.253379344940185547e+00 5.537932395935058594e+00 5.727498531341552734e+00 4.488908290863037109e+00 6.926459312438964844e+00 6.112668514251708984e+00 6.619989395141601562e+00 6.288848400115966797e+00 6.447129726409912109e+00 5.499193668365478516e+00 6.217727184295654297e+00 6.731352806091308594e+00 7.457440853118896484e+00 5.326065063476562500e+00 5.051932811737060547e+00 4.201923370361328125e+00 6.418275833129882812e+00 4.894407749176025391e+00 6.210508823394775391e+00 3.372183322906494141e+00 3.246310472488403320e+00 0.000000000000000000e+00 4.792008876800537109e+00 3.318597078323364258e+00 3.577203273773193359e+00
5.642029762268066406e+00 6.533391952514648438e+00 6.280296325683593750e+00 4.812100410461425781e+00 6.717432022094726562e+00 7.362085819244384766e+00 6.110396862030029297e+00 5.353796005249023438e+00 6.358736515045166016e+00 4.292994976043701172e+00 6.088744640350341797e+00 6.878524780273437500e+00 5.954203128814697266e+00 6.057981491088867188e+00 6.184776782989501953e+00 4.488907814025878906e+00 6.443848609924316406e+00 6.937655448913574219e+00 7.983732700347900391e+00 8.053999900817871094e+00 8.230967521667480469e+00 5.499193668365478516e+00 8.299163818359375000e+00 8.906557083129882812e+00 6.118679523468017578e+00 5.805545330047607422e+00 6.328091621398925781e+00 4.201923370361328125e+00 5.692198276519775391e+00 6.867651939392089844e+00 4.584500312805175781e+00 4.392677783966064453e+00 4.792008876800537109e+00 0.000000000000000000e+00 4.475905895233154297e+00 4.686722278594970703e+00
4.851497650146484375e+00 5.360336780548095703e+00 5.055492877960205078e+00 6.423099517822265625e+00 4.812100887298583984e+00 6.405517578125000000e+00 5.689116477966308594e+00 4.246845722198486328e+00 5.465710163116455078e+00 6.313024044036865234e+00 4.292994976043701172e+00 6.121194839477539062e+00 5.267993927001953125e+00 4.831338405609130859e+00 4.996203899383544922e+00 6.232566356658935547e+00 4.488908290863037109e+00 5.962894439697265625e+00 6.227128028869628906e+00 5.852136611938476562e+00 6.098960876464843750e+00 5.627932548522949219e+00 5.499193668365478516e+00 7.034892559051513672e+00 6.030371665954589844e+00 5.193743228912353516e+00 5.777824878692626953e+00 6.555811882019042969e+00 4.201923370361328125e+00 6.420094966888427734e+00 3.828317880630493164e+00 2.697676658630371094e+00 3.318597078323364258e+00 4.475905895233154297e+00 0.000000000000000000e+00 3.275601387023925781e+00
4.022677421569824219e+00 4.824995994567871094e+00 4.494053840637207031e+00 6.003586769104003906e+00 5.171178817749023438e+00 4.812100410461425781e+00 4.883244037628173828e+00 3.379081964492797852e+00 4.831937789916992188e+00 5.785865306854248047e+00 4.566146850585937500e+00 4.292994976043701172e+00 4.781756401062011719e+00 4.511955261230468750e+00 4.697775840759277344e+00 6.008349418640136719e+00 5.118946075439453125e+00 4.488908290863037109e+00 5.481586933135986328e+00 5.236473560333251953e+00 5.519203662872314453e+00 5.008616924285888672e+00 5.696638107299804688e+00 5.499193668365478516e+00 4.829406738281250000e+00 3.979350805282592773e+00 4.725955963134765625e+00 5.663779735565185547e+00 3.943834066390991211e+00 4.201923370361328125e+00 3.800750732421875000e+00 2.994932174682617188e+00 3.577203273773193359e+00 4.686722278594970703e+00 3.275601387023925781e+00 0.000000000000000000e+00
