0.000000000000000000e+00 6.040737152099609375e+00 5.608859062194824219e+00 6.354554176330566406e+00 6.495781421661376953e+00 6.152328968048095703e+00 7.135068893432617188e+00 5.313971519470214844e+00 7.682553291320800781e+00 7.960076808929443359e+00 6.993331432342529297e+00 7.213983535766601562e+00 6.105997085571289062e+00 6.416847705841064453e+00 6.711440086364746094e+00 7.358693122863769531e+00 7.107500553131103516e+00 6.715970516204833984e+00 7.719499111175537109e+00 8.707801818847656250e+00 9.045845985412597656e+00 6.137653827667236328e+00 8.663235664367675781e+00 9.167577743530273438e+00 7.226931571960449219e+00 6.477638721466064453e+00 7.592695236206054688e+00 7.792940616607666016e+00 6.235019683837890625e+00 7.407300949096679688e+00 7.002810001373291016e+00 6.428794860839843750e+00 7.329181671142578125e+00 7.702372550964355469e+00 7.054202079772949219e+00 6.095015525817871094e+00
6.040737152099609375e+00 0.000000000000000000e+00 4.852612495422363281e+00 6.269231319427490234e+00 4.762411117553710938e+00 4.620385646820068359e+00 1.210624313354492188e+01 7.135068893432617188e+00 1.050102806091308594e+01 1.102030658721923828e+01 9.410285949707031250e+00 9.731381416320800781e+00 1.031365394592285156e+01 6.105997085571289062e+00 8.350434303283691406e+00 9.255865097045898438e+00 7.974942684173583984e+00 7.822968482971191406e+00 1.078594207763671875e+01 7.719499111175537109e+00 9.704187393188476562e+00 7.539832592010498047e+00 8.705883979797363281e+00 9.369988441467285156e+00 1.163951396942138672e+01 7.226931571960449219e+00 9.823279380798339844e+00 1.031562232971191406e+01 8.131426811218261719e+00 9.226276397705078125e+00 1.138992023468017578e+01 7.002810478210449219e+00 9.487143516540527344e+00 1.012175369262695312e+01 8.628301620483398438e+00 8.052730560302734375e+00
5.608859062194824219e+00 4.852612495422363281e+00 0.000000000000000000e+00 6.067458152770996094e+00 5.234082221984863281e+00 5.184926033020019531e+00 1.028179931640625000e+01 6.216311454772949219e+00 7.135068893432617188e+00 9.118300437927246094e+00 7.579842567443847656e+00 8.026253700256347656e+00 9.614653587341308594e+00 7.206410408020019531e+00 6.105997085571289062e+00 8.618766784667968750e+00 7.708181858062744141e+00 7.604974269866943359e+00 1.001362133026123047e+01 8.491512298583984375e+00 7.719499111175537109e+00 6.582334041595458984e+00 8.335151672363281250e+00 9.071903228759765625e+00 1.047504806518554688e+01 7.419970035552978516e+00 7.226931095123291016e+00 9.121537208557128906e+00 7.079175949096679688e+00 8.362966537475585938e+00 1.035762500762939453e+01 7.427549362182617188e+00 7.002810478210449219e+00 9.085262298583984375e+00 7.857731819152832031e+00 7.277585983276367188e+00
6.354554176330566406e+00 6.269231319427490234e+00 6.067458152770996094e+00 0.000000000000000000e+00 5.900353908538818359e+00 6.204277515411376953e+00 1.091862106323242188e+01 7.679699420928955078e+00 9.607450485229492188e+00 7.135068893432617188e+00 8.333812713623046875e+00 8.978319168090820312e+00 1.005866432189941406e+01 8.215951919555664062e+00 8.597171783447265625e+00 6.105997085571289062e+00 8.163868904113769531e+00 8.322220802307128906e+00 1.273857402801513672e+01 1.187176418304443359e+01 1.222629547119140625e+01 7.719499111175537109e+00 1.140047836303710938e+01 1.212380409240722656e+01 1.115741252899169922e+01 8.755084991455078125e+00 9.740777015686035156e+00 7.226931571960449219e+00 7.960743904113769531e+00 9.348207473754882812e+00 1.093219280242919922e+01 8.615991592407226562e+00 9.442711830139160156e+00 7.002810478210449219e+00 8.513161659240722656e+00 8.239192008972167969e+00
6.495781421661376953e+00 4.762411117553710938e+00 5.234082221984863281e+00 5.900353908538818359e+00 0.000000000000000000e+00 5.312474727630615234e+00 1.171759796142578125e+01 7.656764984130859375e+00 9.957692146301269531e+00 1.009922504425048828e+01 7.135068893432617188e+00 9.306475639343261719e+00 1.041346168518066406e+01 7.505185127258300781e+00 8.363106727600097656e+00 8.806020736694335938e+00 6.105997085571289062e+00 8.027285575866699219e+00 1.133666706085205078e+01 9.420722961425781250e+00 1.022241783142089844e+01 7.670645236968994141e+00 7.719499111175537109e+00 1.005733108520507812e+01 1.224630355834960938e+01 9.148666381835937500e+00 1.044670200347900391e+01 1.052197647094726562e+01 7.226931095123291016e+00 1.003930187225341797e+01 1.151986408233642578e+01 8.306155204772949219e+00 9.545993804931640625e+00 9.758746147155761719e+00 7.002810478210449219e+00 8.306215286254882812e+00
6.152328968048095703e+00 4.620385646820068359e+00 5.184926033020019531e+00 6.204277515411376953e+00 5.312474727630615234e+00 0.000000000000000000e+00 1.120174789428710938e+01 7.057942390441894531e+00 9.548013687133789062e+00 9.909305572509765625e+00 8.464791297912597656e+00 7.135068893432617188e+00 1.025497150421142578e+01 7.487555980682373047e+00 8.396288871765136719e+00 9.071557998657226562e+00 8.159280776977539062e+00 6.105997085571289062e+00 1.052801704406738281e+01 8.607007980346679688e+00 9.520967483520507812e+00 7.012905120849609375e+00 8.629960060119628906e+00 7.719499111175537109e+00 1.119335842132568359e+01 7.875838756561279297e+00 9.395997047424316406e+00 9.698155403137207031e+00 7.753338813781738281e+00 7.226931095123291016e+00 1.168896007537841797e+01 8.713675498962402344e+00 9.943961143493652344e+00 1.035280418395996094e+01 9.248256683349609375e+00 7.002810478210449219e+00
7.135068893432617188e+00 1.210624313354492188e+01 1.028179931640625000e+01 1.091862106323242188e+01 1.171759796142578125e+01 1.120174789428710938e+01 0.000000000000000000e+00 6.040737628936767578e+00 5.608859062194824219e+00 6.354554176330566406e+00 6.495781421661376953e+00 6.152328968048095703e+00 5.394526004791259766e+00 9.599742889404296875e+00 7.759383201599121094e+00 8.596209526062011719e+00 9.302255630493164062e+00 8.581419944763183594e+00 7.607168674468994141e+00 1.154407024383544922e+01 1.017116355895996094e+01 7.992238044738769531e+00 1.084102058410644531e+01 1.091061973571777344e+01 4.700345516204833984e+00 8.425314903259277344e+00 7.131663799285888672e+00 7.649926185607910156e+00 7.275842189788818359e+00 7.839108467102050781e+00 4.740457057952880859e+00 8.597871780395507812e+00 7.106080532073974609e+00 7.790113449096679688e+00 8.209265708923339844e+00 6.877542972564697266e+00
5.313971519470214844e+00 7.135068893432617188e+00 6.216311454772949219e+00 7.679699420928955078e+00 7.656764984130859375e+00 7.057942390441894531e+00 6.040737628936767578e+00 0.000000000000000000e+00 4.852612495422363281e+00 6.269231319427490234e+00 4.762411117553710938e+00 4.620385646820068359e+00 6.247220039367675781e+00 5.394526004791259766e+00 5.072762966156005859e+00 6.801034450531005859e+00 6.360321998596191406e+00 5.529369354248046875e+00 7.446708679199218750e+00 7.607168674468994141e+00 7.525627613067626953e+00 4.888019561767578125e+00 7.688110828399658203e+00 7.976991176605224609e+00 6.795702934265136719e+00 4.700345516204833984e+00 5.526934146881103516e+00 6.711341381072998047e+00 4.584877014160156250e+00 5.704931735992431641e+00 6.633360385894775391e+00 4.740457057952880859e+00 5.255849838256835938e+00 6.681901454925537109e+00 5.737286090850830078e+00 3.979501962661743164e+00
7.682553291320800781e+00 1.050102806091308594e+01 7.135068893432617188e+00 9.607450485229492188e+00 9.957692146301269531e+00 9.548013687133789062e+00 5.608859062194824219e+00 4.852612495422363281e+00 0.000000000000000000e+00 6.067458152770996094e+00 5.234081745147705078e+00 5.184926033020019531e+00 7.804638862609863281e+00 8.919898033142089844e+00 5.394526004791259766e+00 8.407181739807128906e+00 8.490264892578125000e+00 7.938843727111816406e+00 8.672026634216308594e+00 1.030527305603027344e+01 7.607168674468994141e+00 6.795978546142578125e+00 9.412963867187500000e+00 9.692764282226562500e+00 7.499631404876708984e+00 7.793279170989990234e+00 4.700345516204833984e+00 7.592562198638916016e+00 6.389854907989501953e+00 7.292177200317382812e+00 7.574040412902832031e+00 8.025933265686035156e+00 4.740457057952880859e+00 7.781672000885009766e+00 7.485140800476074219e+00 6.306168079376220703e+00
7.960076808929443359e+00 1.102030658721923828e+01 9.118300437927246094e+00 7.135068893432617188e+00 1.009922504425048828e+01 9.909305572509765625e+00 6.354554176330566406e+00 6.269231319427490234e+00 6.067458152770996094e+00 0.000000000000000000e+00 5.900353908538818359e+00 6.204277515411376953e+00 8.066455841064453125e+00 9.515999794006347656e+00 7.819796562194824219e+00 5.394526004791259766e+00 8.645081520080566406e+00 8.358774185180664062e+00 1.151619911193847656e+01 1.305571937561035156e+01 1.196581840515136719e+01 7.607168674468994141e+00 1.202165603637695312e+01 1.241197109222412109e+01 8.150203704833984375e+00 8.817646980285644531e+00 7.756777763366699219e+00 4.700345516204833984e+00 7.036271572113037109e+00 8.126853942871093750e+00 8.063417434692382812e+00 8.882712364196777344e+00 7.616924762725830078e+00 4.740457057952880859e+00 7.885268688201904297e+00 7.078764915466308594e+00
6.993331432342529297e+00 9.410285949707031250e+00 7.579842567443847656e+00 8.333812713623046875e+00 7.135068893432617188e+00 8.464791297912597656e+00 6.495781421661376953e+00 4.762411117553710938e+00 5.234081745147705078e+00 5.900353908538818359e+00 0.000000000000000000e+00 5.312474727630615234e+00 7.487335205078125000e+00 7.944131374359130859e+00 6.395972251892089844e+00 7.286477565765380859e+00 5.394525527954101562e+00 6.983989715576171875e+00 9.088490486145019531e+00 1.009911346435546875e+01 9.051262855529785156e+00 6.391101837158203125e+00 7.607168674468994141e+00 9.589021682739257812e+00 8.697066307067871094e+00 8.278075218200683594e+00 7.625449180603027344e+00 8.019085884094238281e+00 4.700345516204833984e+00 7.948169231414794922e+00 7.870335102081298828e+00 7.575521469116210938e+00 6.611184597015380859e+00 7.238421916961669922e+00 4.740457057952880859e+00 5.911589145660400391e+00
7.213983535766601562e+00 9.731381416320800781e+00 8.026253700256347656e+00 8.978319168090820312e+00 9.306475639343261719e+00 7.135068893432617188e+00 6.152328968048095703e+00 4.620385646820068359e+00 5.184926033020019531e+00 6.204277515411376953e+00 5.312474727630615234e+00 0.000000000000000000e+00 7.762947559356689453e+00 8.385929107666015625e+00 6.995961666107177734e+00 8.082006454467773438e+00 8.116063117980957031e+00 5.394525527954101562e+00 8.508743286132812500e+00 9.736609458923339844e+00 8.692253112792968750e+00 6.218289375305175781e+00 8.957313537597656250e+00 7.607168674468994141e+00 7.644421577453613281e+00 7.371307373046875000e+00 6.691604137420654297e+00 7.424746990203857422e+00 6.120284557342529297e+00 4.700345516204833984e+00 8.564203262329101562e+00 8.473685264587402344e+00 7.677435874938964844e+00 8.474731445312500000e+00 8.151181221008300781e+00 4.740457057952880859e+00
6.105997085571289062e+00 1.031365394592285156e+01 9.614653587341308594e+00 1.005866432189941406e+01 1.041346168518066406e+01 1.025497150421142578e+01 5.394526004791259766e+00 6.247220039367675781e+00 7.804638862609863281e+00 8.066455841064453125e+00 7.487335205078125000e+00 7.762947559356689453e+00 0.000000000000000000e+00 6.040737152099609375e+00 5.608859062194824219e+00 6.354554176330566406e+00 6.495781421661376953e+00 6.152328968048095703e+00 8.010238647460937500e+00 1.062999534606933594e+01 1.049283695220947266e+01 8.109082221984863281e+00 1.042049503326416016e+01 1.089255809783935547e+01 5.824857711791992188e+00 7.500532150268554688e+00 7.940309047698974609e+00 8.120561599731445312e+00 7.038302421569824219e+00 8.160798072814941406e+00 5.577757358551025391e+00 7.483261585235595703e+00 7.712846755981445312e+00 8.056783676147460938e+00 7.797153472900390625e+00 7.017930030822753906e+00
6.416847705841064453e+00 6.105997085571289062e+00 7.206410408020019531e+00 8.215951919555664062e+00 7.505185127258300781e+00 7.487555980682373047e+00 9.599742889404296875e+00 5.394526004791259766e+00 8.919898033142089844e+00 9.515999794006347656e+00 7.944131374359130859e+00 8.385929107666015625e+00 6.040737152099609375e+00 0.000000000000000000e+00 4.852612018585205078e+00 6.269231319427490234e+00 4.762410640716552734e+00 4.620385646820068359e+00 9.397446632385253906e+00 8.010238647460937500e+00 9.478701591491699219e+00 7.234481334686279297e+00 8.759550094604492188e+00 9.476404190063476562e+00 9.196788787841796875e+00 5.824857234954833984e+00 8.324574470520019531e+00 8.889763832092285156e+00 6.647147178649902344e+00 8.016040802001953125e+00 8.899694442749023438e+00 5.577757835388183594e+00 7.948536396026611328e+00 8.685466766357421875e+00 7.272115707397460938e+00 6.659642219543457031e+00
6.711440086364746094e+00 8.350434303283691406e+00 6.105997085571289062e+00 8.597171783447265625e+00 8.363106727600097656e+00 8.396288871765136719e+00 7.759383201599121094e+00 5.072762966156005859e+00 5.394526004791259766e+00 7.819796562194824219e+00 6.395972251892089844e+00 6.995961666107177734e+00 5.608859062194824219e+00 4.852612018585205078e+00 0.000000000000000000e+00 6.067458152770996094e+00 5.234082221984863281e+00 5.184925556182861328e+00 9.008151054382324219e+00 9.250822067260742188e+00 8.010238647460937500e+00 6.907566547393798828e+00 8.905656814575195312e+00 9.654205322265625000e+00 8.229702949523925781e+00 6.756853580474853516e+00 5.824857234954833984e+00 8.044686317443847656e+00 6.089162349700927734e+00 7.613847255706787109e+00 8.102676391601562500e+00 6.792585372924804688e+00 5.577757835388183594e+00 8.026714324951171875e+00 7.005620956420898438e+00 6.431665420532226562e+00
7.358693122863769531e+00 9.255865097045898438e+00 8.618766784667968750e+00 6.105997085571289062e+00 8.806020736694335938e+00 9.071557998657226562e+00 8.596209526062011719e+00 6.801034450531005859e+00 8.407181739807128906e+00 5.394526004791259766e+00 7.286477565765380859e+00 8.082006454467773438e+00 6.354554176330566406e+00 6.269231319427490234e+00 6.067458152770996094e+00 0.000000000000000000e+00 5.900353908538818359e+00 6.204277515411376953e+00 1.197210597991943359e+01 1.243368911743164062e+01 1.241939735412597656e+01 8.010238647460937500e+00 1.183185291290283203e+01 1.257285785675048828e+01 9.092584609985351562e+00 8.211974143981933594e+00 8.761794090270996094e+00 5.824856758117675781e+00 7.107917308807373047e+00 8.695189476013183594e+00 8.835819244384765625e+00 8.086527824401855469e+00 8.451196670532226562e+00 5.577757358551025391e+00 7.745616912841796875e+00 7.514866352081298828e+00
7.107500553131103516e+00 7.974942684173583984e+00 7.708181858062744141e+00 8.163868904113769531e+00 6.105997085571289062e+00 8.159280776977539062e+00 9.302255630493164062e+00 6.360321998596191406e+00 8.490264892578125000e+00 8.645081520080566406e+00 5.394525527954101562e+00 8.116063117980957031e+00 6.495781421661376953e+00 4.762410640716552734e+00 5.234082221984863281e+00 5.900353908538818359e+00 0.000000000000000000e+00 5.312474727630615234e+00 1.020448207855224609e+01 9.846787452697753906e+00 1.018863677978515625e+01 7.613369941711425781e+00 8.010238647460937500e+00 1.033399200439453125e+01 1.013462162017822266e+01 8.308697700500488281e+00 9.250473022460937500e+00 9.325437545776367188e+00 5.824857234954833984e+00 9.140913009643554688e+00 9.263773918151855469e+00 7.395958423614501953e+00 8.242285728454589844e+00 8.476823806762695312e+00 5.577757358551025391e+00 7.220354557037353516e+00
6.715970516204833984e+00 7.822968482971191406e+00 7.604974269866943359e+00 8.322220802307128906e+00 8.027285575866699219e+00 6.105997085571289062e+00 8.581419944763183594e+00 5.529369354248046875e+00 7.938843727111816406e+00 8.358774185180664062e+00 6.983989715576171875e+00 5.394525527954101562e+00 6.152328968048095703e+00 4.620385646820068359e+00 5.184925556182861328e+00 6.204277515411376953e+00 5.312474727630615234e+00 0.000000000000000000e+00 9.240254402160644531e+00 9.012297630310058594e+00 9.428204536437988281e+00 6.872930049896240234e+00 8.830695152282714844e+00 8.010238647460937500e+00 8.772776603698730469e+00 6.804185390472412109e+00 7.978355407714843750e+00 8.320921897888183594e+00 6.383291244506835938e+00 5.824857234954833984e+00 9.416672706604003906e+00 7.782535076141357422e+00 8.638481140136718750e+00 9.095913887023925781e+00 8.156838417053222656e+00 5.577757358551025391e+00
7.719499111175537109e+00 1.078594207763671875e+01 1.001362133026123047e+01 1.273857402801513672e+01 1.133666706085205078e+01 1.052801704406738281e+01 7.607168674468994141e+00 7.446708679199218750e+00 8.672026634216308594e+00 1.151619911193847656e+01 9.088490486145019531e+00 8.508743286132812500e+00 8.010238647460937500e+00 9.397446632385253906e+00 9.008151054382324219e+00 1.197210597991943359e+01 1.020448207855224609e+01 9.240254402160644531e+00 0.000000000000000000e+00 6.040737628936767578e+00 5.608859062194824219e+00 6.354554176330566406e+00 6.495781421661376953e+00 6.152328968048095703e+00 7.715790748596191406e+00 8.337868690490722656e+00 8.612581253051757812e+00 1.141643714904785156e+01 8.539001464843750000e+00 8.693120002746582031e+00 7.736483573913574219e+00 8.508737564086914062e+00 8.587978363037109375e+00 1.150828361511230469e+01 9.343969345092773438e+00 7.833286285400390625e+00
8.707801818847656250e+00 7.719499111175537109e+00 8.491512298583984375e+00 1.187176418304443359e+01 9.420722961425781250e+00 8.607007980346679688e+00 1.154407024383544922e+01 7.607168674468994141e+00 1.030527305603027344e+01 1.305571937561035156e+01 1.009911346435546875e+01 9.736609458923339844e+00 1.062999534606933594e+01 8.010238647460937500e+00 9.250822067260742188e+00 1.243368911743164062e+01 9.846787452697753906e+00 9.012297630310058594e+00 6.040737628936767578e+00 0.000000000000000000e+00 4.852612495422363281e+00 6.269231319427490234e+00 4.762410640716552734e+00 4.620385646820068359e+00 1.106922721862792969e+01 7.715790748596191406e+00 9.631664276123046875e+00 1.248045730590820312e+01 8.938892364501953125e+00 9.250460624694824219e+00 1.096762371063232422e+01 7.736483573913574219e+00 9.475600242614746094e+00 1.246228790283203125e+01 9.578112602233886719e+00 8.294713020324707031e+00
9.045845985412597656e+00 9.704187393188476562e+00 7.719499111175537109e+00 1.222629547119140625e+01 1.022241783142089844e+01 9.520967483520507812e+00 1.017116355895996094e+01 7.525627613067626953e+00 7.607168674468994141e+00 1.196581840515136719e+01 9.051262855529785156e+00 8.692253112792968750e+00 1.049283695220947266e+01 9.478701591491699219e+00 8.010238647460937500e+00 1.241939735412597656e+01 1.018863677978515625e+01 9.428204536437988281e+00 5.608859062194824219e+00 4.852612495422363281e+00 0.000000000000000000e+00 6.067458152770996094e+00 5.234081745147705078e+00 5.184926033020019531e+00 1.038310718536376953e+01 8.567005157470703125e+00 7.715790748596191406e+00 1.198269176483154297e+01 8.656278610229492188e+00 9.023237228393554688e+00 1.043415451049804688e+01 8.775822639465332031e+00 7.736483573913574219e+00 1.210096645355224609e+01 9.490485191345214844e+00 8.243287086486816406e+00
6.137653827667236328e+00 7.539832592010498047e+00 6.582334041595458984e+00 7.719499111175537109e+00 7.670645236968994141e+00 7.012905120849609375e+00 7.992238044738769531e+00 4.888019561767578125e+00 6.795978546142578125e+00 7.607168674468994141e+00 6.391101837158203125e+00 6.218289375305175781e+00 8.109082221984863281e+00 7.234481334686279297e+00 6.907566547393798828e+00 8.010238647460937500e+00 7.613369941711425781e+00 6.872930049896240234e+00 6.354554176330566406e+00 6.269231319427490234e+00 6.067458152770996094e+00 0.000000000000000000e+00 5.900353908538818359e+00 6.204277515411376953e+00 8.336216926574707031e+00 6.473912715911865234e+00 7.007854461669921875e+00 7.715790748596191406e+00 5.925561428070068359e+00 6.766902923583984375e+00 8.247816085815429688e+00 6.557765007019042969e+00 6.848433971405029297e+00 7.736483573913574219e+00 6.908089637756347656e+00 5.458499431610107422e+00
8.663235664367675781e+00 8.705883979797363281e+00 8.335151672363281250e+00 1.140047836303710938e+01 7.719499111175537109e+00 8.629960060119628906e+00 1.084102058410644531e+01 7.688110828399658203e+00 9.412963867187500000e+00 1.202165603637695312e+01 7.607168674468994141e+00 8.957313537597656250e+00 1.042049503326416016e+01 8.759550094604492188e+00 8.905656814575195312e+00 1.183185291290283203e+01 8.010238647460937500e+00 8.830695152282714844e+00 6.495781421661376953e+00 4.762410640716552734e+00 5.234081745147705078e+00 5.900353908538818359e+00 0.000000000000000000e+00 5.312474727630615234e+00 1.142552661895751953e+01 9.193702697753906250e+00 9.946202278137207031e+00 1.239285850524902344e+01 7.715790748596191406e+00 9.734250068664550781e+00 1.080679988861083984e+01 8.563133239746093750e+00 9.188486099243164062e+00 1.190012741088867188e+01 7.736483573913574219e+00 8.152926445007324219e+00
9.167577743530273438e+00 9.369988441467285156e+00 9.071903228759765625e+00 1.212380409240722656e+01 1.005733108520507812e+01 7.719499111175537109e+00 1.091061973571777344e+01 7.976991176605224609e+00 9.692764282226562500e+00 1.241197109222412109e+01 9.589021682739257812e+00 7.607168674468994141e+00 1.089255809783935547e+01 9.476404190063476562e+00 9.654205322265625000e+00 1.257285785675048828e+01 1.033399200439453125e+01 8.010238647460937500e+00 6.152328968048095703e+00 4.620385646820068359e+00 5.184926033020019531e+00 6.204277515411376953e+00 5.312474727630615234e+00 0.000000000000000000e+00 1.091782093048095703e+01 8.728789329528808594e+00 9.561117172241210938e+00 1.225814056396484375e+01 8.986433982849121094e+00 7.715790748596191406e+00 1.157792186737060547e+01 9.674710273742675781e+00 1.027236461639404297e+01 1.291887187957763672e+01 1.047286605834960938e+01 7.736483573913574219e+00
7.226931571960449219e+00 1.163951396942138672e+01 1.047504806518554688e+01 1.115741252899169922e+01 1.224630355834960938e+01 1.119335842132568359e+01 4.700345516204833984e+00 6.795702934265136719e+00 7.499631404876708984e+00 8.150203704833984375e+00 8.697066307067871094e+00 7.644421577453613281e+00 5.824857711791992188e+00 9.196788787841796875e+00 8.229702949523925781e+00 9.092584609985351562e+00 1.013462162017822266e+01 8.772776603698730469e+00 7.715790748596191406e+00 1.106922721862792969e+01 1.038310718536376953e+01 8.336216926574707031e+00 1.142552661895751953e+01 1.091782093048095703e+01 0.000000000000000000e+00 6.040737628936767578e+00 5.608859062194824219e+00 6.354553699493408203e+00 6.495781421661376953e+00 6.152328968048095703e+00 5.127273559570312500e+00 8.083207130432128906e+00 7.550186157226562500e+00 8.273759841918945312e+00 9.086230278015136719e+00 7.043464183807373047e+00
6.477638721466064453e+00 7.226931571960449219e+00 7.419970035552978516e+00 8.755084991455078125e+00 9.148666381835937500e+00 7.875838756561279297e+00 8.425314903259277344e+00 4.700345516204833984e+00 7.793279170989990234e+00 8.817646980285644531e+00 8.278075218200683594e+00 7.371307373046875000e+00 7.500532150268554688e+00 5.824857234954833984e+00 6.756853580474853516e+00 8.211974143981933594e+00 8.308697700500488281e+00 6.804185390472412109e+00 8.337868690490722656e+00 7.715790748596191406e+00 8.567005157470703125e+00 6.473912715911865234e+00 9.193702697753906250e+00 8.728789329528808594e+00 6.040737628936767578e+00 0.000000000000000000e+00 4.852612495422363281e+00 6.269231319427490234e+00 4.762411117553710938e+00 4.620385646820068359e+00 7.760196208953857422e+00 5.127274036407470703e+00 6.821661472320556641e+00 8.051037788391113281e+00 7.777286052703857422e+00 5.527060985565185547e+00
7.592695236206054688e+00 9.823279380798339844e+00 7.226931095123291016e+00 9.740777015686035156e+00 1.044670200347900391e+01 9.395997047424316406e+00 7.131663799285888672e+00 5.526934146881103516e+00 4.700345516204833984e+00 7.756777763366699219e+00 7.625449180603027344e+00 6.691604137420654297e+00 7.940309047698974609e+00 8.324574470520019531e+00 5.824857234954833984e+00 8.761794090270996094e+00 9.250473022460937500e+00 7.978355407714843750e+00 8.612581253051757812e+00 9.631664276123046875e+00 7.715790748596191406e+00 7.007854461669921875e+00 9.946202278137207031e+00 9.561117172241210938e+00 5.608859062194824219e+00 4.852612495422363281e+00 0.000000000000000000e+00 6.067458152770996094e+00 5.234081745147705078e+00 5.184926033020019531e+00 7.647952079772949219e+00 7.289616584777832031e+00 5.127274036407470703e+00 8.101340293884277344e+00 8.276652336120605469e+00 6.275796413421630859e+00
7.792940616607666016e+00 1.031562232971191406e+01 9.121537208557128906e+00 7.226931571960449219e+00 1.052197647094726562e+01 9.698155403137207031e+00 7.649926185607910156e+00 6.711341381072998047e+00 7.592562198638916016e+00 4.700345516204833984e+00 8.019085884094238281e+00 7.424746990203857422e+00 8.120561599731445312e+00 8.889763832092285156e+00 8.044686317443847656e+00 5.824856758117675781e+00 9.325437545776367188e+00 8.320921897888183594e+00 1.141643714904785156e+01 1.248045730590820312e+01 1.198269176483154297e+01 7.715790748596191406e+00 1.239285850524902344e+01 1.225814056396484375e+01 6.354553699493408203e+00 6.269231319427490234e+00 6.067458152770996094e+00 0.000000000000000000e+00 5.900353908538818359e+00 6.204277515411376953e+00 8.055027961730957031e+00 8.146482467651367188e+00 7.782946109771728516e+00 5.127274036407470703e+00 8.566959381103515625e+00 6.961787223815917969e+00
6.235019683837890625e+00 8.131426811218261719e+00 7.079175949096679688e+00 7.960743904113769531e+00 7.226931095123291016e+00 7.753338813781738281e+00 7.275842189788818359e+00 4.584877014160156250e+00 6.389854907989501953e+00 7.036271572113037109e+00 4.700345516204833984e+00 6.120284557342529297e+00 7.038302421569824219e+00 6.647147178649902344e+00 6.089162349700927734e+00 7.107917308807373047e+00 5.824857234954833984e+00 6.383291244506835938e+00 8.539001464843750000e+00 8.938892364501953125e+00 8.656278610229492188e+00 5.925561428070068359e+00 7.715790748596191406e+00 8.986433982849121094e+00 6.495781421661376953e+00 4.762411117553710938e+00 5.234081745147705078e+00 5.900353908538818359e+00 0.000000000000000000e+00 5.312474727630615234e+00 7.376221179962158203e+00 6.119870185852050781e+00 6.234272003173828125e+00 6.986662387847900391e+00 5.127274036407470703e+00 5.089807987213134766e+00
7.407300949096679688e+00 9.226276397705078125e+00 8.362966537475585938e+00 9.348207473754882812e+00 1.003930187225341797e+01 7.226931095123291016e+00 7.839108467102050781e+00 5.704931735992431641e+00 7.292177200317382812e+00 8.126853942871093750e+00 7.948169231414794922e+00 4.700345516204833984e+00 8.160798072814941406e+00 8.016040802001953125e+00 7.613847255706787109e+00 8.695189476013183594e+00 9.140913009643554688e+00 5.824857234954833984e+00 8.693120002746582031e+00 9.250460624694824219e+00 9.023237228393554688e+00 6.766902923583984375e+00 9.734250068664550781e+00 7.715790748596191406e+00 6.152328968048095703e+00 4.620385646820068359e+00 5.184926033020019531e+00 6.204277515411376953e+00 5.312474727630615234e+00 0.000000000000000000e+00 8.869599342346191406e+00 8.045209884643554688e+00 8.182858467102050781e+00 9.005416870117187500e+00 9.116825103759765625e+00 5.127274036407470703e+00
7.002810001373291016e+00 1.138992023468017578e+01 1.035762500762939453e+01 1.093219280242919922e+01 1.151986408233642578e+01 1.168896007537841797e+01 4.740457057952880859e+00 6.633360385894775391e+00 7.574040412902832031e+00 8.063417434692382812e+00 7.870335102081298828e+00 8.564203262329101562e+00 5.577757358551025391e+00 8.899694442749023438e+00 8.102676391601562500e+00 8.835819244384765625e+00 9.263773918151855469e+00 9.416672706604003906e+00 7.736483573913574219e+00 1.096762371063232422e+01 1.043415451049804688e+01 8.247816085815429688e+00 1.080679988861083984e+01 1.157792186737060547e+01 5.127273559570312500e+00 7.760196208953857422e+00 7.647952079772949219e+00 8.055027961730957031e+00 7.376221179962158203e+00 8.869599342346191406e+00 0.000000000000000000e+00 6.040737152099609375e+00 5.608858585357666016e+00 6.354554176330566406e+00 6.495781421661376953e+00 6.152328968048095703e+00
6.428794860839843750e+00 7.002810478210449219e+00 7.427549362182617188e+00 8.615991592407226562e+00 8.306155204772949219e+00 8.713675498962402344e+00 8.597871780395507812e+00 4.740457057952880859e+00 8.025933265686035156e+00 8.882712364196777344e+00 7.575521469116210938e+00 8.473685264587402344e+00 7.483261585235595703e+00 5.577757835388183594e+00 6.792585372924804688e+00 8.086527824401855469e+00 7.395958423614501953e+00 7.782535076141357422e+00 8.508737564086914062e+00 7.736483573913574219e+00 8.775822639465332031e+00 6.557765007019042969e+00 8.563133239746093750e+00 9.674710273742675781e+00 8.083207130432128906e+00 5.127274036407470703e+00 7.289616584777832031e+00 8.146482467651367188e+00 6.119870185852050781e+00 8.045209884643554688e+00 6.040737152099609375e+00 0.000000000000000000e+00 4.852612495422363281e+00 6.269231319427490234e+00 4.762410640716552734e+00 4.620385646820068359e+00
7.329181671142578125e+00 9.487143516540527344e+00 7.002810478210449219e+00 9.442711830139160156e+00 9.545993804931640625e+00 9.943961143493652344e+00 7.106080532073974609e+00 5.255849838256835938e+00 4.740457057952880859e+00 7.616924762725830078e+00 6.611184597015380859e+00 7.677435874938964844e+00 7.712846755981445312e+00 7.948536396026611328e+00 5.577757835388183594e+00 8.451196670532226562e+00 8.242285728454589844e+00 8.638481140136718750e+00 8.587978363037109375e+00 9.475600242614746094e+00 7.736483573913574219e+00 6.848433971405029297e+00 9.188486099243164062e+00 1.027236461639404297e+01 7.550186157226562500e+00 6.821661472320556641e+00 5.127274036407470703e+00 7.782946109771728516e+00 6.234272003173828125e+00 8.182858467102050781e+00 5.608858585357666016e+00 4.852612495422363281e+00 0.000000000000000000e+00 6.067458152770996094e+00 5.234082221984863281e+00 5.184926033020019531e+00
7.702372550964355469e+00 1.012175369262695312e+01 9.085262298583984375e+00 7.002810478210449219e+00 9.758746147155761719e+00 1.035280418395996094e+01 7.790113449096679688e+00 6.681901454925537109e+00 7.781672000885009766e+00 4.740457057952880859e+00 7.238421916961669922e+00 8.474731445312500000e+00 8.056783676147460938e+00 8.685466766357421875e+00 8.026714324951171875e+00 5.577757358551025391e+00 8.476823806762695312e+00 9.095913887023925781e+00 1.150828361511230469e+01 1.246228790283203125e+01 1.210096645355224609e+01 7.736483573913574219e+00 1.190012741088867188e+01 1.291887187957763672e+01 8.273759841918945312e+00 8.051037788391113281e+00 8.101340293884277344e+00 5.127274036407470703e+00 6.986662387847900391e+00 9.005416870117187500e+00 6.354554176330566406e+00 6.269231319427490234e+00 6.067458152770996094e+00 0.000000000000000000e+00 5.900353908538818359e+00 6.204277515411376953e+00
7.054202079772949219e+00 8.628301620483398438e+00 7.857731819152832031e+00 8.513161659240722656e+00 7.002810478210449219e+00 9.248256683349609375e+00 8.209265708923339844e+00 5.737286090850830078e+00 7.485140800476074219e+00 7.885268688201904297e+00 4.740457057952880859e+00 8.151181221008300781e+00 7.797153472900390625e+00 7.272115707397460938e+00 7.005620956420898438e+00 7.745616912841796875e+00 5.577757358551025391e+00 8.156838417053222656e+00 9.343969345092773438e+00 9.578112602233886719e+00 9.490485191345214844e+00 6.908089637756347656e+00 7.736483573913574219e+00 1.047286605834960938e+01 9.086230278015136719e+00 7.777286052703857422e+00 8.276652336120605469e+00 8.566959381103515625e+00 5.127274036407470703e+00 9.116825103759765625e+00 6.495781421661376953e+00 4.762410640716552734e+00 5.234082221984863281e+00 5.900353908538818359e+00 0.000000000000000000e+00 5.312474727630615234e+00
6.095015525817871094e+00 8.052730560302734375e+00 7.277585983276367188e+00 8.239192008972167969e+00 8.306215286254882812e+00 7.002810478210449219e+00 6.877542972564697266e+00 3.979501962661743164e+00 6.306168079376220703e+00 7.078764915466308594e+00 5.911589145660400391e+00 4.740457057952880859e+00 7.017930030822753906e+00 6.659642219543457031e+00 6.431665420532226562e+00 7.514866352081298828e+00 7.220354557037353516e+00 5.577757358551025391e+00 7.833286285400390625e+00 8.294713020324707031e+00 8.243287086486816406e+00 5.458499431610107422e+00 8.152926445007324219e+00 7.736483573913574219e+00 7.043464183807373047e+00 5.527060985565185547e+00 6.275796413421630859e+00 6.961787223815917969e+00 5.089807987213134766e+00 5.127274036407470703e+00 6.152328968048095703e+00 4.620385646820068359e+00 5.184926033020019531e+00 6.204277515411376953e+00 5.312474727630615234e+00 0.000000000000000000e+00
