0.000000000000000000e+00 4.449235439300537109e+00 4.114924907684326172e+00 3.950361251831054688e+00 4.630962848663330078e+00 4.468418598175048828e+00 4.888326644897460938e+00 3.909210443496704102e+00 5.745562553405761719e+00 5.217079639434814453e+00 5.532563209533691406e+00 5.133376598358154297e+00 4.057459831237792969e+00 5.024321556091308594e+00 5.097784996032714844e+00 4.757695674896240234e+00 5.572523593902587891e+00 5.061777591705322266e+00 4.732692718505859375e+00 5.111038684844970703e+00 5.567979335784912109e+00 4.240760803222656250e+00 5.378659248352050781e+00 5.295915126800537109e+00 4.926338195800781250e+00 5.224799633026123047e+00 5.712703704833984375e+00 5.154856204986572266e+00 4.710785865783691406e+00 5.103470802307128906e+00 4.962701797485351562e+00 5.688821792602539062e+00 6.036328792572021484e+00 5.562324523925781250e+00 5.832516670227050781e+00 4.975398063659667969e+00
4.449235439300537109e+00 0.000000000000000000e+00 4.320796012878417969e+00 3.678317308425903320e+00 4.063675880432128906e+00 3.685511827468872070e+00 8.491227149963378906e+00 4.888326168060302734e+00 7.947179794311523438e+00 7.317928314208984375e+00 7.354345798492431641e+00 6.955378532409667969e+00 6.875575542449951172e+00 4.057459831237792969e+00 6.224061965942382812e+00 5.619181632995605469e+00 6.093893051147460938e+00 5.500245094299316406e+00 7.633179664611816406e+00 4.732692718505859375e+00 6.986445426940917969e+00 5.655092239379882812e+00 6.330005168914794922e+00 6.142825603485107422e+00 7.799389362335205078e+00 4.926338195800781250e+00 7.151057720184326172e+00 6.423642158508300781e+00 5.833106040954589844e+00 6.035529613494873047e+00 7.515685081481933594e+00 4.962701797485351562e+00 7.087689876556396484e+00 6.397306919097900391e+00 6.414616584777832031e+00 5.516541957855224609e+00
4.114924907684326172e+00 4.320796012878417969e+00 0.000000000000000000e+00 3.539647579193115234e+00 4.397085189819335938e+00 4.047075271606445312e+00 6.974610805511474609e+00 4.687469005584716797e+00 4.888326644897460938e+00 5.653186798095703125e+00 6.026163578033447266e+00 5.529960155487060547e+00 6.387782573699951172e+00 5.614763259887695312e+00 4.057459831237792969e+00 5.193033695220947266e+00 6.029074668884277344e+00 5.426031589508056641e+00 6.903592109680175781e+00 5.772772312164306641e+00 4.732692718505859375e+00 4.820414543151855469e+00 5.928500175476074219e+00 5.726025104522705078e+00 7.054633617401123047e+00 5.893941402435302734e+00 4.926338195800781250e+00 5.662395477294921875e+00 5.352241039276123047e+00 5.569910049438476562e+00 6.832625389099121094e+00 6.029927730560302734e+00 4.962701797485351562e+00 5.743427276611328125e+00 6.085273265838623047e+00 5.127416133880615234e+00
3.950361251831054688e+00 3.678317308425903320e+00 3.539647579193115234e+00 0.000000000000000000e+00 3.637664794921875000e+00 3.603507518768310547e+00 7.196127891540527344e+00 4.615128993988037109e+00 6.394619464874267578e+00 4.888326644897460938e+00 5.888905525207519531e+00 5.626119613647460938e+00 6.442126750946044922e+00 5.330177307128906250e+00 5.569252014160156250e+00 4.057459831237792969e+00 5.680886745452880859e+00 5.298373222351074219e+00 7.617310523986816406e+00 6.314802169799804688e+00 6.827779769897460938e+00 4.732692718505859375e+00 6.382511138916015625e+00 6.409750461578369141e+00 7.292172431945800781e+00 5.859562873840332031e+00 6.444617748260498047e+00 4.926338195800781250e+00 5.223018169403076172e+00 5.689071655273437500e+00 7.037618637084960938e+00 5.949060916900634766e+00 6.428691387176513672e+00 4.962701797485351562e+00 5.924469947814941406e+00 5.202634334564208984e+00
4.630962848663330078e+00 4.063675880432128906e+00 4.397085189819335938e+00 3.637664794921875000e+00 0.000000000000000000e+00 3.915778875350952148e+00 7.750732898712158203e+00 5.170299053192138672e+00 7.081351757049560547e+00 6.291062831878662109e+00 4.888326644897460938e+00 6.037417888641357422e+00 6.690633296966552734e+00 5.368178844451904297e+00 5.936745166778564453e+00 5.207561969757080078e+00 4.057459831237792969e+00 5.276734352111816406e+00 7.665404319763183594e+00 6.144485950469970703e+00 6.951141834259033203e+00 5.524991035461425781e+00 4.732692718505859375e+00 6.190920352935791016e+00 8.320920944213867188e+00 6.894883155822753906e+00 7.652441024780273438e+00 6.908177375793457031e+00 4.926338195800781250e+00 6.703362941741943359e+00 7.624317169189453125e+00 6.413769245147705078e+00 7.134073257446289062e+00 6.373592853546142578e+00 4.962701797485351562e+00 5.672489166259765625e+00
4.468418598175048828e+00 3.685511827468872070e+00 4.047075271606445312e+00 3.603507518768310547e+00 3.915778875350952148e+00 0.000000000000000000e+00 7.834120750427246094e+00 5.155597209930419922e+00 7.068850040435791016e+00 6.489128589630126953e+00 6.481335163116455078e+00 4.888326168060302734e+00 6.872983455657958984e+00 5.462532043457031250e+00 6.020114421844482422e+00 5.551912784576416016e+00 5.979020118713378906e+00 4.057459831237792969e+00 7.528849601745605469e+00 5.850508689880371094e+00 6.690817832946777344e+00 5.448154926300048828e+00 6.093923568725585938e+00 4.732692718505859375e+00 7.900995731353759766e+00 6.267055988311767578e+00 7.090229034423828125e+00 6.491734981536865234e+00 5.853987693786621094e+00 4.926338195800781250e+00 8.027189254760742188e+00 6.781635761260986328e+00 7.464855194091796875e+00 6.939737319946289062e+00 6.909873008728027344e+00 4.962701797485351562e+00
4.888326644897460938e+00 8.491227149963378906e+00 6.974610805511474609e+00 7.196127891540527344e+00 7.750732898712158203e+00 7.834120750427246094e+00 0.000000000000000000e+00 4.449235439300537109e+00 4.114924907684326172e+00 3.950361251831054688e+00 4.630962848663330078e+00 4.468418598175048828e+00 4.205739021301269531e+00 7.408007144927978516e+00 5.918574810028076172e+00 6.011996269226074219e+00 6.856426715850830078e+00 6.660165309906005859e+00 3.511167526245117188e+00 6.667993068695068359e+00 5.361824989318847656e+00 4.494122505187988281e+00 5.795876979827880859e+00 5.957145690917968750e+00 4.275574207305908203e+00 7.051224231719970703e+00 5.870568275451660156e+00 5.733013153076171875e+00 5.561972618103027344e+00 6.129281044006347656e+00 4.487229347229003906e+00 7.501934051513671875e+00 6.305627346038818359e+00 6.223298549652099609e+00 6.652621746063232422e+00 6.145922183990478516e+00
3.909210443496704102e+00 4.888326168060302734e+00 4.687469005584716797e+00 4.615128993988037109e+00 5.170299053192138672e+00 5.155597209930419922e+00 4.449235439300537109e+00 0.000000000000000000e+00 4.320796012878417969e+00 3.678317308425903320e+00 4.063675880432128906e+00 3.685512065887451172e+00 4.482109069824218750e+00 4.205739021301269531e+00 4.401314258575439453e+00 4.083396911621093750e+00 4.968258857727050781e+00 4.536452770233154297e+00 4.448128700256347656e+00 3.511167526245117188e+00 4.260010719299316406e+00 2.404922962188720703e+00 4.040010929107666016e+00 4.094590187072753906e+00 5.141274452209472656e+00 4.275574207305908203e+00 4.955471515655517578e+00 4.375907897949218750e+00 3.789412975311279297e+00 4.420496463775634766e+00 4.856215953826904297e+00 4.487229347229003906e+00 5.014929771423339844e+00 4.506219863891601562e+00 4.793424606323242188e+00 3.878208398818969727e+00
5.745562553405761719e+00 7.947179794311523438e+00 4.888326644897460938e+00 6.394619464874267578e+00 7.081351757049560547e+00 7.068850040435791016e+00 4.114924907684326172e+00 4.320796012878417969e+00 0.000000000000000000e+00 3.539647579193115234e+00 4.397085189819335938e+00 4.047075271606445312e+00 5.849117279052734375e+00 7.303661346435546875e+00 4.205739021301269531e+00 5.714820861816406250e+00 6.670116424560546875e+00 6.353044986724853516e+00 5.456431865692138672e+00 6.621741771697998047e+00 3.511167526245117188e+00 4.199122428894042969e+00 5.656189441680908203e+00 5.693098545074462891e+00 5.996892929077148438e+00 7.024452209472656250e+00 4.275574207305908203e+00 5.526370525360107422e+00 5.438167095184326172e+00 5.893193244934082031e+00 5.862997055053710938e+00 7.242892742156982422e+00 4.487229347229003906e+00 5.741087913513183594e+00 6.281147480010986328e+00 5.611711502075195312e+00
5.217079639434814453e+00 7.317928314208984375e+00 5.653186798095703125e+00 4.888326644897460938e+00 6.291062831878662109e+00 6.489128589630126953e+00 3.950361251831054688e+00 3.678317308425903320e+00 3.539647579193115234e+00 0.000000000000000000e+00 3.637664794921875000e+00 3.603507757186889648e+00 5.517525672912597656e+00 6.764791011810302734e+00 5.270248413085937500e+00 4.205739021301269531e+00 5.995571136474609375e+00 5.875866413116455078e+00 5.972450733184814453e+00 6.777387142181396484e+00 5.664113521575927734e+00 3.511167526245117188e+00 5.754606723785400391e+00 6.020182132720947266e+00 5.907989501953125000e+00 6.668773174285888672e+00 5.574810981750488281e+00 4.275574684143066406e+00 4.872450828552246094e+00 5.621836662292480469e+00 5.722912311553955078e+00 6.857439517974853516e+00 5.689338684082031250e+00 4.487229347229003906e+00 5.749373912811279297e+00 5.272759914398193359e+00
5.532563209533691406e+00 7.354345798492431641e+00 6.026163578033447266e+00 5.888905525207519531e+00 4.888326644897460938e+00 6.481335163116455078e+00 4.630962848663330078e+00 4.063675880432128906e+00 4.397085189819335938e+00 3.637664794921875000e+00 0.000000000000000000e+00 3.915778875350952148e+00 5.590843677520751953e+00 6.612095355987548828e+00 5.436428546905517578e+00 5.088696002960205078e+00 4.205739021301269531e+00 5.643388748168945312e+00 5.827180862426757812e+00 6.431315898895263672e+00 5.597574234008789062e+00 4.243384361267089844e+00 3.511167526245117188e+00 5.571001529693603516e+00 6.965426445007324219e+00 7.431577682495117188e+00 6.756932258605957031e+00 6.267814636230468750e+00 4.275574207305908203e+00 6.459524631500244141e+00 6.237365245819091797e+00 7.093691825866699219e+00 6.283818244934082031e+00 5.803479194641113281e+00 4.487229347229003906e+00 5.519292831420898438e+00
5.133376598358154297e+00 6.955378532409667969e+00 5.529960155487060547e+00 5.626119613647460938e+00 6.037417888641357422e+00 4.888326168060302734e+00 4.468418598175048828e+00 3.685512065887451172e+00 4.047075271606445312e+00 3.603507757186889648e+00 3.915778875350952148e+00 0.000000000000000000e+00 5.563471317291259766e+00 6.477890968322753906e+00 5.270003795623779297e+00 5.178920745849609375e+00 5.847674369812011719e+00 4.205739021301269531e+00 5.394677639007568359e+00 5.920888900756835938e+00 5.000286102294921875e+00 3.792694807052612305e+00 4.928202629089355469e+00 3.511167526245117188e+00 6.239111423492431641e+00 6.647275447845458984e+00 5.881239891052246094e+00 5.561165809631347656e+00 5.049975872039794922e+00 4.275574207305908203e+00 6.513956546783447266e+00 7.238504886627197266e+00 6.444903850555419922e+00 6.199918746948242188e+00 6.361958503723144531e+00 4.487229347229003906e+00
4.057459831237792969e+00 6.875575542449951172e+00 6.387782573699951172e+00 6.442126750946044922e+00 6.690633296966552734e+00 6.872983455657958984e+00 4.205739021301269531e+00 4.482109069824218750e+00 5.849117279052734375e+00 5.517525672912597656e+00 5.590843677520751953e+00 5.563471317291259766e+00 0.000000000000000000e+00 4.449235439300537109e+00 4.114924907684326172e+00 3.950361490249633789e+00 4.630962848663330078e+00 4.468418598175048828e+00 4.005025386810302734e+00 5.547922134399414062e+00 5.661485671997070312e+00 4.588961124420166016e+00 5.424721240997314453e+00 5.700589179992675781e+00 4.705542087554931641e+00 6.015540122985839844e+00 6.157635688781738281e+00 5.820526599884033203e+00 5.188507080078125000e+00 5.892952442169189453e+00 4.351044654846191406e+00 6.138463497161865234e+00 6.176457405090332031e+00 5.888573646545410156e+00 5.931037425994873047e+00 5.464972496032714844e+00
5.024321556091308594e+00 4.057459831237792969e+00 5.614763259887695312e+00 5.330177307128906250e+00 5.368178844451904297e+00 5.462532043457031250e+00 7.408007144927978516e+00 4.205739021301269531e+00 7.303661346435546875e+00 6.764791011810302734e+00 6.612095355987548828e+00 6.477890968322753906e+00 4.449235439300537109e+00 0.000000000000000000e+00 4.320796012878417969e+00 3.678317070007324219e+00 4.063675880432128906e+00 3.685512065887451172e+00 6.394717693328857422e+00 4.005025386810302734e+00 6.232621669769287109e+00 4.903030872344970703e+00 5.436150074005126953e+00 5.582959651947021484e+00 6.905716896057128906e+00 4.705542087554931641e+00 6.738267898559570312e+00 6.128155708312988281e+00 5.266815662384033203e+00 5.839025020599365234e+00 6.306649208068847656e+00 4.351044654846191406e+00 6.397799491882324219e+00 5.800560474395751953e+00 5.593871116638183594e+00 4.952645778656005859e+00
5.097784996032714844e+00 6.224061965942382812e+00 4.057459831237792969e+00 5.569252014160156250e+00 5.936745166778564453e+00 6.020114421844482422e+00 5.918574810028076172e+00 4.401314258575439453e+00 4.205739021301269531e+00 5.270248413085937500e+00 5.436428546905517578e+00 5.270003795623779297e+00 4.114924907684326172e+00 4.320796012878417969e+00 0.000000000000000000e+00 3.539647817611694336e+00 4.397085189819335938e+00 4.047075271606445312e+00 5.821791648864746094e+00 5.529325008392333984e+00 4.005025386810302734e+00 4.347727298736572266e+00 5.313808441162109375e+00 5.461610317230224609e+00 6.342947959899902344e+00 6.018186092376708984e+00 4.705542087554931641e+00 5.653364658355712891e+00 5.095822334289550781e+00 5.683062076568603516e+00 5.794805526733398438e+00 5.854049682617187500e+00 4.351044654846191406e+00 5.414298057556152344e+00 5.548091411590576172e+00 4.898320674896240234e+00
4.757695674896240234e+00 5.619181632995605469e+00 5.193033695220947266e+00 4.057459831237792969e+00 5.207561969757080078e+00 5.551912784576416016e+00 6.011996269226074219e+00 4.083396911621093750e+00 5.714820861816406250e+00 4.205739021301269531e+00 5.088696002960205078e+00 5.178920745849609375e+00 3.950361490249633789e+00 3.678317070007324219e+00 3.539647817611694336e+00 0.000000000000000000e+00 3.637664794921875000e+00 3.603507518768310547e+00 6.498661994934082031e+00 5.924591541290283203e+00 6.183521270751953125e+00 4.005025386810302734e+00 5.639273643493652344e+00 6.008513927459716797e+00 6.451080322265625000e+00 5.812916278839111328e+00 6.114076137542724609e+00 4.705542087554931641e+00 4.751457691192626953e+00 5.622663497924804688e+00 5.865031242370605469e+00 5.592558860778808594e+00 5.797134399414062500e+00 4.351044654846191406e+00 5.179347515106201172e+00 4.769283771514892578e+00
5.572523593902587891e+00 6.093893051147460938e+00 6.029074668884277344e+00 5.680886745452880859e+00 4.057459831237792969e+00 5.979020118713378906e+00 6.856426715850830078e+00 4.968258857727050781e+00 6.670116424560546875e+00 5.995571136474609375e+00 4.205739021301269531e+00 5.847674369812011719e+00 4.630962848663330078e+00 4.063675880432128906e+00 4.397085189819335938e+00 3.637664794921875000e+00 0.000000000000000000e+00 3.915778875350952148e+00 6.748666286468505859e+00 5.962855815887451172e+00 6.520169734954833984e+00 5.171485424041748047e+00 4.005025386810302734e+00 5.993473052978515625e+00 7.762427806854248047e+00 7.040726184844970703e+00 7.548878192901611328e+00 6.940685749053955078e+00 4.705542087554931641e+00 6.838185310363769531e+00 6.751118659973144531e+00 6.292750358581542969e+00 6.763916969299316406e+00 6.123949050903320312e+00 4.351044654846191406e+00 5.516582489013671875e+00
5.061777591705322266e+00 5.500245094299316406e+00 5.426031589508056641e+00 5.298373222351074219e+00 5.276734352111816406e+00 4.057459831237792969e+00 6.660165309906005859e+00 4.536452770233154297e+00 6.353044986724853516e+00 5.875866413116455078e+00 5.643388748168945312e+00 4.205739021301269531e+00 4.468418598175048828e+00 3.685512065887451172e+00 4.047075271606445312e+00 3.603507518768310547e+00 3.915778875350952148e+00 0.000000000000000000e+00 6.286276817321777344e+00 5.298775196075439453e+00 5.916832923889160156e+00 4.684949874877929688e+00 5.179323196411132812e+00 4.005025386810302734e+00 7.034976959228515625e+00 6.111957550048828125e+00 6.689147949218750000e+00 6.216144084930419922e+00 5.309436798095703125e+00 4.705542087554931641e+00 6.923206806182861328e+00 6.363998889923095703e+00 6.828415870666503906e+00 6.409964561462402344e+00 6.172287940979003906e+00 4.351044654846191406e+00
4.732692718505859375e+00 7.633179664611816406e+00 6.903592109680175781e+00 7.617310523986816406e+00 7.665404319763183594e+00 7.528849601745605469e+00 3.511167526245117188e+00 4.448128700256347656e+00 5.456431865692138672e+00 5.972450733184814453e+00 5.827180862426757812e+00 5.394677639007568359e+00 4.005025386810302734e+00 6.394717693328857422e+00 5.821791648864746094e+00 6.498661994934082031e+00 6.748666286468505859e+00 6.286276817321777344e+00 0.000000000000000000e+00 4.449235439300537109e+00 4.114924907684326172e+00 3.950361251831054688e+00 4.630962848663330078e+00 4.468418598175048828e+00 4.090073585510253906e+00 5.985798358917236328e+00 5.781303405761718750e+00 6.249169349670410156e+00 5.437428474426269531e+00 5.729200363159179688e+00 4.372847080230712891e+00 6.551902294158935547e+00 6.265719413757324219e+00 6.741848468780517578e+00 6.589829921722412109e+00 5.793651580810546875e+00
5.111038684844970703e+00 4.732692718505859375e+00 5.772772312164306641e+00 6.314802169799804688e+00 6.144485950469970703e+00 5.850508689880371094e+00 6.667993068695068359e+00 3.511167526245117188e+00 6.621741771697998047e+00 6.777387142181396484e+00 6.431315898895263672e+00 5.920888900756835938e+00 5.547922134399414062e+00 4.005025386810302734e+00 5.529325008392333984e+00 5.924591541290283203e+00 5.962855815887451172e+00 5.298775196075439453e+00 4.449235439300537109e+00 0.000000000000000000e+00 4.320796012878417969e+00 3.678317308425903320e+00 4.063675880432128906e+00 3.685512065887451172e+00 6.100738525390625000e+00 4.090073585510253906e+00 5.987883567810058594e+00 6.137702941894531250e+00 5.032681465148925781e+00 5.209086894989013672e+00 5.908260345458984375e+00 4.372847080230712891e+00 6.081609249114990234e+00 6.274331569671630859e+00 5.872270107269287109e+00 4.813801765441894531e+00
5.567979335784912109e+00 6.986445426940917969e+00 4.732692718505859375e+00 6.827779769897460938e+00 6.951141834259033203e+00 6.690817832946777344e+00 5.361824989318847656e+00 4.260010719299316406e+00 3.511167526245117188e+00 5.664113521575927734e+00 5.597574234008789062e+00 5.000286102294921875e+00 5.661485671997070312e+00 6.232621669769287109e+00 4.005025386810302734e+00 6.183521270751953125e+00 6.520169734954833984e+00 5.916832923889160156e+00 4.114924907684326172e+00 4.320796012878417969e+00 0.000000000000000000e+00 3.539647579193115234e+00 4.397085189819335938e+00 4.047075271606445312e+00 5.822297096252441406e+00 5.911108493804931641e+00 4.090073585510253906e+00 6.017782688140869141e+00 5.262319564819335938e+00 5.428962230682373047e+00 5.731453418731689453e+00 6.212581634521484375e+00 4.372847080230712891e+00 6.258708953857421875e+00 6.173293590545654297e+00 5.174322605133056641e+00
4.240760803222656250e+00 5.655092239379882812e+00 4.820414543151855469e+00 4.732692718505859375e+00 5.524991035461425781e+00 5.448154926300048828e+00 4.494122505187988281e+00 2.404922962188720703e+00 4.199122428894042969e+00 3.511167526245117188e+00 4.243384361267089844e+00 3.792694807052612305e+00 4.588961124420166016e+00 4.903030872344970703e+00 4.347727298736572266e+00 4.005025386810302734e+00 5.171485424041748047e+00 4.684949874877929688e+00 3.950361251831054688e+00 3.678317308425903320e+00 3.539647579193115234e+00 0.000000000000000000e+00 3.637664794921875000e+00 3.603507757186889648e+00 5.061223983764648438e+00 4.779753208160400391e+00 4.722488403320312500e+00 4.090073585510253906e+00 3.825486898422241211e+00 4.373119831085205078e+00 4.899159908294677734e+00 5.092777252197265625e+00 4.912266254425048828e+00 4.372847080230712891e+00 4.948461055755615234e+00 3.982402086257934570e+00
5.378659248352050781e+00 6.330005168914794922e+00 5.928500175476074219e+00 6.382511138916015625e+00 4.732692718505859375e+00 6.093923568725585938e+00 5.795876979827880859e+00 4.040010929107666016e+00 5.656189441680908203e+00 5.754606723785400391e+00 3.511167526245117188e+00 4.928202629089355469e+00 5.424721240997314453e+00 5.436150074005126953e+00 5.313808441162109375e+00 5.639273643493652344e+00 4.005025386810302734e+00 5.179323196411132812e+00 4.630962848663330078e+00 4.063675880432128906e+00 4.397085189819335938e+00 3.637664794921875000e+00 0.000000000000000000e+00 3.915778875350952148e+00 6.839840412139892578e+00 6.415328502655029297e+00 6.665891647338867188e+00 6.729655742645263672e+00 4.090073585510253906e+00 6.066233634948730469e+00 6.140795230865478516e+00 6.065224170684814453e+00 6.229185104370117188e+00 6.342044830322265625e+00 4.372847080230712891e+00 5.106340885162353516e+00
5.295915126800537109e+00 6.142825603485107422e+00 5.726025104522705078e+00 6.409750461578369141e+00 6.190920352935791016e+00 4.732692718505859375e+00 5.957145690917968750e+00 4.094590187072753906e+00 5.693098545074462891e+00 6.020182132720947266e+00 5.571001529693603516e+00 3.511167526245117188e+00 5.700589179992675781e+00 5.582959651947021484e+00 5.461610317230224609e+00 6.008513927459716797e+00 5.993473052978515625e+00 4.005025386810302734e+00 4.468418598175048828e+00 3.685512065887451172e+00 4.047075271606445312e+00 3.603507757186889648e+00 3.915778875350952148e+00 0.000000000000000000e+00 6.369238376617431641e+00 5.786952018737792969e+00 6.061469078063964844e+00 6.348524093627929688e+00 5.227318286895751953e+00 4.090073585510253906e+00 6.679124832153320312e+00 6.498991489410400391e+00 6.650383949279785156e+00 6.953746318817138672e+00 6.544884681701660156e+00 4.372847080230712891e+00
4.926338195800781250e+00 7.799389362335205078e+00 7.054633617401123047e+00 7.292172431945800781e+00 8.320920944213867188e+00 7.900995731353759766e+00 4.275574207305908203e+00 5.141274452209472656e+00 5.996892929077148438e+00 5.907989501953125000e+00 6.965426445007324219e+00 6.239111423492431641e+00 4.705542087554931641e+00 6.905716896057128906e+00 6.342947959899902344e+00 6.451080322265625000e+00 7.762427806854248047e+00 7.034976959228515625e+00 4.090073585510253906e+00 6.100738525390625000e+00 5.822297096252441406e+00 5.061223983764648438e+00 6.839840412139892578e+00 6.369238376617431641e+00 0.000000000000000000e+00 4.449235439300537109e+00 4.114924907684326172e+00 3.950361251831054688e+00 4.630962848663330078e+00 4.468418598175048828e+00 4.664369583129882812e+00 6.801220417022705078e+00 6.490888118743896484e+00 6.431874752044677734e+00 7.393868446350097656e+00 6.330298900604248047e+00
5.224799633026123047e+00 4.926338195800781250e+00 5.893941402435302734e+00 5.859562873840332031e+00 6.894883155822753906e+00 6.267055988311767578e+00 7.051224231719970703e+00 4.275574207305908203e+00 7.024452209472656250e+00 6.668773174285888672e+00 7.431577682495117188e+00 6.647275447845458984e+00 6.015540122985839844e+00 4.705542087554931641e+00 6.018186092376708984e+00 5.812916278839111328e+00 7.040726184844970703e+00 6.111957550048828125e+00 5.985798358917236328e+00 4.090073585510253906e+00 5.911108493804931641e+00 4.779753208160400391e+00 6.415328502655029297e+00 5.786952018737792969e+00 4.449235439300537109e+00 0.000000000000000000e+00 4.320796012878417969e+00 3.678317308425903320e+00 4.063675880432128906e+00 3.685512065887451172e+00 6.070212364196777344e+00 4.664369583129882812e+00 6.258094787597656250e+00 5.881251335144042969e+00 6.710616588592529297e+00 5.383712291717529297e+00
5.712703704833984375e+00 7.151057720184326172e+00 4.926338195800781250e+00 6.444617748260498047e+00 7.652441024780273438e+00 7.090229034423828125e+00 5.870568275451660156e+00 4.955471515655517578e+00 4.275574207305908203e+00 5.574810981750488281e+00 6.756932258605957031e+00 5.881239891052246094e+00 6.157635688781738281e+00 6.738267898559570312e+00 4.705542087554931641e+00 6.114076137542724609e+00 7.548878192901611328e+00 6.689147949218750000e+00 5.781303405761718750e+00 5.987883567810058594e+00 4.090073585510253906e+00 4.722488403320312500e+00 6.665891647338867188e+00 6.061469078063964844e+00 4.114924907684326172e+00 4.320796012878417969e+00 0.000000000000000000e+00 3.539647579193115234e+00 4.397085189819335938e+00 4.047075271606445312e+00 5.936857223510742188e+00 6.456585407257080078e+00 4.664369583129882812e+00 5.903395175933837891e+00 7.008220672607421875e+00 5.748221874237060547e+00
5.154856204986572266e+00 6.423642158508300781e+00 5.662395477294921875e+00 4.926338195800781250e+00 6.908177375793457031e+00 6.491734981536865234e+00 5.733013153076171875e+00 4.375907897949218750e+00 5.526370525360107422e+00 4.275574684143066406e+00 6.267814636230468750e+00 5.561165809631347656e+00 5.820526599884033203e+00 6.128155708312988281e+00 5.653364658355712891e+00 4.705542087554931641e+00 6.940685749053955078e+00 6.216144084930419922e+00 6.249169349670410156e+00 6.137702941894531250e+00 6.017782688140869141e+00 4.090073585510253906e+00 6.729655742645263672e+00 6.348524093627929688e+00 3.950361251831054688e+00 3.678317308425903320e+00 3.539647579193115234e+00 0.000000000000000000e+00 3.637664794921875000e+00 3.603507757186889648e+00 5.775325775146484375e+00 5.998633861541748047e+00 5.806962966918945312e+00 4.664369583129882812e+00 6.515272617340087891e+00 5.392946720123291016e+00
4.710785865783691406e+00 5.833106040954589844e+00 5.352241039276123047e+00 5.223018169403076172e+00 4.926338195800781250e+00 5.853987693786621094e+00 5.561972618103027344e+00 3.789412975311279297e+00 5.438167095184326172e+00 4.872450828552246094e+00 4.275574207305908203e+00 5.049975872039794922e+00 5.188507080078125000e+00 5.266815662384033203e+00 5.095822334289550781e+00 4.751457691192626953e+00 4.705542087554931641e+00 5.309436798095703125e+00 5.437428474426269531e+00 5.032681465148925781e+00 5.262319564819335938e+00 3.825486898422241211e+00 4.090073585510253906e+00 5.227318286895751953e+00 4.630962848663330078e+00 4.063675880432128906e+00 4.397085189819335938e+00 3.637664794921875000e+00 0.000000000000000000e+00 3.915778636932373047e+00 5.633385181427001953e+00 5.613130092620849609e+00 5.750326156616210938e+00 5.246820449829101562e+00 4.664369583129882812e+00 4.896131992340087891e+00
5.103470802307128906e+00 6.035529613494873047e+00 5.569910049438476562e+00 5.689071655273437500e+00 6.703362941741943359e+00 4.926338195800781250e+00 6.129281044006347656e+00 4.420496463775634766e+00 5.893193244934082031e+00 5.621836662292480469e+00 6.459524631500244141e+00 4.275574207305908203e+00 5.892952442169189453e+00 5.839025020599365234e+00 5.683062076568603516e+00 5.622663497924804688e+00 6.838185310363769531e+00 4.705542087554931641e+00 5.729200363159179688e+00 5.209086894989013672e+00 5.428962230682373047e+00 4.373119831085205078e+00 6.066233634948730469e+00 4.090073585510253906e+00 4.468418598175048828e+00 3.685512065887451172e+00 4.047075271606445312e+00 3.603507757186889648e+00 3.915778636932373047e+00 0.000000000000000000e+00 6.585858345031738281e+00 6.457114696502685547e+00 6.574820518493652344e+00 6.356048107147216797e+00 7.085706233978271484e+00 4.664369583129882812e+00
4.962701797485351562e+00 7.515685081481933594e+00 6.832625389099121094e+00 7.037618637084960938e+00 7.624317169189453125e+00 8.027189254760742188e+00 4.487229347229003906e+00 4.856215953826904297e+00 5.862997055053710938e+00 5.722912311553955078e+00 6.237365245819091797e+00 6.513956546783447266e+00 4.351044654846191406e+00 6.306649208068847656e+00 5.794805526733398438e+00 5.865031242370605469e+00 6.751118659973144531e+00 6.923206806182861328e+00 4.372847080230712891e+00 5.908260345458984375e+00 5.731453418731689453e+00 4.899159908294677734e+00 6.140795230865478516e+00 6.679124832153320312e+00 4.664369583129882812e+00 6.070212364196777344e+00 5.936857223510742188e+00 5.775325775146484375e+00 5.633385181427001953e+00 6.585858345031738281e+00 0.000000000000000000e+00 4.449235439300537109e+00 4.114924907684326172e+00 3.950361490249633789e+00 4.630962848663330078e+00 4.468418598175048828e+00
5.688821792602539062e+00 4.962701797485351562e+00 6.029927730560302734e+00 5.949060916900634766e+00 6.413769245147705078e+00 6.781635761260986328e+00 7.501934051513671875e+00 4.487229347229003906e+00 7.242892742156982422e+00 6.857439517974853516e+00 7.093691825866699219e+00 7.238504886627197266e+00 6.138463497161865234e+00 4.351044654846191406e+00 5.854049682617187500e+00 5.592558860778808594e+00 6.292750358581542969e+00 6.363998889923095703e+00 6.551902294158935547e+00 4.372847080230712891e+00 6.212581634521484375e+00 5.092777252197265625e+00 6.065224170684814453e+00 6.498991489410400391e+00 6.801220417022705078e+00 4.664369583129882812e+00 6.456585407257080078e+00 5.998633861541748047e+00 5.613130092620849609e+00 6.457114696502685547e+00 4.449235439300537109e+00 0.000000000000000000e+00 4.320796012878417969e+00 3.678317308425903320e+00 4.063675880432128906e+00 3.685512065887451172e+00
6.036328792572021484e+00 7.087689876556396484e+00 4.962701797485351562e+00 6.428691387176513672e+00 7.134073257446289062e+00 7.464855194091796875e+00 6.305627346038818359e+00 5.014929771423339844e+00 4.487229347229003906e+00 5.689338684082031250e+00 6.283818244934082031e+00 6.444903850555419922e+00 6.176457405090332031e+00 6.397799491882324219e+00 4.351044654846191406e+00 5.797134399414062500e+00 6.763916969299316406e+00 6.828415870666503906e+00 6.265719413757324219e+00 6.081609249114990234e+00 4.372847080230712891e+00 4.912266254425048828e+00 6.229185104370117188e+00 6.650383949279785156e+00 6.490888118743896484e+00 6.258094787597656250e+00 4.664369583129882812e+00 5.806962966918945312e+00 5.750326156616210938e+00 6.574820518493652344e+00 4.114924907684326172e+00 4.320796012878417969e+00 0.000000000000000000e+00 3.539647579193115234e+00 4.397085189819335938e+00 4.047075271606445312e+00
5.562324523925781250e+00 6.397306919097900391e+00 5.743427276611328125e+00 4.962701797485351562e+00 6.373592853546142578e+00 6.939737319946289062e+00 6.223298549652099609e+00 4.506219863891601562e+00 5.741087913513183594e+00 4.487229347229003906e+00 5.803479194641113281e+00 6.199918746948242188e+00 5.888573646545410156e+00 5.800560474395751953e+00 5.414298057556152344e+00 4.351044654846191406e+00 6.123949050903320312e+00 6.409964561462402344e+00 6.741848468780517578e+00 6.274331569671630859e+00 6.258708953857421875e+00 4.372847080230712891e+00 6.342044830322265625e+00 6.953746318817138672e+00 6.431874752044677734e+00 5.881251335144042969e+00 5.903395175933837891e+00 4.664369583129882812e+00 5.246820449829101562e+00 6.356048107147216797e+00 3.950361490249633789e+00 3.678317308425903320e+00 3.539647579193115234e+00 0.000000000000000000e+00 3.637664794921875000e+00 3.603507757186889648e+00
5.832516670227050781e+00 6.414616584777832031e+00 6.085273265838623047e+00 5.924469947814941406e+00 4.962701797485351562e+00 6.909873008728027344e+00 6.652621746063232422e+00 4.793424606323242188e+00 6.281147480010986328e+00 5.749373912811279297e+00 4.487229347229003906e+00 6.361958503723144531e+00 5.931037425994873047e+00 5.593871116638183594e+00 5.548091411590576172e+00 5.179347515106201172e+00 4.351044654846191406e+00 6.172287940979003906e+00 6.589829921722412109e+00 5.872270107269287109e+00 6.173293590545654297e+00 4.948461055755615234e+00 4.372847080230712891e+00 6.544884681701660156e+00 7.393868446350097656e+00 6.710616588592529297e+00 7.008220672607421875e+00 6.515272617340087891e+00 4.664369583129882812e+00 7.085706233978271484e+00 4.630962848663330078e+00 4.063675880432128906e+00 4.397085189819335938e+00 3.637664794921875000e+00 0.000000000000000000e+00 3.915778875350952148e+00
4.975398063659667969e+00 5.516541957855224609e+00 5.127416133880615234e+00 5.202634334564208984e+00 5.672489166259765625e+00 4.962701797485351562e+00 6.145922183990478516e+00 3.878208398818969727e+00 5.611711502075195312e+00 5.272759914398193359e+00 5.519292831420898438e+00 4.487229347229003906e+00 5.464972496032714844e+00 4.952645778656005859e+00 4.898320674896240234e+00 4.769283771514892578e+00 5.516582489013671875e+00 4.351044654846191406e+00 5.793651580810546875e+00 4.813801765441894531e+00 5.174322605133056641e+00 3.982402086257934570e+00 5.106340885162353516e+00 4.372847080230712891e+00 6.330298900604248047e+00 5.383712291717529297e+00 5.748221874237060547e+00 5.392946720123291016e+00 4.896131992340087891e+00 4.664369583129882812e+00 4.468418598175048828e+00 3.685512065887451172e+00 4.047075271606445312e+00 3.603507757186889648e+00 3.915778875350952148e+00 0.000000000000000000e+00
