0.000000000000000000e+00 4.920547008514404297e+00 4.334825038909912109e+00 4.860962867736816406e+00 5.232771396636962891e+00 5.114163398742675781e+00 5.596240520477294922e+00 5.291165351867675781e+00 6.730247974395751953e+00 6.738102436065673828e+00 6.607122421264648438e+00 6.619179725646972656e+00 4.611353874206542969e+00 6.082497119903564453e+00 5.889196872711181641e+00 5.918424606323242188e+00 6.541939735412597656e+00 6.395644187927246094e+00 5.606855392456054688e+00 6.602159500122070312e+00 6.697867870330810547e+00 5.584398746490478516e+00 6.614140033721923828e+00 7.260001659393310547e+00 5.610713005065917969e+00 6.243922710418701172e+00 6.610507965087890625e+00 6.637609481811523438e+00 6.133808135986328125e+00 6.890319824218750000e+00 4.956204891204833984e+00 5.721124649047851562e+00 5.716593742370605469e+00 6.214339256286621094e+00 6.254211902618408203e+00 6.083892345428466797e+00
4.920547008514404297e+00 0.000000000000000000e+00 4.431041717529296875e+00 4.890623092651367188e+00 4.736445903778076172e+00 4.507952213287353516e+00 9.113887786865234375e+00 5.596240520477294922e+00 8.583293914794921875e+00 8.557132720947265625e+00 8.138755798339843750e+00 8.094058036804199219e+00 7.345472812652587891e+00 4.611353874206542969e+00 6.633675575256347656e+00 6.617897510528564453e+00 6.806510448455810547e+00 6.599305152893066406e+00 8.228529930114746094e+00 5.606854915618896484e+00 7.600326061248779297e+00 6.598092555999755859e+00 7.131547451019287109e+00 7.676893234252929688e+00 8.508653640747070312e+00 5.610712528228759766e+00 7.826081752777099609e+00 7.813603878021240234e+00 7.027157783508300781e+00 7.638638496398925781e+00 8.051101684570312500e+00 4.956204891204833984e+00 7.040408611297607422e+00 7.412943363189697266e+00 7.086019515991210938e+00 6.872059822082519531e+00
4.334825038909912109e+00 4.431041717529296875e+00 0.000000000000000000e+00 4.440747737884521484e+00 4.721147537231445312e+00 4.967823982238769531e+00 7.410869598388671875e+00 5.313299655914306641e+00 5.596240520477294922e+00 6.804827690124511719e+00 6.585877418518066406e+00 6.866623401641845703e+00 6.740025043487548828e+00 6.147500991821289062e+00 4.611353874206542969e+00 6.040834426879882812e+00 6.563303947448730469e+00 6.693394660949707031e+00 7.456113338470458984e+00 6.661602973937988281e+00 5.606855392456054688e+00 5.713394165039062500e+00 6.634778499603271484e+00 7.523186683654785156e+00 7.539415359497070312e+00 6.401631832122802734e+00 5.610712528228759766e+00 6.835285186767578125e+00 6.253233432769775391e+00 7.250731468200683594e+00 7.350503444671630859e+00 6.231278896331787109e+00 4.956204891204833984e+00 6.736803531646728516e+00 6.685636520385742188e+00 6.798057556152343750e+00
4.860962867736816406e+00 4.890623092651367188e+00 4.440747737884521484e+00 0.000000000000000000e+00 4.800482749938964844e+00 5.408817291259765625e+00 8.030673027038574219e+00 6.103087902069091797e+00 7.467973232269287109e+00 5.596240520477294922e+00 6.990110874176025391e+00 7.513921737670898438e+00 7.399955749511718750e+00 6.824146747589111328e+00 6.743735313415527344e+00 4.611353874206542969e+00 6.951655387878417969e+00 7.339666366577148438e+00 8.885160446166992188e+00 8.196047782897949219e+00 8.346930503845214844e+00 5.606854915618896484e+00 7.955492973327636719e+00 8.926845550537109375e+00 8.133896827697753906e+00 7.052955150604248047e+00 7.461873531341552734e+00 5.610712528228759766e+00 6.658644199371337891e+00 7.850372791290283203e+00 7.600516796112060547e+00 6.481711387634277344e+00 6.571444988250732422e+00 4.956204891204833984e+00 6.659791946411132812e+00 7.049064159393310547e+00
5.232771396636962891e+00 4.736445903778076172e+00 4.721147537231445312e+00 4.800482749938964844e+00 0.000000000000000000e+00 5.463409423828125000e+00 8.587521553039550781e+00 6.423728942871093750e+00 7.990024566650390625e+00 7.737145900726318359e+00 5.596240520477294922e+00 7.909073352813720703e+00 7.382139682769775391e+00 6.408464908599853516e+00 6.635561466217041016e+00 6.347671031951904297e+00 4.611354351043701172e+00 7.102672100067138672e+00 8.595962524414062500e+00 7.542049407958984375e+00 7.964409828186035156e+00 6.758183002471923828e+00 5.606854915618896484e+00 8.454210281372070312e+00 8.949880599975585938e+00 7.645069599151611328e+00 8.272589683532714844e+00 8.044371604919433594e+00 5.610712528228759766e+00 8.509351730346679688e+00 8.048388481140136719e+00 6.616954803466796875e+00 7.000618457794189453e+00 7.131926536560058594e+00 4.956204891204833984e+00 7.317008972167968750e+00
5.114163398742675781e+00 4.507952213287353516e+00 4.967823982238769531e+00 5.408817291259765625e+00 5.463409423828125000e+00 0.000000000000000000e+00 8.433956146240234375e+00 6.145349025726318359e+00 8.052567481994628906e+00 8.042847633361816406e+00 7.731755733489990234e+00 5.596240997314453125e+00 7.343993186950683594e+00 6.294569492340087891e+00 6.861938476562500000e+00 6.867974758148193359e+00 7.195755481719970703e+00 4.611353874206542969e+00 7.904134273529052734e+00 6.676990985870361328e+00 7.458810806274414062e+00 6.457221031188964844e+00 7.148262023925781250e+00 5.606854915618896484e+00 8.233652114868164062e+00 6.727159023284912109e+00 7.729530334472656250e+00 7.735790729522705078e+00 7.088639259338378906e+00 5.610712528228759766e+00 8.026425361633300781e+00 6.522728919982910156e+00 7.229999065399169922e+00 7.612439632415771484e+00 7.435522556304931641e+00 4.956204891204833984e+00
5.596240520477294922e+00 9.113887786865234375e+00 7.410869598388671875e+00 8.030673027038574219e+00 8.587521553039550781e+00 8.433956146240234375e+00 0.000000000000000000e+00 4.920547485351562500e+00 4.334825038909912109e+00 4.860963344573974609e+00 5.232771396636962891e+00 5.114163398742675781e+00 5.178901672363281250e+00 8.371766090393066406e+00 6.712037563323974609e+00 7.080185413360595703e+00 7.962357044219970703e+00 7.753691196441650391e+00 4.743606090545654297e+00 7.885857582092285156e+00 6.382693767547607422e+00 5.638734340667724609e+00 7.060987949371337891e+00 7.578366279602050781e+00 4.787886142730712891e+00 7.613381862640380859e+00 6.320992946624755859e+00 6.711666584014892578e+00 6.641768932342529297e+00 7.251159191131591797e+00 4.194828510284423828e+00 7.300489902496337891e+00 5.524892807006835938e+00 6.418370723724365234e+00 6.869753837585449219e+00 6.611007213592529297e+00
5.291165351867675781e+00 5.596240520477294922e+00 5.313299655914306641e+00 6.103087902069091797e+00 6.423728942871093750e+00 6.145349025726318359e+00 4.920547485351562500e+00 0.000000000000000000e+00 4.431041240692138672e+00 4.890623092651367188e+00 4.736445426940917969e+00 4.507952213287353516e+00 5.655009746551513672e+00 5.178901195526123047e+00 5.180849552154541016e+00 5.600409030914306641e+00 6.276741981506347656e+00 5.935741901397705078e+00 5.589313030242919922e+00 4.743606090545654297e+00 5.109700679779052734e+00 4.075706958770751953e+00 5.425533771514892578e+00 6.010444164276123047e+00 6.025586605072021484e+00 4.787886142730712891e+00 5.474525451660156250e+00 5.874329566955566406e+00 5.323266983032226562e+00 5.993190288543701172e+00 5.506323814392089844e+00 4.194828510284423828e+00 4.458597660064697266e+00 5.476854324340820312e+00 5.545878410339355469e+00 5.136497497558593750e+00
6.730247974395751953e+00 8.583293914794921875e+00 5.596240520477294922e+00 7.467973232269287109e+00 7.990024566650390625e+00 8.052567481994628906e+00 4.334825038909912109e+00 4.431041240692138672e+00 0.000000000000000000e+00 4.440747737884521484e+00 4.721147537231445312e+00 4.967823982238769531e+00 6.794997692108154297e+00 8.128289222717285156e+00 5.178901672363281250e+00 6.839632987976074219e+00 7.672466754913330078e+00 7.694454193115234375e+00 6.468865394592285156e+00 7.626454830169677734e+00 4.743606090545654297e+00 5.332946777343750000e+00 6.731910705566406250e+00 7.517311096191406250e+00 6.593494415283203125e+00 7.426003932952880859e+00 4.787886142730712891e+00 6.549606800079345703e+00 6.385925769805908203e+00 7.270730018615722656e+00 6.500010967254638672e+00 7.387986660003662109e+00 4.194828510284423828e+00 6.568836688995361328e+00 6.925583839416503906e+00 6.934902667999267578e+00
6.738102436065673828e+00 8.557132720947265625e+00 6.804827690124511719e+00 5.596240520477294922e+00 7.737145900726318359e+00 8.042847633361816406e+00 4.860963344573974609e+00 4.890623092651367188e+00 4.440747737884521484e+00 0.000000000000000000e+00 4.800482749938964844e+00 5.408817768096923828e+00 7.125372409820556641e+00 8.373399734497070312e+00 6.804552555084228516e+00 5.178901672363281250e+00 7.706025600433349609e+00 7.971282005310058594e+00 7.776001930236816406e+00 8.730898857116699219e+00 7.483566284179687500e+00 4.743606090545654297e+00 7.736649036407470703e+00 8.652613639831542969e+00 6.932473182678222656e+00 7.692616462707519531e+00 6.510824680328369141e+00 4.787886142730712891e+00 6.425121784210205078e+00 7.562161922454833984e+00 6.423054695129394531e+00 7.282419681549072266e+00 5.611065387725830078e+00 4.194828510284423828e+00 6.548765659332275391e+00 6.843692302703857422e+00
6.607122421264648438e+00 8.138755798339843750e+00 6.585877418518066406e+00 6.990110874176025391e+00 5.596240520477294922e+00 7.731755733489990234e+00 5.232771396636962891e+00 4.736445426940917969e+00 4.721147537231445312e+00 4.800482749938964844e+00 0.000000000000000000e+00 5.463409423828125000e+00 6.708702564239501953e+00 7.688457489013671875e+00 6.273256778717041016e+00 6.352044582366943359e+00 5.178901672363281250e+00 7.390377521514892578e+00 7.064688205718994141e+00 7.773996353149414062e+00 6.653078079223632812e+00 5.589018344879150391e+00 4.743606090545654297e+00 7.819971561431884766e+00 7.516541957855224609e+00 7.897997856140136719e+00 7.046000957489013672e+00 7.117217540740966797e+00 4.787886142730712891e+00 7.903551578521728516e+00 6.539376735687255859e+00 7.021697998046875000e+00 5.639852523803710938e+00 6.196459770202636719e+00 4.194828510284423828e+00 6.721945285797119141e+00
6.619179725646972656e+00 8.094058036804199219e+00 6.866623401641845703e+00 7.513921737670898438e+00 7.909073352813720703e+00 5.596240997314453125e+00 5.114163398742675781e+00 4.507952213287353516e+00 4.967823982238769531e+00 5.408817768096923828e+00 5.463409423828125000e+00 0.000000000000000000e+00 6.769906044006347656e+00 7.684547424316406250e+00 6.617852687835693359e+00 6.972181797027587891e+00 7.663030147552490234e+00 5.178901195526123047e+00 6.315163135528564453e+00 7.037145614624023438e+00 6.152411937713623047e+00 5.352241039276123047e+00 6.599191665649414062e+00 4.743606090545654297e+00 6.751128673553466797e+00 7.111444950103759766e+00 6.507129669189453125e+00 6.868189334869384766e+00 6.563478946685791016e+00 4.787886142730712891e+00 6.617937564849853516e+00 7.032271862030029297e+00 6.038117408752441406e+00 6.845996856689453125e+00 7.050270557403564453e+00 4.194828510284423828e+00
4.611353874206542969e+00 7.345472812652587891e+00 6.740025043487548828e+00 7.399955749511718750e+00 7.382139682769775391e+00 7.343993186950683594e+00 5.178901672363281250e+00 5.655009746551513672e+00 6.794997692108154297e+00 7.125372409820556641e+00 6.708702564239501953e+00 6.769906044006347656e+00 0.000000000000000000e+00 4.920547485351562500e+00 4.334825038909912109e+00 4.860963344573974609e+00 5.232770919799804688e+00 5.114163398742675781e+00 5.013793468475341797e+00 6.765309333801269531e+00 6.628377437591552734e+00 5.895134449005126953e+00 6.580095291137695312e+00 7.274882316589355469e+00 5.292631149291992188e+00 6.633099555969238281e+00 6.753023147583007812e+00 7.103204727172851562e+00 6.324947834014892578e+00 7.107977390289306641e+00 4.538111209869384766e+00 6.102569103240966797e+00 5.838029384613037109e+00 6.671904087066650391e+00 6.402746677398681641e+00 6.289611816406250000e+00
6.082497119903564453e+00 4.611353874206542969e+00 6.147500991821289062e+00 6.824146747589111328e+00 6.408464908599853516e+00 6.294569492340087891e+00 8.371766090393066406e+00 5.178901195526123047e+00 8.128289222717285156e+00 8.373399734497070312e+00 7.688457489013671875e+00 7.684547424316406250e+00 4.920547485351562500e+00 0.000000000000000000e+00 4.431041717529296875e+00 4.890623092651367188e+00 4.736445903778076172e+00 4.507952213287353516e+00 7.275328636169433594e+00 5.013793468475341797e+00 6.954086303710937500e+00 6.214686393737792969e+00 6.475351810455322266e+00 7.118383884429931641e+00 7.774924755096435547e+00 5.292631149291992188e+00 7.394082546234130859e+00 7.679222583770751953e+00 6.578959941864013672e+00 7.274340152740478516e+00 7.236789703369140625e+00 4.538111209869384766e+00 6.518504619598388672e+00 7.236602306365966797e+00 6.603944301605224609e+00 6.425813198089599609e+00
5.889196872711181641e+00 6.633675575256347656e+00 4.611353874206542969e+00 6.743735313415527344e+00 6.635561466217041016e+00 6.861938476562500000e+00 6.712037563323974609e+00 5.180849552154541016e+00 5.178901672363281250e+00 6.804552555084228516e+00 6.273256778717041016e+00 6.617852687835693359e+00 4.334825038909912109e+00 4.431041717529296875e+00 0.000000000000000000e+00 4.440747737884521484e+00 4.721147537231445312e+00 4.967823982238769531e+00 6.627388477325439453e+00 6.417569160461425781e+00 5.013793468475341797e+00 5.553136348724365234e+00 6.180489063262939453e+00 7.172305583953857422e+00 6.928346157073974609e+00 6.373357772827148438e+00 5.292631149291992188e+00 6.909856319427490234e+00 6.009296417236328125e+00 7.088531970977783203e+00 6.684888839721679688e+00 6.161676883697509766e+00 4.538111209869384766e+00 6.775556087493896484e+00 6.419118404388427734e+00 6.586835861206054688e+00
5.918424606323242188e+00 6.617897510528564453e+00 6.040834426879882812e+00 4.611353874206542969e+00 6.347671031951904297e+00 6.867974758148193359e+00 7.080185413360595703e+00 5.600409030914306641e+00 6.839632987976074219e+00 5.178901672363281250e+00 6.352044582366943359e+00 6.972181797027587891e+00 4.860963344573974609e+00 4.890623092651367188e+00 4.440747737884521484e+00 0.000000000000000000e+00 4.800482749938964844e+00 5.408817768096923828e+00 7.923482418060302734e+00 7.712995529174804688e+00 7.673292160034179688e+00 5.013793468475341797e+00 7.278385162353515625e+00 8.368933677673339844e+00 7.268171310424804688e+00 6.699986457824707031e+00 6.907840251922607422e+00 5.292631149291992188e+00 6.070675849914550781e+00 7.403336048126220703e+00 6.628162384033203125e+00 6.054491996765136719e+00 5.892472743988037109e+00 4.538111209869384766e+00 6.030507087707519531e+00 6.509146213531494141e+00
6.541939735412597656e+00 6.806510448455810547e+00 6.563303947448730469e+00 6.951655387878417969e+00 4.611354351043701172e+00 7.195755481719970703e+00 7.962357044219970703e+00 6.276741981506347656e+00 7.672466754913330078e+00 7.706025600433349609e+00 5.178901672363281250e+00 7.663030147552490234e+00 5.232770919799804688e+00 4.736445903778076172e+00 4.721147537231445312e+00 4.800482749938964844e+00 0.000000000000000000e+00 5.463409423828125000e+00 7.857631206512451172e+00 7.294785499572753906e+00 7.527036190032958984e+00 6.587156772613525391e+00 5.013793468475341797e+00 8.114213943481445312e+00 8.413246154785156250e+00 7.590060234069824219e+00 8.030611991882324219e+00 8.078370094299316406e+00 5.292631149291992188e+00 8.343045234680175781e+00 7.413334846496582031e+00 6.514956951141357422e+00 6.675499916076660156e+00 7.135205268859863281e+00 4.538111209869384766e+00 7.087636470794677734e+00
6.395644187927246094e+00 6.599305152893066406e+00 6.693394660949707031e+00 7.339666366577148438e+00 7.102672100067138672e+00 4.611353874206542969e+00 7.753691196441650391e+00 5.935741901397705078e+00 7.694454193115234375e+00 7.971282005310058594e+00 7.390377521514892578e+00 5.178901195526123047e+00 5.114163398742675781e+00 4.507952213287353516e+00 4.967823982238769531e+00 5.408817768096923828e+00 5.463409423828125000e+00 0.000000000000000000e+00 7.047102451324462891e+00 6.344141006469726562e+00 6.942105293273925781e+00 6.224774360656738281e+00 6.643303394317626953e+00 5.013793468475341797e+00 7.603280544281005859e+00 6.614463806152343750e+00 7.425304889678955078e+00 7.728202819824218750e+00 6.790815830230712891e+00 5.292631149291992188e+00 7.344318389892578125e+00 6.367188930511474609e+00 6.867390155792236328e+00 7.571692943572998047e+00 7.117022037506103516e+00 4.538111209869384766e+00
5.606855392456054688e+00 8.228529930114746094e+00 7.456113338470458984e+00 8.885160446166992188e+00 8.595962524414062500e+00 7.904134273529052734e+00 4.743606090545654297e+00 5.589313030242919922e+00 6.468865394592285156e+00 7.776001930236816406e+00 7.064688205718994141e+00 6.315163135528564453e+00 5.013793468475341797e+00 7.275328636169433594e+00 6.627388477325439453e+00 7.923482418060302734e+00 7.857631206512451172e+00 7.047102451324462891e+00 0.000000000000000000e+00 4.920547485351562500e+00 4.334825038909912109e+00 4.860962867736816406e+00 5.232771396636962891e+00 5.114163398742675781e+00 5.080289840698242188e+00 6.736164093017578125e+00 6.587424278259277344e+00 7.890969276428222656e+00 6.857457637786865234e+00 6.832979679107666016e+00 4.861840248107910156e+00 6.623056888580322266e+00 6.092541217803955078e+00 7.846771717071533203e+00 7.297983646392822266e+00 6.400869846343994141e+00
6.602159500122070312e+00 5.606854915618896484e+00 6.661602973937988281e+00 8.196047782897949219e+00 7.542049407958984375e+00 6.676990985870361328e+00 7.885857582092285156e+00 4.743606090545654297e+00 7.626454830169677734e+00 8.730898857116699219e+00 7.773996353149414062e+00 7.037145614624023438e+00 6.765309333801269531e+00 5.013793468475341797e+00 6.417569160461425781e+00 7.712995529174804688e+00 7.294785499572753906e+00 6.344141006469726562e+00 4.920547485351562500e+00 0.000000000000000000e+00 4.431041240692138672e+00 4.890623092651367188e+00 4.736445903778076172e+00 4.507952213287353516e+00 7.393669605255126953e+00 5.080289840698242188e+00 6.991624355316162109e+00 8.197672843933105469e+00 6.835346698760986328e+00 6.745502471923828125e+00 7.199559688568115234e+00 4.861839771270751953e+00 6.476640701293945312e+00 8.114520072937011719e+00 7.231664657592773438e+00 6.254797458648681641e+00
6.697867870330810547e+00 7.600326061248779297e+00 5.606855392456054688e+00 8.346930503845214844e+00 7.964409828186035156e+00 7.458810806274414062e+00 6.382693767547607422e+00 5.109700679779052734e+00 4.743606090545654297e+00 7.483566284179687500e+00 6.653078079223632812e+00 6.152411937713623047e+00 6.628377437591552734e+00 6.954086303710937500e+00 5.013793468475341797e+00 7.673292160034179688e+00 7.527036190032958984e+00 6.942105293273925781e+00 4.334825038909912109e+00 4.431041240692138672e+00 0.000000000000000000e+00 4.440747737884521484e+00 4.721147537231445312e+00 4.967823982238769531e+00 6.768008708953857422e+00 6.481060504913330078e+00 5.080289840698242188e+00 7.717808246612548828e+00 6.567948818206787109e+00 6.813231468200683594e+00 6.909220218658447266e+00 6.678050518035888672e+00 4.861840248107910156e+00 7.935504436492919922e+00 7.312798976898193359e+00 6.693643569946289062e+00
5.584398746490478516e+00 6.598092555999755859e+00 5.713394165039062500e+00 5.606854915618896484e+00 6.758183002471923828e+00 6.457221031188964844e+00 5.638734340667724609e+00 4.075706958770751953e+00 5.332946777343750000e+00 4.743606090545654297e+00 5.589018344879150391e+00 5.352241039276123047e+00 5.895134449005126953e+00 6.214686393737792969e+00 5.553136348724365234e+00 5.013793468475341797e+00 6.587156772613525391e+00 6.224774360656738281e+00 4.860962867736816406e+00 4.890623092651367188e+00 4.440747737884521484e+00 0.000000000000000000e+00 4.800482749938964844e+00 5.408817291259765625e+00 6.050555706024169922e+00 5.679193019866943359e+00 5.612006187438964844e+00 5.080289840698242188e+00 5.464281558990478516e+00 6.079569816589355469e+00 5.741174221038818359e+00 5.409799098968505859e+00 4.872702598571777344e+00 4.861840248107910156e+00 5.883700370788574219e+00 5.455859184265136719e+00
6.614140033721923828e+00 7.131547451019287109e+00 6.634778499603271484e+00 7.955492973327636719e+00 5.606854915618896484e+00 7.148262023925781250e+00 7.060987949371337891e+00 5.425533771514892578e+00 6.731910705566406250e+00 7.736649036407470703e+00 4.743606090545654297e+00 6.599191665649414062e+00 6.580095291137695312e+00 6.475351810455322266e+00 6.180489063262939453e+00 7.278385162353515625e+00 5.013793468475341797e+00 6.643303394317626953e+00 5.232771396636962891e+00 4.736445903778076172e+00 4.721147537231445312e+00 4.800482749938964844e+00 0.000000000000000000e+00 5.463409423828125000e+00 7.704398632049560547e+00 7.054399967193603516e+00 7.284174919128417969e+00 8.237085342407226562e+00 5.080289840698242188e+00 7.519993782043457031e+00 6.984139919281005859e+00 6.312356472015380859e+00 6.194870471954345703e+00 7.664614677429199219e+00 4.861840248107910156e+00 6.513381481170654297e+00
7.260001659393310547e+00 7.676893234252929688e+00 7.523186683654785156e+00 8.926845550537109375e+00 8.454210281372070312e+00 5.606854915618896484e+00 7.578366279602050781e+00 6.010444164276123047e+00 7.517311096191406250e+00 8.652613639831542969e+00 7.819971561431884766e+00 4.743606090545654297e+00 7.274882316589355469e+00 7.118383884429931641e+00 7.172305583953857422e+00 8.368933677673339844e+00 8.114213943481445312e+00 5.013793468475341797e+00 5.114163398742675781e+00 4.507952213287353516e+00 4.967823982238769531e+00 5.408817291259765625e+00 5.463409423828125000e+00 0.000000000000000000e+00 7.565606594085693359e+00 6.838139533996582031e+00 7.386280059814453125e+00 8.553837776184082031e+00 7.400409698486328125e+00 5.080289840698242188e+00 7.655924797058105469e+00 6.985395908355712891e+00 7.199212074279785156e+00 8.718898773193359375e+00 8.034209251403808594e+00 4.861839771270751953e+00
5.610713005065917969e+00 8.508653640747070312e+00 7.539415359497070312e+00 8.133896827697753906e+00 8.949880599975585938e+00 8.233652114868164062e+00 4.787886142730712891e+00 6.025586605072021484e+00 6.593494415283203125e+00 6.932473182678222656e+00 7.516541957855224609e+00 6.751128673553466797e+00 5.292631149291992188e+00 7.774924755096435547e+00 6.928346157073974609e+00 7.268171310424804688e+00 8.413246154785156250e+00 7.603280544281005859e+00 5.080289840698242188e+00 7.393669605255126953e+00 6.768008708953857422e+00 6.050555706024169922e+00 7.704398632049560547e+00 7.565606594085693359e+00 0.000000000000000000e+00 4.920547485351562500e+00 4.334825038909912109e+00 4.860962867736816406e+00 5.232770919799804688e+00 5.114163398742675781e+00 4.292695522308349609e+00 6.580262184143066406e+00 5.754537105560302734e+00 6.597915172576904297e+00 7.363206863403320312e+00 6.405877590179443359e+00
6.243922710418701172e+00 5.610712528228759766e+00 6.401631832122802734e+00 7.052955150604248047e+00 7.645069599151611328e+00 6.727159023284912109e+00 7.613381862640380859e+00 4.787886142730712891e+00 7.426003932952880859e+00 7.692616462707519531e+00 7.897997856140136719e+00 7.111444950103759766e+00 6.633099555969238281e+00 5.292631149291992188e+00 6.373357772827148438e+00 6.699986457824707031e+00 7.590060234069824219e+00 6.614463806152343750e+00 6.736164093017578125e+00 5.080289840698242188e+00 6.481060504913330078e+00 5.679193019866943359e+00 7.054399967193603516e+00 6.838139533996582031e+00 4.920547485351562500e+00 0.000000000000000000e+00 4.431041240692138672e+00 4.890623092651367188e+00 4.736445903778076172e+00 4.507952213287353516e+00 6.479058265686035156e+00 4.292695522308349609e+00 5.770380496978759766e+00 6.569694519042968750e+00 6.971944808959960938e+00 5.877193927764892578e+00
6.610507965087890625e+00 7.826081752777099609e+00 5.610712528228759766e+00 7.461873531341552734e+00 8.272589683532714844e+00 7.729530334472656250e+00 6.320992946624755859e+00 5.474525451660156250e+00 4.787886142730712891e+00 6.510824680328369141e+00 7.046000957489013672e+00 6.507129669189453125e+00 6.753023147583007812e+00 7.394082546234130859e+00 5.292631149291992188e+00 6.907840251922607422e+00 8.030611991882324219e+00 7.425304889678955078e+00 6.587424278259277344e+00 6.991624355316162109e+00 5.080289840698242188e+00 5.612006187438964844e+00 7.284174919128417969e+00 7.386280059814453125e+00 4.334825038909912109e+00 4.431041240692138672e+00 0.000000000000000000e+00 4.440747737884521484e+00 4.721147537231445312e+00 4.967823982238769531e+00 6.428155422210693359e+00 6.544115066528320312e+00 4.292695522308349609e+00 6.612639904022216797e+00 7.295711517333984375e+00 6.607808113098144531e+00
6.637609481811523438e+00 7.813603878021240234e+00 6.835285186767578125e+00 5.610712528228759766e+00 8.044371604919433594e+00 7.735790729522705078e+00 6.711666584014892578e+00 5.874329566955566406e+00 6.549606800079345703e+00 4.787886142730712891e+00 7.117217540740966797e+00 6.868189334869384766e+00 7.103204727172851562e+00 7.679222583770751953e+00 6.909856319427490234e+00 5.292631149291992188e+00 8.078370094299316406e+00 7.728202819824218750e+00 7.890969276428222656e+00 8.197672843933105469e+00 7.717808246612548828e+00 5.080289840698242188e+00 8.237085342407226562e+00 8.553837776184082031e+00 4.860962867736816406e+00 4.890623092651367188e+00 4.440747737884521484e+00 0.000000000000000000e+00 4.800482749938964844e+00 5.408817768096923828e+00 6.370237350463867188e+00 6.444375514984130859e+00 5.706833839416503906e+00 4.292695522308349609e+00 6.957246303558349609e+00 6.531434059143066406e+00
6.133808135986328125e+00 7.027157783508300781e+00 6.253233432769775391e+00 6.658644199371337891e+00 5.610712528228759766e+00 7.088639259338378906e+00 6.641768932342529297e+00 5.323266983032226562e+00 6.385925769805908203e+00 6.425121784210205078e+00 4.787886142730712891e+00 6.563478946685791016e+00 6.324947834014892578e+00 6.578959941864013672e+00 6.009296417236328125e+00 6.070675849914550781e+00 5.292631149291992188e+00 6.790815830230712891e+00 6.857457637786865234e+00 6.835346698760986328e+00 6.567948818206787109e+00 5.464281558990478516e+00 5.080289840698242188e+00 7.400409698486328125e+00 5.232770919799804688e+00 4.736445903778076172e+00 4.721147537231445312e+00 4.800482749938964844e+00 0.000000000000000000e+00 5.463409423828125000e+00 6.115671157836914062e+00 5.754501342773437500e+00 5.310888290405273438e+00 5.877113819122314453e+00 4.292695522308349609e+00 6.026753425598144531e+00
6.890319824218750000e+00 7.638638496398925781e+00 7.250731468200683594e+00 7.850372791290283203e+00 8.509351730346679688e+00 5.610712528228759766e+00 7.251159191131591797e+00 5.993190288543701172e+00 7.270730018615722656e+00 7.562161922454833984e+00 7.903551578521728516e+00 4.787886142730712891e+00 7.107977390289306641e+00 7.274340152740478516e+00 7.088531970977783203e+00 7.403336048126220703e+00 8.343045234680175781e+00 5.292631149291992188e+00 6.832979679107666016e+00 6.745502471923828125e+00 6.813231468200683594e+00 6.079569816589355469e+00 7.519993782043457031e+00 5.080289840698242188e+00 5.114163398742675781e+00 4.507952213287353516e+00 4.967823982238769531e+00 5.408817768096923828e+00 5.463409423828125000e+00 0.000000000000000000e+00 6.937472820281982422e+00 6.554107666015625000e+00 6.523028373718261719e+00 7.259852409362792969e+00 7.760825157165527344e+00 4.292695522308349609e+00
4.956204891204833984e+00 8.051101684570312500e+00 7.350503444671630859e+00 7.600516796112060547e+00 8.048388481140136719e+00 8.026425361633300781e+00 4.194828510284423828e+00 5.506323814392089844e+00 6.500010967254638672e+00 6.423054695129394531e+00 6.539376735687255859e+00 6.617937564849853516e+00 4.538111209869384766e+00 7.236789703369140625e+00 6.684888839721679688e+00 6.628162384033203125e+00 7.413334846496582031e+00 7.344318389892578125e+00 4.861840248107910156e+00 7.199559688568115234e+00 6.909220218658447266e+00 5.741174221038818359e+00 6.984139919281005859e+00 7.655924797058105469e+00 4.292695522308349609e+00 6.479058265686035156e+00 6.428155422210693359e+00 6.370237350463867188e+00 6.115671157836914062e+00 6.937472820281982422e+00 0.000000000000000000e+00 4.920547485351562500e+00 4.334825038909912109e+00 4.860963344573974609e+00 5.232771396636962891e+00 5.114163398742675781e+00
5.721124649047851562e+00 4.956204891204833984e+00 6.231278896331787109e+00 6.481711387634277344e+00 6.616954803466796875e+00 6.522728919982910156e+00 7.300489902496337891e+00 4.194828510284423828e+00 7.387986660003662109e+00 7.282419681549072266e+00 7.021697998046875000e+00 7.032271862030029297e+00 6.102569103240966797e+00 4.538111209869384766e+00 6.161676883697509766e+00 6.054491996765136719e+00 6.514956951141357422e+00 6.367188930511474609e+00 6.623056888580322266e+00 4.861839771270751953e+00 6.678050518035888672e+00 5.409799098968505859e+00 6.312356472015380859e+00 6.985395908355712891e+00 6.580262184143066406e+00 4.292695522308349609e+00 6.544115066528320312e+00 6.444375514984130859e+00 5.754501342773437500e+00 6.554107666015625000e+00 4.920547485351562500e+00 0.000000000000000000e+00 4.431041717529296875e+00 4.890623092651367188e+00 4.736445426940917969e+00 4.507952213287353516e+00
5.716593742370605469e+00 7.040408611297607422e+00 4.956204891204833984e+00 6.571444988250732422e+00 7.000618457794189453e+00 7.229999065399169922e+00 5.524892807006835938e+00 4.458597660064697266e+00 4.194828510284423828e+00 5.611065387725830078e+00 5.639852523803710938e+00 6.038117408752441406e+00 5.838029384613037109e+00 6.518504619598388672e+00 4.538111209869384766e+00 5.892472743988037109e+00 6.675499916076660156e+00 6.867390155792236328e+00 6.092541217803955078e+00 6.476640701293945312e+00 4.861840248107910156e+00 4.872702598571777344e+00 6.194870471954345703e+00 7.199212074279785156e+00 5.754537105560302734e+00 5.770380496978759766e+00 4.292695522308349609e+00 5.706833839416503906e+00 5.310888290405273438e+00 6.523028373718261719e+00 4.334825038909912109e+00 4.431041717529296875e+00 0.000000000000000000e+00 4.440747737884521484e+00 4.721147537231445312e+00 4.967823982238769531e+00
6.214339256286621094e+00 7.412943363189697266e+00 6.736803531646728516e+00 4.956204891204833984e+00 7.131926536560058594e+00 7.612439632415771484e+00 6.418370723724365234e+00 5.476854324340820312e+00 6.568836688995361328e+00 4.194828510284423828e+00 6.196459770202636719e+00 6.845996856689453125e+00 6.671904087066650391e+00 7.236602306365966797e+00 6.775556087493896484e+00 4.538111209869384766e+00 7.135205268859863281e+00 7.571692943572998047e+00 7.846771717071533203e+00 8.114520072937011719e+00 7.935504436492919922e+00 4.861840248107910156e+00 7.664614677429199219e+00 8.718898773193359375e+00 6.597915172576904297e+00 6.569694519042968750e+00 6.612639904022216797e+00 4.292695522308349609e+00 5.877113819122314453e+00 7.259852409362792969e+00 4.860963344573974609e+00 4.890623092651367188e+00 4.440747737884521484e+00 0.000000000000000000e+00 4.800482749938964844e+00 5.408817768096923828e+00
6.254211902618408203e+00 7.086019515991210938e+00 6.685636520385742188e+00 6.659791946411132812e+00 4.956204891204833984e+00 7.435522556304931641e+00 6.869753837585449219e+00 5.545878410339355469e+00 6.925583839416503906e+00 6.548765659332275391e+00 4.194828510284423828e+00 7.050270557403564453e+00 6.402746677398681641e+00 6.603944301605224609e+00 6.419118404388427734e+00 6.030507087707519531e+00 4.538111209869384766e+00 7.117022037506103516e+00 7.297983646392822266e+00 7.231664657592773438e+00 7.312798976898193359e+00 5.883700370788574219e+00 4.861840248107910156e+00 8.034209251403808594e+00 7.363206863403320312e+00 6.971944808959960938e+00 7.295711517333984375e+00 6.957246303558349609e+00 4.292695522308349609e+00 7.760825157165527344e+00 5.232771396636962891e+00 4.736445426940917969e+00 4.721147537231445312e+00 4.800482749938964844e+00 0.000000000000000000e+00 5.463409423828125000e+00
6.083892345428466797e+00 6.872059822082519531e+00 6.798057556152343750e+00 7.049064159393310547e+00 7.317008972167968750e+00 4.956204891204833984e+00 6.611007213592529297e+00 5.136497497558593750e+00 6.934902667999267578e+00 6.843692302703857422e+00 6.721945285797119141e+00 4.194828510284423828e+00 6.289611816406250000e+00 6.425813198089599609e+00 6.586835861206054688e+00 6.509146213531494141e+00 7.087636470794677734e+00 4.538111209869384766e+00 6.400869846343994141e+00 6.254797458648681641e+00 6.693643569946289062e+00 5.455859184265136719e+00 6.513381481170654297e+00 4.861839771270751953e+00 6.405877590179443359e+00 5.877193927764892578e+00 6.607808113098144531e+00 6.531434059143066406e+00 6.026753425598144531e+00 4.292695522308349609e+00 5.114163398742675781e+00 4.507952213287353516e+00 4.967823982238769531e+00 5.408817768096923828e+00 5.463409423828125000e+00 0.000000000000000000e+00
