0.000000000000000000e+00 4.826961517333984375e+00 4.357519626617431641e+00 4.374189376831054688e+00 5.592256069183349609e+00 5.019328594207763672e+00 5.644752979278564453e+00 4.554159641265869141e+00 6.363774776458740234e+00 5.948078632354736328e+00 6.661641120910644531e+00 5.695626258850097656e+00 4.472862720489501953e+00 5.164071083068847656e+00 5.558562755584716797e+00 5.371049404144287109e+00 6.496276855468750000e+00 5.376384258270263672e+00 5.149410247802734375e+00 5.816012382507324219e+00 6.087252616882324219e+00 4.668765544891357422e+00 6.418198585510253906e+00 5.928789138793945312e+00 5.218648433685302734e+00 5.774549007415771484e+00 6.174512863159179688e+00 5.782873153686523438e+00 5.742053508758544922e+00 5.942571640014648438e+00 5.829259395599365234e+00 6.185826778411865234e+00 6.723835945129394531e+00 6.227180004119873047e+00 7.125732421875000000e+00 5.583734035491943359e+00
4.826961517333984375e+00 0.000000000000000000e+00 4.405924320220947266e+00 4.393710136413574219e+00 4.902035236358642578e+00 3.923965692520141602e+00 9.464945793151855469e+00 5.644752979278564453e+00 8.680106163024902344e+00 8.364999771118164062e+00 8.459107398986816406e+00 7.554233074188232422e+00 7.742382049560546875e+00 4.472862720489501953e+00 6.925333023071289062e+00 6.757052421569824219e+00 7.183081626892089844e+00 5.978945255279541016e+00 8.112087249755859375e+00 5.149410247802734375e+00 7.312237262725830078e+00 6.161047458648681641e+00 7.066814899444580078e+00 6.429959297180175781e+00 8.229353904724121094e+00 5.218648433685302734e+00 7.465736865997314453e+00 7.127496242523193359e+00 6.551046848297119141e+00 6.535016059875488281e+00 8.734711647033691406e+00 5.829259395599365234e+00 8.040493011474609375e+00 7.613428115844726562e+00 7.908732414245605469e+00 6.355886459350585938e+00
4.357519626617431641e+00 4.405924320220947266e+00 0.000000000000000000e+00 3.822545766830444336e+00 5.042256832122802734e+00 4.360975742340087891e+00 7.823348522186279297e+00 5.215991020202636719e+00 5.644752979278564453e+00 6.419621944427490234e+00 6.991570472717285156e+00 6.051296710968017578e+00 6.862312793731689453e+00 5.556716918945312500e+00 4.472862720489501953e+00 5.694151401519775391e+00 6.667044639587402344e+00 5.552190303802490234e+00 7.345350742340087891e+00 6.195835590362548828e+00 5.149410247802734375e+00 5.072027206420898438e+00 6.617707252502441406e+00 6.117578029632568359e+00 7.370204925537109375e+00 6.128270149230957031e+00 5.218648433685302734e+00 6.084208965301513672e+00 5.934631824493408203e+00 6.102152347564697266e+00 7.792721748352050781e+00 6.491174221038818359e+00 5.829259395599365234e+00 6.481848239898681641e+00 7.258467674255371094e+00 5.723705768585205078e+00
4.374189376831054688e+00 4.393710136413574219e+00 3.822545766830444336e+00 0.000000000000000000e+00 4.963191032409667969e+00 4.119997501373291016e+00 8.161732673645019531e+00 5.688815116882324219e+00 7.192956924438476562e+00 5.644752979278564453e+00 7.304417610168457031e+00 6.311735153198242188e+00 7.030781745910644531e+00 5.741482257843017578e+00 6.067400932312011719e+00 4.472863197326660156e+00 6.771513462066650391e+00 5.565795421600341797e+00 8.336818695068359375e+00 7.326917648315429688e+00 7.518717288970947266e+00 5.149410247802734375e+00 7.642367839813232422e+00 7.126278877258300781e+00 7.700261592864990234e+00 6.502056598663330078e+00 6.831888198852539062e+00 5.218648433685302734e+00 6.265565872192382812e+00 6.326221466064453125e+00 8.212784767150878906e+00 6.971773147583007812e+00 7.427642345428466797e+00 5.829259395599365234e+00 7.646700382232666016e+00 6.106949806213378906e+00
5.592256069183349609e+00 4.902035236358642578e+00 5.042256832122802734e+00 4.963191032409667969e+00 0.000000000000000000e+00 5.277241230010986328e+00 9.049622535705566406e+00 6.342701911926269531e+00 8.105128288269042969e+00 7.722595214843750000e+00 5.644752979278564453e+00 7.338588237762451172e+00 7.769045352935791016e+00 6.039556980133056641e+00 6.812651157379150391e+00 6.589850902557373047e+00 4.472863197326660156e+00 6.374899864196777344e+00 8.624746322631835938e+00 7.152124881744384766e+00 7.751613140106201172e+00 6.625225067138671875e+00 5.149410247802734375e+00 7.375814914703369141e+00 9.167554855346679688e+00 7.720897674560546875e+00 8.372421264648437500e+00 8.029806137084960938e+00 5.218648433685302734e+00 7.969078540802001953e+00 8.929228782653808594e+00 7.312481403350830078e+00 8.131658554077148438e+00 7.665183067321777344e+00 5.829259395599365234e+00 6.950628280639648438e+00
5.019328594207763672e+00 3.923965692520141602e+00 4.360975742340087891e+00 4.119997501373291016e+00 5.277241230010986328e+00 0.000000000000000000e+00 9.037345886230468750e+00 6.120053291320800781e+00 8.071213722229003906e+00 7.605077743530273438e+00 8.097538948059082031e+00 5.644752979278564453e+00 7.841862678527832031e+00 5.921168804168701172e+00 6.871855735778808594e+00 6.556193351745605469e+00 7.421064853668212891e+00 4.472863197326660156e+00 8.262544631958007812e+00 6.517937660217285156e+00 7.324228763580322266e+00 6.016458511352539062e+00 7.370805263519287109e+00 5.149410247802734375e+00 8.339168548583984375e+00 6.523585319519042969e+00 7.434280872344970703e+00 6.956741809844970703e+00 6.830879211425781250e+00 5.218648433685302734e+00 9.336474418640136719e+00 7.639257431030273438e+00 8.557800292968750000e+00 8.038311004638671875e+00 8.680314064025878906e+00 5.829259395599365234e+00
5.644752979278564453e+00 9.464945793151855469e+00 7.823348522186279297e+00 8.161732673645019531e+00 9.049622535705566406e+00 9.037345886230468750e+00 0.000000000000000000e+00 4.826961517333984375e+00 4.357519626617431641e+00 4.374189376831054688e+00 5.592256546020507812e+00 5.019328594207763672e+00 4.385627269744873047e+00 7.766419887542724609e+00 6.362265586853027344e+00 6.610032081604003906e+00 7.758088588714599609e+00 7.262882709503173828e+00 4.303216934204101562e+00 7.762065410614013672e+00 6.277696609497070312e+00 5.423628330230712891e+00 7.207885742187500000e+00 7.195033550262451172e+00 4.750515460968017578e+00 7.943610668182373047e+00 6.619010448455810547e+00 6.662721157073974609e+00 6.860276222229003906e+00 7.433975696563720703e+00 4.702616691589355469e+00 7.798796176910400391e+00 6.610437870025634766e+00 6.521444320678710938e+00 7.594043731689453125e+00 6.627907276153564453e+00
4.554159641265869141e+00 5.644752979278564453e+00 5.215991020202636719e+00 5.688815116882324219e+00 6.342701911926269531e+00 6.120053291320800781e+00 4.826961517333984375e+00 0.000000000000000000e+00 4.405924320220947266e+00 4.393709659576416016e+00 4.902035236358642578e+00 3.923965692520141602e+00 4.974865913391113281e+00 4.385627269744873047e+00 4.808182716369628906e+00 5.106827259063720703e+00 5.929634571075439453e+00 5.016903877258300781e+00 4.835782527923583984e+00 4.303216934204101562e+00 4.626145839691162109e+00 3.339829444885253906e+00 5.126187801361083984e+00 4.851796627044677734e+00 5.350976943969726562e+00 4.750515460968017578e+00 5.196295738220214844e+00 5.227715492248535156e+00 4.752474308013916016e+00 5.313553333282470703e+00 5.477873802185058594e+00 4.702616691589355469e+00 5.358640193939208984e+00 5.224301815032958984e+00 5.917690753936767578e+00 4.327348709106445312e+00
6.363774776458740234e+00 8.680106163024902344e+00 5.644752979278564453e+00 7.192956924438476562e+00 8.105128288269042969e+00 8.071213722229003906e+00 4.357519626617431641e+00 4.405924320220947266e+00 0.000000000000000000e+00 3.822545766830444336e+00 5.042256832122802734e+00 4.360975742340087891e+00 5.997082233428955078e+00 7.360242843627929688e+00 4.385627269744873047e+00 6.075700283050537109e+00 7.216802597045898438e+00 6.657116413116455078e+00 5.966727733612060547e+00 7.379597187042236328e+00 4.303216934204101562e+00 4.794815063476562500e+00 6.648370265960693359e+00 6.609776496887207031e+00 6.268927574157714844e+00 7.547028064727783203e+00 4.750515460968017578e+00 6.133045673370361328e+00 6.241672515869140625e+00 6.843429088592529297e+00 6.205422878265380859e+00 7.371466636657714844e+00 4.702616691589355469e+00 5.950819492340087891e+00 7.016067981719970703e+00 5.929442882537841797e+00
5.948078632354736328e+00 8.364999771118164062e+00 6.419621944427490234e+00 5.644752979278564453e+00 7.722595214843750000e+00 7.605077743530273438e+00 4.374189376831054688e+00 4.393709659576416016e+00 3.822545766830444336e+00 0.000000000000000000e+00 4.963191032409667969e+00 4.119997501373291016e+00 5.748216629028320312e+00 7.141228199005126953e+00 5.547705650329589844e+00 4.385627269744873047e+00 6.944250106811523438e+00 6.261382579803466797e+00 6.773970127105712891e+00 8.030582427978515625e+00 6.577903270721435547e+00 4.303216934204101562e+00 7.317719459533691406e+00 7.196158885955810547e+00 6.245799064636230469e+00 7.511002540588378906e+00 6.061704158782958984e+00 4.750515460968017578e+00 6.142670154571533203e+00 6.659863948822021484e+00 6.321949481964111328e+00 7.452868938446044922e+00 6.167712211608886719e+00 4.702616691589355469e+00 7.053250789642333984e+00 5.867604732513427734e+00
6.661641120910644531e+00 8.459107398986816406e+00 6.991570472717285156e+00 7.304417610168457031e+00 5.644752979278564453e+00 8.097538948059082031e+00 5.592256546020507812e+00 4.902035236358642578e+00 5.042256832122802734e+00 4.963191032409667969e+00 0.000000000000000000e+00 5.277241230010986328e+00 6.389536857604980469e+00 7.167062759399414062e+00 6.101960659027099609e+00 6.285807609558105469e+00 4.385627269744873047e+00 6.761967182159423828e+00 6.901332855224609375e+00 7.669254302978515625e+00 6.609329223632812500e+00 5.723011970520019531e+00 4.303216934204101562e+00 7.229212760925292969e+00 7.785760402679443359e+00 8.402896881103515625e+00 7.551491260528564453e+00 7.527876377105712891e+00 4.750515460968017578e+00 8.043441772460937500e+00 7.007594108581542969e+00 7.567697525024414062e+00 6.771461963653564453e+00 6.614181041717529297e+00 4.702616691589355469e+00 6.504091262817382812e+00
5.695626258850097656e+00 7.554233074188232422e+00 6.051296710968017578e+00 6.311735153198242188e+00 7.338588237762451172e+00 5.644752979278564453e+00 5.019328594207763672e+00 3.923965692520141602e+00 4.360975742340087891e+00 4.119997501373291016e+00 5.277241230010986328e+00 0.000000000000000000e+00 6.008769989013671875e+00 6.640267848968505859e+00 5.673313617706298828e+00 5.762924194335937500e+00 6.960014820098876953e+00 4.385627269744873047e+00 5.971109867095947266e+00 6.655106544494628906e+00 5.602001667022705078e+00 4.381713390350341797e+00 6.361790657043457031e+00 4.303216934204101562e+00 6.344928741455078125e+00 6.906226634979248047e+00 6.028141975402832031e+00 5.893196105957031250e+00 6.011354446411132812e+00 4.750515460968017578e+00 7.119506359100341797e+00 7.503218173980712891e+00 6.863463401794433594e+00 6.614316940307617188e+00 7.591083526611328125e+00 4.702616691589355469e+00
4.472862720489501953e+00 7.742382049560546875e+00 6.862312793731689453e+00 7.030781745910644531e+00 7.769045352935791016e+00 7.841862678527832031e+00 4.385627269744873047e+00 4.974865913391113281e+00 5.997082233428955078e+00 5.748216629028320312e+00 6.389536857604980469e+00 6.008769989013671875e+00 0.000000000000000000e+00 4.826961040496826172e+00 4.357519626617431641e+00 4.374189376831054688e+00 5.592256546020507812e+00 5.019329071044921875e+00 4.882365703582763672e+00 6.912705421447753906e+00 6.517098426818847656e+00 5.423126220703125000e+00 6.898735523223876953e+00 6.983283996582031250e+00 4.650777816772460938e+00 6.661777496337890625e+00 6.373140335083007812e+00 6.174861907958984375e+00 6.036956310272216797e+00 6.782644271850585938e+00 4.721072196960449219e+00 6.573517799377441406e+00 6.450975894927978516e+00 6.113745212554931641e+00 6.939923286437988281e+00 5.981721878051757812e+00
5.164071083068847656e+00 4.472862720489501953e+00 5.556716918945312500e+00 5.741482257843017578e+00 6.039556980133056641e+00 5.921168804168701172e+00 7.766419887542724609e+00 4.385627269744873047e+00 7.360242843627929688e+00 7.141228199005126953e+00 7.167062759399414062e+00 6.640267848968505859e+00 4.826961040496826172e+00 0.000000000000000000e+00 4.405924320220947266e+00 4.393709659576416016e+00 4.902035713195800781e+00 3.923965930938720703e+00 6.818255424499511719e+00 4.882365703582763672e+00 6.499870300292968750e+00 5.378940582275390625e+00 6.300852298736572266e+00 6.190449714660644531e+00 6.743833065032958984e+00 4.650777816772460938e+00 6.449117183685302734e+00 6.232982635498046875e+00 5.454490184783935547e+00 6.062846183776855469e+00 6.925677299499511719e+00 4.721072196960449219e+00 6.664548873901367188e+00 6.318699359893798828e+00 6.579977035522460938e+00 5.325577735900878906e+00
5.558562755584716797e+00 6.925333023071289062e+00 4.472862720489501953e+00 6.067400932312011719e+00 6.812651157379150391e+00 6.871855735778808594e+00 6.362265586853027344e+00 4.808182716369628906e+00 4.385627269744873047e+00 5.547705650329589844e+00 6.101960659027099609e+00 5.673313617706298828e+00 4.357519626617431641e+00 4.405924320220947266e+00 0.000000000000000000e+00 3.822545766830444336e+00 5.042256355285644531e+00 4.360975742340087891e+00 6.571025371551513672e+00 6.652143478393554688e+00 4.882365703582763672e+00 5.024094104766845703e+00 6.488180637359619141e+00 6.553136825561523438e+00 6.373264312744140625e+00 6.363387107849121094e+00 4.650777816772460938e+00 5.797244071960449219e+00 5.531424522399902344e+00 6.311061859130859375e+00 6.398273468017578125e+00 6.243809700012207031e+00 4.721072196960449219e+00 5.702421665191650391e+00 6.478809833526611328e+00 5.409884929656982422e+00
5.371049404144287109e+00 6.757052421569824219e+00 5.694151401519775391e+00 4.472863197326660156e+00 6.589850902557373047e+00 6.556193351745605469e+00 6.610032081604003906e+00 5.106827259063720703e+00 6.075700283050537109e+00 4.385627269744873047e+00 6.285807609558105469e+00 5.762924194335937500e+00 4.374189376831054688e+00 4.393709659576416016e+00 3.822545766830444336e+00 0.000000000000000000e+00 4.963191032409667969e+00 4.119997501373291016e+00 7.518760204315185547e+00 7.573067665100097656e+00 7.187293529510498047e+00 4.882365703582763672e+00 7.383306980133056641e+00 7.355793952941894531e+00 6.587686061859130859e+00 6.558868885040283203e+00 6.234992980957031250e+00 4.650777816772460938e+00 5.695535182952880859e+00 6.357619285583496094e+00 6.742865085601806641e+00 6.577266693115234375e+00 6.425195217132568359e+00 4.721071720123291016e+00 6.750307083129882812e+00 5.621910572052001953e+00
6.496276855468750000e+00 7.183081626892089844e+00 6.667044639587402344e+00 6.771513462066650391e+00 4.472863197326660156e+00 7.421064853668212891e+00 7.758088588714599609e+00 5.929634571075439453e+00 7.216802597045898438e+00 6.944250106811523438e+00 4.385627269744873047e+00 6.960014820098876953e+00 5.592256546020507812e+00 4.902035713195800781e+00 5.042256355285644531e+00 4.963191032409667969e+00 0.000000000000000000e+00 5.277241230010986328e+00 7.913855075836181641e+00 7.485596656799316406e+00 7.511805057525634766e+00 6.513700485229492188e+00 4.882365703582763672e+00 7.677247524261474609e+00 8.328342437744140625e+00 7.846522331237792969e+00 7.969410896301269531e+00 7.751572608947753906e+00 4.650777816772460938e+00 8.069578170776367188e+00 7.678617000579833984e+00 7.024303913116455078e+00 7.311003208160400391e+00 6.948159694671630859e+00 4.721071720123291016e+00 6.620870113372802734e+00
5.376384258270263672e+00 5.978945255279541016e+00 5.552190303802490234e+00 5.565795421600341797e+00 6.374899864196777344e+00 4.472863197326660156e+00 7.262882709503173828e+00 5.016903877258300781e+00 6.657116413116455078e+00 6.261382579803466797e+00 6.761967182159423828e+00 4.385627269744873047e+00 5.019329071044921875e+00 3.923965930938720703e+00 4.360975742340087891e+00 4.119997501373291016e+00 5.277241230010986328e+00 0.000000000000000000e+00 7.021114349365234375e+00 6.336272239685058594e+00 6.539694786071777344e+00 5.245573520660400391e+00 6.665838718414306641e+00 4.882365703582763672e+00 6.902356624603271484e+00 6.107075691223144531e+00 6.439424037933349609e+00 6.065385818481445312e+00 5.817209243774414062e+00 4.650777816772460938e+00 7.693071842193603516e+00 6.856404304504394531e+00 7.303862571716308594e+00 6.849811077117919922e+00 7.512633800506591797e+00 4.721072196960449219e+00
5.149410247802734375e+00 8.112087249755859375e+00 7.345350742340087891e+00 8.336818695068359375e+00 8.624746322631835938e+00 8.262544631958007812e+00 4.303216934204101562e+00 4.835782527923583984e+00 5.966727733612060547e+00 6.773970127105712891e+00 6.901332855224609375e+00 5.971109867095947266e+00 4.882365703582763672e+00 6.818255424499511719e+00 6.571025371551513672e+00 7.518760204315185547e+00 7.913855075836181641e+00 7.021114349365234375e+00 0.000000000000000000e+00 4.826961517333984375e+00 4.357519626617431641e+00 4.374189376831054688e+00 5.592256546020507812e+00 5.019328594207763672e+00 4.892623424530029297e+00 6.785195350646972656e+00 6.578589916229248047e+00 7.348310947418212891e+00 6.802289485931396484e+00 6.969733715057373047e+00 5.048344135284423828e+00 6.764610290527343750e+00 6.720509052276611328e+00 7.357707977294921875e+00 7.673204898834228516e+00 6.264435291290283203e+00
5.816012382507324219e+00 5.149410247802734375e+00 6.195835590362548828e+00 7.326917648315429688e+00 7.152124881744384766e+00 6.517937660217285156e+00 7.762065410614013672e+00 4.303216934204101562e+00 7.379597187042236328e+00 8.030582427978515625e+00 7.669254302978515625e+00 6.655106544494628906e+00 6.912705421447753906e+00 4.882365703582763672e+00 6.652143478393554688e+00 7.573067665100097656e+00 7.485596656799316406e+00 6.336272239685058594e+00 4.826961517333984375e+00 0.000000000000000000e+00 4.405924320220947266e+00 4.393709659576416016e+00 4.902035713195800781e+00 3.923965692520141602e+00 6.959580898284912109e+00 4.892623424530029297e+00 6.700782299041748047e+00 7.440918922424316406e+00 6.342412948608398438e+00 6.322932720184326172e+00 7.197966098785400391e+00 5.048344135284423828e+00 6.972432613372802734e+00 7.571816444396972656e+00 7.393245220184326172e+00 5.698454380035400391e+00
6.087252616882324219e+00 7.312237262725830078e+00 5.149410247802734375e+00 7.518717288970947266e+00 7.751613140106201172e+00 7.324228763580322266e+00 6.277696609497070312e+00 4.626145839691162109e+00 4.303216934204101562e+00 6.577903270721435547e+00 6.609329223632812500e+00 5.602001667022705078e+00 6.517098426818847656e+00 6.499870300292968750e+00 4.882365703582763672e+00 7.187293529510498047e+00 7.511805057525634766e+00 6.539694786071777344e+00 4.357519626617431641e+00 4.405924320220947266e+00 0.000000000000000000e+00 3.822545766830444336e+00 5.042256355285644531e+00 4.360975742340087891e+00 6.524847030639648438e+00 6.465244293212890625e+00 4.892623901367187500e+00 7.008844375610351562e+00 6.330091476440429688e+00 6.484560489654541016e+00 6.616816043853759766e+00 6.417248725891113281e+00 5.048344135284423828e+00 6.994476318359375000e+00 7.234472751617431641e+00 5.690000534057617188e+00
4.668765544891357422e+00 6.161047458648681641e+00 5.072027206420898438e+00 5.149410247802734375e+00 6.625225067138671875e+00 6.016458511352539062e+00 5.423628330230712891e+00 3.339829444885253906e+00 4.794815063476562500e+00 4.303216934204101562e+00 5.723011970520019531e+00 4.381713390350341797e+00 5.423126220703125000e+00 5.378940582275390625e+00 5.024094104766845703e+00 4.882365703582763672e+00 6.513700485229492188e+00 5.245573520660400391e+00 4.374189376831054688e+00 4.393709659576416016e+00 3.822545766830444336e+00 0.000000000000000000e+00 4.963191032409667969e+00 4.119997501373291016e+00 5.669648170471191406e+00 5.578317165374755859e+00 5.289171695709228516e+00 4.892623424530029297e+00 5.357676029205322266e+00 5.425082206726074219e+00 5.924757957458496094e+00 5.678779125213623047e+00 5.592188358306884766e+00 5.048344612121582031e+00 6.536163806915283203e+00 4.637597560882568359e+00
6.418198585510253906e+00 7.066814899444580078e+00 6.617707252502441406e+00 7.642367839813232422e+00 5.149410247802734375e+00 7.370805263519287109e+00 7.207885742187500000e+00 5.126187801361083984e+00 6.648370265960693359e+00 7.317719459533691406e+00 4.303216934204101562e+00 6.361790657043457031e+00 6.898735523223876953e+00 6.300852298736572266e+00 6.488180637359619141e+00 7.383306980133056641e+00 4.882365703582763672e+00 6.665838718414306641e+00 5.592256546020507812e+00 4.902035713195800781e+00 5.042256355285644531e+00 4.963191032409667969e+00 0.000000000000000000e+00 5.277241230010986328e+00 8.009434700012207031e+00 7.463861465454101562e+00 7.658601284027099609e+00 8.272687911987304688e+00 4.892623424530029297e+00 7.757110118865966797e+00 7.391897678375244141e+00 6.661185264587402344e+00 7.034391403198242188e+00 7.583972930908203125e+00 5.048344135284423828e+00 6.307123184204101562e+00
5.928789138793945312e+00 6.429959297180175781e+00 6.117578029632568359e+00 7.126278877258300781e+00 7.375814914703369141e+00 5.149410247802734375e+00 7.195033550262451172e+00 4.851796627044677734e+00 6.609776496887207031e+00 7.196158885955810547e+00 7.229212760925292969e+00 4.303216934204101562e+00 6.983283996582031250e+00 6.190449714660644531e+00 6.553136825561523438e+00 7.355793952941894531e+00 7.677247524261474609e+00 4.882365703582763672e+00 5.019328594207763672e+00 3.923965692520141602e+00 4.360975742340087891e+00 4.119997501373291016e+00 5.277241230010986328e+00 0.000000000000000000e+00 7.048805236816406250e+00 6.220214843750000000e+00 6.622855663299560547e+00 7.238285064697265625e+00 6.587967872619628906e+00 4.892623424530029297e+00 7.881353378295898438e+00 7.020982265472412109e+00 7.525401592254638672e+00 7.963227748870849609e+00 8.178648948669433594e+00 5.048344135284423828e+00
5.218648433685302734e+00 8.229353904724121094e+00 7.370204925537109375e+00 7.700261592864990234e+00 9.167554855346679688e+00 8.339168548583984375e+00 4.750515460968017578e+00 5.350976943969726562e+00 6.268927574157714844e+00 6.245799064636230469e+00 7.785760402679443359e+00 6.344928741455078125e+00 4.650777816772460938e+00 6.743833065032958984e+00 6.373264312744140625e+00 6.587686061859130859e+00 8.328342437744140625e+00 6.902356624603271484e+00 4.892623424530029297e+00 6.959580898284912109e+00 6.524847030639648438e+00 5.669648170471191406e+00 8.009434700012207031e+00 7.048805236816406250e+00 0.000000000000000000e+00 4.826961040496826172e+00 4.357519626617431641e+00 4.374189376831054688e+00 5.592256069183349609e+00 5.019328594207763672e+00 4.735331535339355469e+00 6.625403881072998047e+00 6.461480140686035156e+00 6.336171627044677734e+00 8.047086715698242188e+00 6.060938358306884766e+00
5.774549007415771484e+00 5.218648433685302734e+00 6.128270149230957031e+00 6.502056598663330078e+00 7.720897674560546875e+00 6.523585319519042969e+00 7.943610668182373047e+00 4.750515460968017578e+00 7.547028064727783203e+00 7.511002540588378906e+00 8.402896881103515625e+00 6.906226634979248047e+00 6.661777496337890625e+00 4.650777816772460938e+00 6.363387107849121094e+00 6.558868885040283203e+00 7.846522331237792969e+00 6.107075691223144531e+00 6.785195350646972656e+00 4.892623424530029297e+00 6.465244293212890625e+00 5.578317165374755859e+00 7.463861465454101562e+00 6.220214843750000000e+00 4.826961040496826172e+00 0.000000000000000000e+00 4.405924320220947266e+00 4.393709659576416016e+00 4.902035236358642578e+00 3.923965930938720703e+00 6.895639896392822266e+00 4.735331535339355469e+00 6.633389472961425781e+00 6.491930007934570312e+00 7.703192234039306641e+00 5.363372325897216797e+00
6.174512863159179688e+00 7.465736865997314453e+00 5.218648433685302734e+00 6.831888198852539062e+00 8.372421264648437500e+00 7.434280872344970703e+00 6.619010448455810547e+00 5.196295738220214844e+00 4.750515460968017578e+00 6.061704158782958984e+00 7.551491260528564453e+00 6.028141975402832031e+00 6.373140335083007812e+00 6.449117183685302734e+00 4.650777816772460938e+00 6.234992980957031250e+00 7.969410896301269531e+00 6.439424037933349609e+00 6.578589916229248047e+00 6.700782299041748047e+00 4.892623901367187500e+00 5.289171695709228516e+00 7.658601284027099609e+00 6.622855663299560547e+00 4.357519626617431641e+00 4.405924320220947266e+00 0.000000000000000000e+00 3.822545766830444336e+00 5.042256832122802734e+00 4.360975742340087891e+00 6.408741474151611328e+00 6.298349857330322266e+00 4.735331535339355469e+00 5.940202713012695312e+00 7.652923583984375000e+00 5.497275352478027344e+00
5.782873153686523438e+00 7.127496242523193359e+00 6.084208965301513672e+00 5.218648433685302734e+00 8.029806137084960938e+00 6.956741809844970703e+00 6.662721157073974609e+00 5.227715492248535156e+00 6.133045673370361328e+00 4.750515460968017578e+00 7.527876377105712891e+00 5.893196105957031250e+00 6.174861907958984375e+00 6.232982635498046875e+00 5.797244071960449219e+00 4.650777816772460938e+00 7.751572608947753906e+00 6.065385818481445312e+00 7.348310947418212891e+00 7.440918922424316406e+00 7.008844375610351562e+00 4.892623424530029297e+00 8.272687911987304688e+00 7.238285064697265625e+00 4.374189376831054688e+00 4.393709659576416016e+00 3.822545766830444336e+00 0.000000000000000000e+00 4.963191032409667969e+00 4.119997501373291016e+00 6.554900646209716797e+00 6.427359104156494141e+00 6.227714061737060547e+00 4.735331535339355469e+00 7.715268611907958984e+00 5.470422267913818359e+00
5.742053508758544922e+00 6.551046848297119141e+00 5.934631824493408203e+00 6.265565872192382812e+00 5.218648433685302734e+00 6.830879211425781250e+00 6.860276222229003906e+00 4.752474308013916016e+00 6.241672515869140625e+00 6.142670154571533203e+00 4.750515460968017578e+00 6.011354446411132812e+00 6.036956310272216797e+00 5.454490184783935547e+00 5.531424522399902344e+00 5.695535182952880859e+00 4.650777816772460938e+00 5.817209243774414062e+00 6.802289485931396484e+00 6.342412948608398438e+00 6.330091476440429688e+00 5.357676029205322266e+00 4.892623424530029297e+00 6.587967872619628906e+00 5.592256069183349609e+00 4.902035236358642578e+00 5.042256832122802734e+00 4.963191032409667969e+00 0.000000000000000000e+00 5.277241230010986328e+00 6.529761314392089844e+00 5.793743610382080078e+00 6.093290328979492188e+00 5.881146907806396484e+00 4.735331535339355469e+00 5.322750568389892578e+00
5.942571640014648438e+00 6.535016059875488281e+00 6.102152347564697266e+00 6.326221466064453125e+00 7.969078540802001953e+00 5.218648433685302734e+00 7.433975696563720703e+00 5.313553333282470703e+00 6.843429088592529297e+00 6.659863948822021484e+00 8.043441772460937500e+00 4.750515460968017578e+00 6.782644271850585938e+00 6.062846183776855469e+00 6.311061859130859375e+00 6.357619285583496094e+00 8.069578170776367188e+00 4.650777816772460938e+00 6.969733715057373047e+00 6.322932720184326172e+00 6.484560489654541016e+00 5.425082206726074219e+00 7.757110118865966797e+00 4.892623424530029297e+00 5.019328594207763672e+00 3.923965930938720703e+00 4.360975742340087891e+00 4.119997501373291016e+00 5.277241230010986328e+00 0.000000000000000000e+00 7.648468494415283203e+00 6.846603393554687500e+00 7.256921768188476562e+00 6.990705490112304688e+00 8.497859001159667969e+00 4.735331058502197266e+00
5.829259395599365234e+00 8.734711647033691406e+00 7.792721748352050781e+00 8.212784767150878906e+00 8.929228782653808594e+00 9.336474418640136719e+00 4.702616691589355469e+00 5.477873802185058594e+00 6.205422878265380859e+00 6.321949481964111328e+00 7.007594108581542969e+00 7.119506359100341797e+00 4.721072196960449219e+00 6.925677299499511719e+00 6.398273468017578125e+00 6.742865085601806641e+00 7.678617000579833984e+00 7.693071842193603516e+00 5.048344135284423828e+00 7.197966098785400391e+00 6.616816043853759766e+00 5.924757957458496094e+00 7.391897678375244141e+00 7.881353378295898438e+00 4.735331535339355469e+00 6.895639896392822266e+00 6.408741474151611328e+00 6.554900646209716797e+00 6.529761314392089844e+00 7.648468494415283203e+00 0.000000000000000000e+00 4.826961517333984375e+00 4.357519626617431641e+00 4.374188899993896484e+00 5.592256546020507812e+00 5.019328594207763672e+00
6.185826778411865234e+00 5.829259395599365234e+00 6.491174221038818359e+00 6.971773147583007812e+00 7.312481403350830078e+00 7.639257431030273438e+00 7.798796176910400391e+00 4.702616691589355469e+00 7.371466636657714844e+00 7.452868938446044922e+00 7.567697525024414062e+00 7.503218173980712891e+00 6.573517799377441406e+00 4.721072196960449219e+00 6.243809700012207031e+00 6.577266693115234375e+00 7.024303913116455078e+00 6.856404304504394531e+00 6.764610290527343750e+00 5.048344135284423828e+00 6.417248725891113281e+00 5.678779125213623047e+00 6.661185264587402344e+00 7.020982265472412109e+00 6.625403881072998047e+00 4.735331535339355469e+00 6.298349857330322266e+00 6.427359104156494141e+00 5.793743610382080078e+00 6.846603393554687500e+00 4.826961517333984375e+00 0.000000000000000000e+00 4.405924320220947266e+00 4.393709659576416016e+00 4.902035236358642578e+00 3.923965692520141602e+00
6.723835945129394531e+00 8.040493011474609375e+00 5.829259395599365234e+00 7.427642345428466797e+00 8.131658554077148438e+00 8.557800292968750000e+00 6.610437870025634766e+00 5.358640193939208984e+00 4.702616691589355469e+00 6.167712211608886719e+00 6.771461963653564453e+00 6.863463401794433594e+00 6.450975894927978516e+00 6.664548873901367188e+00 4.721072196960449219e+00 6.425195217132568359e+00 7.311003208160400391e+00 7.303862571716308594e+00 6.720509052276611328e+00 6.972432613372802734e+00 5.048344135284423828e+00 5.592188358306884766e+00 7.034391403198242188e+00 7.525401592254638672e+00 6.461480140686035156e+00 6.633389472961425781e+00 4.735331535339355469e+00 6.227714061737060547e+00 6.093290328979492188e+00 7.256921768188476562e+00 4.357519626617431641e+00 4.405924320220947266e+00 0.000000000000000000e+00 3.822545766830444336e+00 5.042256355285644531e+00 4.360975742340087891e+00
6.227180004119873047e+00 7.613428115844726562e+00 6.481848239898681641e+00 5.829259395599365234e+00 7.665183067321777344e+00 8.038311004638671875e+00 6.521444320678710938e+00 5.224301815032958984e+00 5.950819492340087891e+00 4.702616691589355469e+00 6.614181041717529297e+00 6.614316940307617188e+00 6.113745212554931641e+00 6.318699359893798828e+00 5.702421665191650391e+00 4.721071720123291016e+00 6.948159694671630859e+00 6.849811077117919922e+00 7.357707977294921875e+00 7.571816444396972656e+00 6.994476318359375000e+00 5.048344612121582031e+00 7.583972930908203125e+00 7.963227748870849609e+00 6.336171627044677734e+00 6.491930007934570312e+00 5.940202713012695312e+00 4.735331535339355469e+00 5.881146907806396484e+00 6.990705490112304688e+00 4.374188899993896484e+00 4.393709659576416016e+00 3.822545766830444336e+00 0.000000000000000000e+00 4.963191032409667969e+00 4.119997024536132812e+00
7.125732421875000000e+00 7.908732414245605469e+00 7.258467674255371094e+00 7.646700382232666016e+00 5.829259395599365234e+00 8.680314064025878906e+00 7.594043731689453125e+00 5.917690753936767578e+00 7.016067981719970703e+00 7.053250789642333984e+00 4.702616691589355469e+00 7.591083526611328125e+00 6.939923286437988281e+00 6.579977035522460938e+00 6.478809833526611328e+00 6.750307083129882812e+00 4.721071720123291016e+00 7.512633800506591797e+00 7.673204898834228516e+00 7.393245220184326172e+00 7.234472751617431641e+00 6.536163806915283203e+00 5.048344135284423828e+00 8.178648948669433594e+00 8.047086715698242188e+00 7.703192234039306641e+00 7.652923583984375000e+00 7.715268611907958984e+00 4.735331535339355469e+00 8.497859001159667969e+00 5.592256546020507812e+00 4.902035236358642578e+00 5.042256355285644531e+00 4.963191032409667969e+00 0.000000000000000000e+00 5.277241230010986328e+00
5.583734035491943359e+00 6.355886459350585938e+00 5.723705768585205078e+00 6.106949806213378906e+00 6.950628280639648438e+00 5.829259395599365234e+00 6.627907276153564453e+00 4.327348709106445312e+00 5.929442882537841797e+00 5.867604732513427734e+00 6.504091262817382812e+00 4.702616691589355469e+00 5.981721878051757812e+00 5.325577735900878906e+00 5.409884929656982422e+00 5.621910572052001953e+00 6.620870113372802734e+00 4.721072196960449219e+00 6.264435291290283203e+00 5.698454380035400391e+00 5.690000534057617188e+00 4.637597560882568359e+00 6.307123184204101562e+00 5.048344135284423828e+00 6.060938358306884766e+00 5.363372325897216797e+00 5.497275352478027344e+00 5.470422267913818359e+00 5.322750568389892578e+00 4.735331058502197266e+00 5.019328594207763672e+00 3.923965692520141602e+00 4.360975742340087891e+00 4.119997024536132812e+00 5.277241230010986328e+00 0.000000000000000000e+00
