0.000000000000000000e+00 8.436455726623535156e+00 7.579020023345947266e+00 8.939040184020996094e+00 8.960539817810058594e+00 8.638922691345214844e+00 1.029950809478759766e+01 8.536855697631835938e+00 1.199391746520996094e+01 1.185569572448730469e+01 1.197650527954101562e+01 1.155538558959960938e+01 9.439177513122558594e+00 1.101312541961669922e+01 1.124403476715087891e+01 1.162151336669921875e+01 1.218227672576904297e+01 1.203031921386718750e+01 1.057773399353027344e+01 1.158996677398681641e+01 1.206099414825439453e+01 8.622912406921386719e+00 1.195213413238525391e+01 1.225646018981933594e+01 9.864691734313964844e+00 1.088086414337158203e+01 1.116956710815429688e+01 1.135819149017333984e+01 9.440093040466308594e+00 1.106221675872802734e+01 9.462247848510742188e+00 1.080152511596679688e+01 1.127993106842041016e+01 1.144330120086669922e+01 1.110170555114746094e+01 1.022888469696044922e+01
8.436455726623535156e+00 0.000000000000000000e+00 7.878771305084228516e+00 8.955121994018554688e+00 8.361991882324218750e+00 7.788221359252929688e+00 1.678181838989257812e+01 1.029950809478759766e+01 1.590167713165283203e+01 1.565953540802001953e+01 1.540921974182128906e+01 1.496422767639160156e+01 1.411576366424560547e+01 9.439177513122558594e+00 1.304012012481689453e+01 1.320342063903808594e+01 1.330497550964355469e+01 1.302831172943115234e+01 1.522488689422607422e+01 1.057773399353027344e+01 1.410092163085937500e+01 1.110753631591796875e+01 1.346180152893066406e+01 1.360077762603759766e+01 1.478440570831298828e+01 9.864691734313964844e+00 1.339721679687500000e+01 1.339361953735351562e+01 1.135075759887695312e+01 1.258931255340576172e+01 1.430883979797363281e+01 9.462247848510742188e+00 1.326292991638183594e+01 1.323902988433837891e+01 1.252655029296875000e+01 1.160562133789062500e+01
7.579020023345947266e+00 7.878771305084228516e+00 0.000000000000000000e+00 7.863122463226318359e+00 7.463745594024658203e+00 7.357087135314941406e+00 1.353472423553466797e+01 9.134906768798828125e+00 1.029950809478759766e+01 1.192254734039306641e+01 1.176946258544921875e+01 1.151911830902099609e+01 1.290933322906494141e+01 1.150223731994628906e+01 9.439177513122558594e+00 1.170867919921875000e+01 1.199730682373046875e+01 1.201397609710693359e+01 1.389936828613281250e+01 1.221028232574462891e+01 1.057773399353027344e+01 8.952057838439941406e+00 1.192191886901855469e+01 1.239269924163818359e+01 1.359220981597900391e+01 1.180207157135009766e+01 9.864691734313964844e+00 1.187119483947753906e+01 9.722450256347656250e+00 1.148315620422363281e+01 1.291179656982421875e+01 1.128330612182617188e+01 9.462247848510742188e+00 1.151565170288085938e+01 1.088130855560302734e+01 1.019139957427978516e+01
8.939040184020996094e+00 8.955121994018554688e+00 7.863122463226318359e+00 0.000000000000000000e+00 8.948435783386230469e+00 8.852287292480468750e+00 1.521233367919921875e+01 1.128393173217773438e+01 1.391653728485107422e+01 1.029950809478759766e+01 1.373494529724121094e+01 1.351620388031005859e+01 1.424602985382080078e+01 1.281617259979248047e+01 1.283590126037597656e+01 9.439177513122558594e+00 1.349577713012695312e+01 1.350575733184814453e+01 1.758508300781250000e+01 1.614893150329589844e+01 1.634915924072265625e+01 1.057773399353027344e+01 1.612690162658691406e+01 1.647401237487792969e+01 1.501427936553955078e+01 1.325230693817138672e+01 1.331752300262451172e+01 9.864691734313964844e+00 1.170933723449707031e+01 1.320282936096191406e+01 1.441984462738037109e+01 1.281346035003662109e+01 1.304282951354980469e+01 9.462247848510742188e+00 1.270914936065673828e+01 1.211831092834472656e+01
8.960539817810058594e+00 8.361991882324218750e+00 7.463745594024658203e+00 8.948435783386230469e+00 0.000000000000000000e+00 7.708300590515136719e+00 1.514284133911132812e+01 1.070334053039550781e+01 1.360347366333007812e+01 1.355212402343750000e+01 1.029950809478759766e+01 1.269835853576660156e+01 1.379749298095703125e+01 1.187516498565673828e+01 1.206962108612060547e+01 1.249836635589599609e+01 9.439177513122558594e+00 1.226772117614746094e+01 1.554046249389648438e+01 1.350565338134765625e+01 1.389459419250488281e+01 1.112874317169189453e+01 1.057773399353027344e+01 1.357696437835693359e+01 1.631231117248535156e+01 1.433981800079345703e+01 1.454349422454833984e+01 1.475346374511718750e+01 9.864691734313964844e+00 1.398740959167480469e+01 1.471063995361328125e+01 1.272790622711181641e+01 1.311793994903564453e+01 1.333021926879882812e+01 9.462247848510742188e+00 1.166166782379150391e+01
8.638922691345214844e+00 7.788221359252929688e+00 7.357087135314941406e+00 8.852287292480468750e+00 7.708300590515136719e+00 0.000000000000000000e+00 1.509618473052978516e+01 1.046634578704833984e+01 1.370121002197265625e+01 1.364543724060058594e+01 1.302870559692382812e+01 1.029950809478759766e+01 1.351774787902832031e+01 1.139175224304199219e+01 1.192115592956542969e+01 1.234976291656494141e+01 1.210516262054443359e+01 9.439177513122558594e+00 1.492709159851074219e+01 1.265340137481689453e+01 1.335857009887695312e+01 1.044556522369384766e+01 1.258088970184326172e+01 1.057773399353027344e+01 1.488333225250244141e+01 1.254775905609130859e+01 1.307726573944091797e+01 1.330547237396240234e+01 1.085414314270019531e+01 9.864690780639648438e+00 1.495660877227783203e+01 1.287208461761474609e+01 1.354463291168212891e+01 1.374557304382324219e+01 1.272436809539794922e+01 9.462247848510742188e+00
1.029950809478759766e+01 1.678181838989257812e+01 1.353472423553466797e+01 1.521233367919921875e+01 1.514284133911132812e+01 1.509618473052978516e+01 0.000000000000000000e+00 8.436455726623535156e+00 7.579020023345947266e+00 8.939040184020996094e+00 8.960539817810058594e+00 8.638922691345214844e+00 9.332957267761230469e+00 1.495562553405761719e+01 1.200423812866210938e+01 1.336018085479736328e+01 1.376039218902587891e+01 1.378109359741210938e+01 8.824658393859863281e+00 1.430696296691894531e+01 1.145081138610839844e+01 9.261185646057128906e+00 1.231966400146484375e+01 1.278244304656982422e+01 8.742749214172363281e+00 1.420888900756835938e+01 1.111530971527099609e+01 1.239196777343750000e+01 1.054387760162353516e+01 1.219344520568847656e+01 8.523914337158203125e+00 1.428886604309082031e+01 1.140294742584228516e+01 1.262936878204345703e+01 1.221905803680419922e+01 1.161623668670654297e+01
8.536855697631835938e+00 1.029950809478759766e+01 9.134906768798828125e+00 1.128393173217773438e+01 1.070334053039550781e+01 1.046634578704833984e+01 8.436455726623535156e+00 0.000000000000000000e+00 7.878771305084228516e+00 8.955121994018554688e+00 8.361991882324218750e+00 7.788221359252929688e+00 9.637687683105468750e+00 9.332957267761230469e+00 9.129202842712402344e+00 1.064844512939453125e+01 1.065772724151611328e+01 1.051432609558105469e+01 9.664757728576660156e+00 8.824658393859863281e+00 8.950627326965332031e+00 5.515117645263671875e+00 9.260935783386230469e+00 9.683771133422851562e+00 9.660558700561523438e+00 8.742748260498046875e+00 8.596543312072753906e+00 9.978256225585937500e+00 6.820700168609619141e+00 8.967855453491210938e+00 9.137290954589843750e+00 8.523914337158203125e+00 8.620900154113769531e+00 9.972358703613281250e+00 8.865447998046875000e+00 7.785984992980957031e+00
1.199391746520996094e+01 1.590167713165283203e+01 1.029950809478759766e+01 1.391653728485107422e+01 1.360347366333007812e+01 1.370121002197265625e+01 7.579020023345947266e+00 7.878771305084228516e+00 0.000000000000000000e+00 7.863122463226318359e+00 7.463745594024658203e+00 7.357087135314941406e+00 1.204116153717041016e+01 1.466342067718505859e+01 9.332957267761230469e+00 1.268308448791503906e+01 1.285334587097167969e+01 1.303296470642089844e+01 1.181148719787597656e+01 1.413455200195312500e+01 8.824658393859863281e+00 8.478614807128906250e+00 1.146234703063964844e+01 1.212772274017333984e+01 1.200851058959960938e+01 1.425204753875732422e+01 8.742748260498046875e+00 1.207519149780273438e+01 9.844627380371093750e+00 1.176872634887695312e+01 1.140921115875244141e+01 1.396940803527832031e+01 8.523914337158203125e+00 1.189515304565429688e+01 1.117107868194580078e+01 1.070065975189208984e+01
1.185569572448730469e+01 1.565953540802001953e+01 1.192254734039306641e+01 1.029950809478759766e+01 1.355212402343750000e+01 1.364543724060058594e+01 8.939040184020996094e+00 8.955121994018554688e+00 7.863122463226318359e+00 0.000000000000000000e+00 8.948435783386230469e+00 8.852287292480468750e+00 1.247103023529052734e+01 1.487303829193115234e+01 1.170491409301757812e+01 9.332957267761230469e+00 1.332845497131347656e+01 1.349691104888916016e+01 1.515890693664550781e+01 1.690328788757324219e+01 1.440554428100585938e+01 8.824658393859863281e+00 1.495221710205078125e+01 1.546396827697753906e+01 1.261440849304199219e+01 1.461828136444091797e+01 1.143321895599365234e+01 8.742749214172363281e+00 1.066479301452636719e+01 1.245766067504882812e+01 1.206756496429443359e+01 1.436157035827636719e+01 1.129056930541992188e+01 8.523914337158203125e+00 1.192271614074707031e+01 1.147743606567382812e+01
1.197650527954101562e+01 1.540921974182128906e+01 1.176946258544921875e+01 1.373494529724121094e+01 1.029950809478759766e+01 1.302870559692382812e+01 8.960539817810058594e+00 8.361991882324218750e+00 7.463745594024658203e+00 8.948435783386230469e+00 0.000000000000000000e+00 7.708300590515136719e+00 1.205994892120361328e+01 1.415863227844238281e+01 1.097336196899414062e+01 1.251836681365966797e+01 9.332957267761230469e+00 1.235930442810058594e+01 1.282800197601318359e+01 1.448551368713378906e+01 1.165241527557373047e+01 9.608818054199218750e+00 8.824658393859863281e+00 1.243259811401367188e+01 1.422253513336181641e+01 1.569060802459716797e+01 1.293714141845703125e+01 1.411674690246582031e+01 8.742748260498046875e+00 1.337985706329345703e+01 1.251364898681640625e+01 1.437232875823974609e+01 1.148634910583496094e+01 1.277936077117919922e+01 8.523914337158203125e+00 1.110706615447998047e+01
1.155538558959960938e+01 1.496422767639160156e+01 1.151911830902099609e+01 1.351620388031005859e+01 1.269835853576660156e+01 1.029950809478759766e+01 8.638922691345214844e+00 7.788221359252929688e+00 7.357087135314941406e+00 8.852287292480468750e+00 7.708300590515136719e+00 0.000000000000000000e+00 1.155645465850830078e+01 1.360036468505859375e+01 1.061147785186767578e+01 1.219703006744384766e+01 1.184447383880615234e+01 9.332957267761230469e+00 1.190043354034423828e+01 1.353833580017089844e+01 1.081300067901611328e+01 8.563927650451660156e+00 1.095515918731689453e+01 8.824658393859863281e+00 1.238762283325195312e+01 1.391982936859130859e+01 1.107347488403320312e+01 1.242594051361083984e+01 9.627385139465332031e+00 8.742749214172363281e+00 1.263484191894531250e+01 1.435288906097412109e+01 1.179251956939697266e+01 1.305023574829101562e+01 1.186520481109619141e+01 8.523914337158203125e+00
9.439177513122558594e+00 1.411576366424560547e+01 1.290933322906494141e+01 1.424602985382080078e+01 1.379749298095703125e+01 1.351774787902832031e+01 9.332957267761230469e+00 9.637687683105468750e+00 1.204116153717041016e+01 1.247103023529052734e+01 1.205994892120361328e+01 1.155645465850830078e+01 0.000000000000000000e+00 8.436455726623535156e+00 7.579020500183105469e+00 8.939040184020996094e+00 8.960540771484375000e+00 8.638922691345214844e+00 9.545191764831542969e+00 1.235040378570556641e+01 1.203333187103271484e+01 9.355305671691894531e+00 1.196065330505371094e+01 1.218373966217041016e+01 9.790222167968750000e+00 1.248649024963378906e+01 1.197525882720947266e+01 1.270786190032958984e+01 1.042272186279296875e+01 1.182833194732666016e+01 9.246401786804199219e+00 1.231331253051757812e+01 1.197121429443359375e+01 1.268289661407470703e+01 1.184023571014404297e+01 1.093582820892333984e+01
1.101312541961669922e+01 9.439177513122558594e+00 1.150223731994628906e+01 1.281617259979248047e+01 1.187516498565673828e+01 1.139175224304199219e+01 1.495562553405761719e+01 9.332957267761230469e+00 1.466342067718505859e+01 1.487303829193115234e+01 1.415863227844238281e+01 1.360036468505859375e+01 8.436455726623535156e+00 0.000000000000000000e+00 7.878771305084228516e+00 8.955121994018554688e+00 8.361991882324218750e+00 7.788221359252929688e+00 1.311626815795898438e+01 9.545191764831542969e+00 1.261691761016845703e+01 9.877326011657714844e+00 1.193485927581787109e+01 1.200920200347900391e+01 1.334661197662353516e+01 9.790223121643066406e+00 1.261547183990478516e+01 1.314866447448730469e+01 1.045823097229003906e+01 1.170660781860351562e+01 1.271698856353759766e+01 9.246401786804199219e+00 1.236913681030273438e+01 1.289169311523437500e+01 1.161356258392333984e+01 1.051997280120849609e+01
1.124403476715087891e+01 1.304012012481689453e+01 9.439177513122558594e+00 1.283590126037597656e+01 1.206962108612060547e+01 1.192115592956542969e+01 1.200423812866210938e+01 9.129202842712402344e+00 9.332957267761230469e+00 1.170491409301757812e+01 1.097336196899414062e+01 1.061147785186767578e+01 7.579020500183105469e+00 7.878771305084228516e+00 0.000000000000000000e+00 7.863122940063476562e+00 7.463745594024658203e+00 7.357087135314941406e+00 1.234112644195556641e+01 1.213197708129882812e+01 9.545191764831542969e+00 8.555418014526367188e+00 1.105552196502685547e+01 1.147564315795898438e+01 1.277392673492431641e+01 1.251786231994628906e+01 9.790223121643066406e+00 1.238124465942382812e+01 9.691880226135253906e+00 1.137050437927246094e+01 1.194005870819091797e+01 1.192251777648925781e+01 9.246401786804199219e+00 1.193338489532470703e+01 1.073475170135498047e+01 9.935572624206542969e+00
1.162151336669921875e+01 1.320342063903808594e+01 1.170867919921875000e+01 9.439177513122558594e+00 1.249836635589599609e+01 1.234976291656494141e+01 1.336018085479736328e+01 1.064844512939453125e+01 1.268308448791503906e+01 9.332957267761230469e+00 1.251836681365966797e+01 1.219703006744384766e+01 8.939040184020996094e+00 8.955121994018554688e+00 7.863122940063476562e+00 0.000000000000000000e+00 8.948435783386230469e+00 8.852287292480468750e+00 1.595344638824462891e+01 1.565401744842529297e+01 1.525397014617919922e+01 9.545191764831542969e+00 1.504445934295654297e+01 1.535157489776611328e+01 1.378477478027343750e+01 1.338648509979248047e+01 1.273024368286132812e+01 9.790222167968750000e+00 1.107616806030273438e+01 1.256608867645263672e+01 1.303644371032714844e+01 1.285241413116455078e+01 1.233870315551757812e+01 9.246401786804199219e+00 1.202168369293212891e+01 1.130799865722656250e+01
1.218227672576904297e+01 1.330497550964355469e+01 1.199730682373046875e+01 1.349577713012695312e+01 9.439177513122558594e+00 1.210516262054443359e+01 1.376039218902587891e+01 1.065772724151611328e+01 1.285334587097167969e+01 1.332845497131347656e+01 9.332957267761230469e+00 1.184447383880615234e+01 8.960540771484375000e+00 8.361991882324218750e+00 7.463745594024658203e+00 8.948435783386230469e+00 0.000000000000000000e+00 7.708300590515136719e+00 1.413317775726318359e+01 1.340247344970703125e+01 1.309243297576904297e+01 1.077193450927734375e+01 9.545191764831542969e+00 1.271122169494628906e+01 1.560917472839355469e+01 1.490530586242675781e+01 1.446303462982177734e+01 1.513817691802978516e+01 9.790223121643066406e+00 1.386372852325439453e+01 1.383413410186767578e+01 1.326509857177734375e+01 1.292949962615966797e+01 1.366089344024658203e+01 9.246401786804199219e+00 1.140067195892333984e+01
1.203031921386718750e+01 1.302831172943115234e+01 1.201397609710693359e+01 1.350575733184814453e+01 1.226772117614746094e+01 9.439177513122558594e+00 1.378109359741210938e+01 1.051432609558105469e+01 1.303296470642089844e+01 1.349691104888916016e+01 1.235930442810058594e+01 9.332957267761230469e+00 8.638922691345214844e+00 7.788221359252929688e+00 7.357087135314941406e+00 8.852287292480468750e+00 7.708300590515136719e+00 0.000000000000000000e+00 1.352922248840332031e+01 1.262193393707275391e+01 1.260096931457519531e+01 1.016250419616699219e+01 1.181024932861328125e+01 9.545191764831542969e+00 1.417919063568115234e+01 1.326518058776855469e+01 1.306376647949218750e+01 1.380276489257812500e+01 1.087794780731201172e+01 9.790223121643066406e+00 1.416550445556640625e+01 1.347719669342041016e+01 1.343613529205322266e+01 1.413672637939453125e+01 1.264327335357666016e+01 9.246400833129882812e+00
1.057773399353027344e+01 1.522488689422607422e+01 1.389936828613281250e+01 1.758508300781250000e+01 1.554046249389648438e+01 1.492709159851074219e+01 8.824658393859863281e+00 9.664757728576660156e+00 1.181148719787597656e+01 1.515890693664550781e+01 1.282800197601318359e+01 1.190043354034423828e+01 9.545191764831542969e+00 1.311626815795898438e+01 1.234112644195556641e+01 1.595344638824462891e+01 1.413317775726318359e+01 1.352922248840332031e+01 0.000000000000000000e+00 8.436455726623535156e+00 7.579020023345947266e+00 8.939040184020996094e+00 8.960539817810058594e+00 8.638922691345214844e+00 8.572603225708007812e+00 1.197102832794189453e+01 1.117134952545166016e+01 1.492066383361816406e+01 1.070602512359619141e+01 1.161243629455566406e+01 8.967912673950195312e+00 1.250188827514648438e+01 1.191589832305908203e+01 1.546863746643066406e+01 1.278528118133544922e+01 1.148120307922363281e+01
1.158996677398681641e+01 1.057773399353027344e+01 1.221028232574462891e+01 1.614893150329589844e+01 1.350565338134765625e+01 1.265340137481689453e+01 1.430696296691894531e+01 8.824658393859863281e+00 1.413455200195312500e+01 1.690328788757324219e+01 1.448551368713378906e+01 1.353833580017089844e+01 1.235040378570556641e+01 9.545191764831542969e+00 1.213197708129882812e+01 1.565401744842529297e+01 1.340247344970703125e+01 1.262193393707275391e+01 8.436455726623535156e+00 0.000000000000000000e+00 7.878771305084228516e+00 8.955121994018554688e+00 8.361991882324218750e+00 7.788221359252929688e+00 1.208391952514648438e+01 8.572603225708007812e+00 1.143636035919189453e+01 1.497570705413818359e+01 1.027659511566162109e+01 1.105585289001464844e+01 1.212011814117431641e+01 8.967912673950195312e+00 1.191310882568359375e+01 1.532535743713378906e+01 1.218175220489501953e+01 1.063689231872558594e+01
1.206099414825439453e+01 1.410092163085937500e+01 1.057773399353027344e+01 1.634915924072265625e+01 1.389459419250488281e+01 1.335857009887695312e+01 1.145081138610839844e+01 8.950627326965332031e+00 8.824658393859863281e+00 1.440554428100585938e+01 1.165241527557373047e+01 1.081300067901611328e+01 1.203333187103271484e+01 1.261691761016845703e+01 9.545191764831542969e+00 1.525397014617919922e+01 1.309243297576904297e+01 1.260096931457519531e+01 7.579020023345947266e+00 7.878771305084228516e+00 0.000000000000000000e+00 7.863122940063476562e+00 7.463745594024658203e+00 7.357087135314941406e+00 1.170739555358886719e+01 1.184646797180175781e+01 8.572603225708007812e+00 1.451483726501464844e+01 9.806488990783691406e+00 1.097617721557617188e+01 1.156466102600097656e+01 1.196138763427734375e+01 8.967912673950195312e+00 1.473354625701904297e+01 1.160844612121582031e+01 1.035326766967773438e+01
8.622912406921386719e+00 1.110753631591796875e+01 8.952057838439941406e+00 1.057773399353027344e+01 1.112874317169189453e+01 1.044556522369384766e+01 9.261185646057128906e+00 5.515117645263671875e+00 8.478614807128906250e+00 8.824658393859863281e+00 9.608818054199218750e+00 8.563927650451660156e+00 9.355305671691894531e+00 9.877326011657714844e+00 8.555418014526367188e+00 9.545191764831542969e+00 1.077193450927734375e+01 1.016250419616699219e+01 8.939040184020996094e+00 8.955121994018554688e+00 7.863122940063476562e+00 0.000000000000000000e+00 8.948435783386230469e+00 8.852287292480468750e+00 9.174187660217285156e+00 9.115685462951660156e+00 7.743124008178710938e+00 8.572603225708007812e+00 6.721009254455566406e+00 8.327693939208984375e+00 9.021142959594726562e+00 9.293479919433593750e+00 8.211389541625976562e+00 8.967911720275878906e+00 9.181381225585937500e+00 7.523375511169433594e+00
1.195213413238525391e+01 1.346180152893066406e+01 1.192191886901855469e+01 1.612690162658691406e+01 1.057773399353027344e+01 1.258088970184326172e+01 1.231966400146484375e+01 9.260935783386230469e+00 1.146234703063964844e+01 1.495221710205078125e+01 8.824658393859863281e+00 1.095515918731689453e+01 1.196065330505371094e+01 1.193485927581787109e+01 1.105552196502685547e+01 1.504445934295654297e+01 9.545191764831542969e+00 1.181024932861328125e+01 8.960539817810058594e+00 8.361991882324218750e+00 7.463745594024658203e+00 8.948435783386230469e+00 0.000000000000000000e+00 7.708300590515136719e+00 1.389038085937500000e+01 1.346166896820068359e+01 1.273682880401611328e+01 1.618505859375000000e+01 8.572604179382324219e+00 1.260148620605468750e+01 1.256845378875732422e+01 1.234089279174804688e+01 1.172628974914550781e+01 1.538499736785888672e+01 8.967912673950195312e+00 1.067034530639648438e+01
1.225646018981933594e+01 1.360077762603759766e+01 1.239269924163818359e+01 1.647401237487792969e+01 1.357696437835693359e+01 1.057773399353027344e+01 1.278244304656982422e+01 9.683771133422851562e+00 1.212772274017333984e+01 1.546396827697753906e+01 1.243259811401367188e+01 8.824658393859863281e+00 1.218373966217041016e+01 1.200920200347900391e+01 1.147564315795898438e+01 1.535157489776611328e+01 1.271122169494628906e+01 9.545191764831542969e+00 8.638922691345214844e+00 7.788221359252929688e+00 7.357087135314941406e+00 8.852287292480468750e+00 7.708300590515136719e+00 0.000000000000000000e+00 1.270402908325195312e+01 1.208552551269531250e+01 1.160844707489013672e+01 1.530864429473876953e+01 1.034492206573486328e+01 8.572604179382324219e+00 1.335255908966064453e+01 1.300062465667724609e+01 1.272439384460449219e+01 1.615461921691894531e+01 1.287736129760742188e+01 8.967912673950195312e+00
9.864691734313964844e+00 1.478440570831298828e+01 1.359220981597900391e+01 1.501427936553955078e+01 1.631231117248535156e+01 1.488333225250244141e+01 8.742749214172363281e+00 9.660558700561523438e+00 1.200851058959960938e+01 1.261440849304199219e+01 1.422253513336181641e+01 1.238762283325195312e+01 9.790222167968750000e+00 1.334661197662353516e+01 1.277392673492431641e+01 1.378477478027343750e+01 1.560917472839355469e+01 1.417919063568115234e+01 8.572603225708007812e+00 1.208391952514648438e+01 1.170739555358886719e+01 9.174187660217285156e+00 1.389038085937500000e+01 1.270402908325195312e+01 0.000000000000000000e+00 8.436455726623535156e+00 7.579020023345947266e+00 8.939040184020996094e+00 8.960539817810058594e+00 8.638922691345214844e+00 7.358915805816650391e+00 1.146233749389648438e+01 1.103860759735107422e+01 1.199077606201171875e+01 1.327989006042480469e+01 1.090046119689941406e+01
1.088086414337158203e+01 9.864691734313964844e+00 1.180207157135009766e+01 1.325230693817138672e+01 1.433981800079345703e+01 1.254775905609130859e+01 1.420888900756835938e+01 8.742748260498046875e+00 1.425204753875732422e+01 1.461828136444091797e+01 1.569060802459716797e+01 1.391982936859130859e+01 1.248649024963378906e+01 9.790223121643066406e+00 1.251786231994628906e+01 1.338648509979248047e+01 1.490530586242675781e+01 1.326518058776855469e+01 1.197102832794189453e+01 8.572603225708007812e+00 1.184646797180175781e+01 9.115685462951660156e+00 1.346166896820068359e+01 1.208552551269531250e+01 8.436455726623535156e+00 0.000000000000000000e+00 7.878771305084228516e+00 8.955121994018554688e+00 8.361991882324218750e+00 7.788221359252929688e+00 1.092106437683105469e+01 7.358915805816650391e+00 1.097390460968017578e+01 1.174771213531494141e+01 1.264631748199462891e+01 9.939199447631835938e+00
1.116956710815429688e+01 1.339721679687500000e+01 9.864691734313964844e+00 1.331752300262451172e+01 1.454349422454833984e+01 1.307726573944091797e+01 1.111530971527099609e+01 8.596543312072753906e+00 8.742748260498046875e+00 1.143321895599365234e+01 1.293714141845703125e+01 1.107347488403320312e+01 1.197525882720947266e+01 1.261547183990478516e+01 9.790223121643066406e+00 1.273024368286132812e+01 1.446303462982177734e+01 1.306376647949218750e+01 1.117134952545166016e+01 1.143636035919189453e+01 8.572603225708007812e+00 7.743124008178710938e+00 1.273682880401611328e+01 1.160844707489013672e+01 7.579020023345947266e+00 7.878771305084228516e+00 0.000000000000000000e+00 7.863122463226318359e+00 7.463745594024658203e+00 7.357087135314941406e+00 1.006675338745117188e+01 1.058445930480957031e+01 7.358915805816650391e+00 1.074454784393310547e+01 1.189604949951171875e+01 9.384036064147949219e+00
1.135819149017333984e+01 1.339361953735351562e+01 1.187119483947753906e+01 9.864691734313964844e+00 1.475346374511718750e+01 1.330547237396240234e+01 1.239196777343750000e+01 9.978256225585937500e+00 1.207519149780273438e+01 8.742749214172363281e+00 1.411674690246582031e+01 1.242594051361083984e+01 1.270786190032958984e+01 1.314866447448730469e+01 1.238124465942382812e+01 9.790222167968750000e+00 1.513817691802978516e+01 1.380276489257812500e+01 1.492066383361816406e+01 1.497570705413818359e+01 1.451483726501464844e+01 8.572603225708007812e+00 1.618505859375000000e+01 1.530864429473876953e+01 8.939040184020996094e+00 8.955121994018554688e+00 7.863122463226318359e+00 0.000000000000000000e+00 8.948435783386230469e+00 8.852287292480468750e+00 1.115084838867187500e+01 1.143183994293212891e+01 1.079441356658935547e+01 7.358915805816650391e+00 1.290038967132568359e+01 1.062230777740478516e+01
9.440093040466308594e+00 1.135075759887695312e+01 9.722450256347656250e+00 1.170933723449707031e+01 9.864691734313964844e+00 1.085414314270019531e+01 1.054387760162353516e+01 6.820700168609619141e+00 9.844627380371093750e+00 1.066479301452636719e+01 8.742748260498046875e+00 9.627385139465332031e+00 1.042272186279296875e+01 1.045823097229003906e+01 9.691880226135253906e+00 1.107616806030273438e+01 9.790223121643066406e+00 1.087794780731201172e+01 1.070602512359619141e+01 1.027659511566162109e+01 9.806488990783691406e+00 6.721009254455566406e+00 8.572604179382324219e+00 1.034492206573486328e+01 8.960539817810058594e+00 8.361991882324218750e+00 7.463745594024658203e+00 8.948435783386230469e+00 0.000000000000000000e+00 7.708300590515136719e+00 9.619479179382324219e+00 9.392750740051269531e+00 8.843430519104003906e+00 1.010129928588867188e+01 7.358915805816650391e+00 7.854708194732666016e+00
1.106221675872802734e+01 1.258931255340576172e+01 1.148315620422363281e+01 1.320282936096191406e+01 1.398740959167480469e+01 9.864690780639648438e+00 1.219344520568847656e+01 8.967855453491210938e+00 1.176872634887695312e+01 1.245766067504882812e+01 1.337985706329345703e+01 8.742749214172363281e+00 1.182833194732666016e+01 1.170660781860351562e+01 1.137050437927246094e+01 1.256608867645263672e+01 1.386372852325439453e+01 9.790223121643066406e+00 1.161243629455566406e+01 1.105585289001464844e+01 1.097617721557617188e+01 8.327693939208984375e+00 1.260148620605468750e+01 8.572604179382324219e+00 8.638922691345214844e+00 7.788221359252929688e+00 7.357087135314941406e+00 8.852287292480468750e+00 7.708300590515136719e+00 0.000000000000000000e+00 1.177918529510498047e+01 1.143819713592529297e+01 1.133581066131591797e+01 1.233692932128906250e+01 1.286260700225830078e+01 7.358915805816650391e+00
9.462247848510742188e+00 1.430883979797363281e+01 1.291179656982421875e+01 1.441984462738037109e+01 1.471063995361328125e+01 1.495660877227783203e+01 8.523914337158203125e+00 9.137290954589843750e+00 1.140921115875244141e+01 1.206756496429443359e+01 1.251364898681640625e+01 1.263484191894531250e+01 9.246401786804199219e+00 1.271698856353759766e+01 1.194005870819091797e+01 1.303644371032714844e+01 1.383413410186767578e+01 1.416550445556640625e+01 8.967912673950195312e+00 1.212011814117431641e+01 1.156466102600097656e+01 9.021142959594726562e+00 1.256845378875732422e+01 1.335255908966064453e+01 7.358915805816650391e+00 1.092106437683105469e+01 1.006675338745117188e+01 1.115084838867187500e+01 9.619479179382324219e+00 1.177918529510498047e+01 0.000000000000000000e+00 8.436455726623535156e+00 7.579020023345947266e+00 8.939040184020996094e+00 8.960540771484375000e+00 8.638922691345214844e+00
1.080152511596679688e+01 9.462247848510742188e+00 1.128330612182617188e+01 1.281346035003662109e+01 1.272790622711181641e+01 1.287208461761474609e+01 1.428886604309082031e+01 8.523914337158203125e+00 1.396940803527832031e+01 1.436157035827636719e+01 1.437232875823974609e+01 1.435288906097412109e+01 1.231331253051757812e+01 9.246401786804199219e+00 1.192251777648925781e+01 1.285241413116455078e+01 1.326509857177734375e+01 1.347719669342041016e+01 1.250188827514648438e+01 8.967912673950195312e+00 1.196138763427734375e+01 9.293479919433593750e+00 1.234089279174804688e+01 1.300062465667724609e+01 1.146233749389648438e+01 7.358915805816650391e+00 1.058445930480957031e+01 1.143183994293212891e+01 9.392750740051269531e+00 1.143819713592529297e+01 8.436455726623535156e+00 0.000000000000000000e+00 7.878771305084228516e+00 8.955121994018554688e+00 8.361992835998535156e+00 7.788221359252929688e+00
1.127993106842041016e+01 1.326292991638183594e+01 9.462247848510742188e+00 1.304282951354980469e+01 1.311793994903564453e+01 1.354463291168212891e+01 1.140294742584228516e+01 8.620900154113769531e+00 8.523914337158203125e+00 1.129056930541992188e+01 1.148634910583496094e+01 1.179251956939697266e+01 1.197121429443359375e+01 1.236913681030273438e+01 9.246401786804199219e+00 1.233870315551757812e+01 1.292949962615966797e+01 1.343613529205322266e+01 1.191589832305908203e+01 1.191310882568359375e+01 8.967912673950195312e+00 8.211389541625976562e+00 1.172628974914550781e+01 1.272439384460449219e+01 1.103860759735107422e+01 1.097390460968017578e+01 7.358915805816650391e+00 1.079441356658935547e+01 8.843430519104003906e+00 1.133581066131591797e+01 7.579020023345947266e+00 7.878771305084228516e+00 0.000000000000000000e+00 7.863122463226318359e+00 7.463745594024658203e+00 7.357087135314941406e+00
1.144330120086669922e+01 1.323902988433837891e+01 1.151565170288085938e+01 9.462247848510742188e+00 1.333021926879882812e+01 1.374557304382324219e+01 1.262936878204345703e+01 9.972358703613281250e+00 1.189515304565429688e+01 8.523914337158203125e+00 1.277936077117919922e+01 1.305023574829101562e+01 1.268289661407470703e+01 1.289169311523437500e+01 1.193338489532470703e+01 9.246401786804199219e+00 1.366089344024658203e+01 1.413672637939453125e+01 1.546863746643066406e+01 1.532535743713378906e+01 1.473354625701904297e+01 8.967911720275878906e+00 1.538499736785888672e+01 1.615461921691894531e+01 1.199077606201171875e+01 1.174771213531494141e+01 1.074454784393310547e+01 7.358915805816650391e+00 1.010129928588867188e+01 1.233692932128906250e+01 8.939040184020996094e+00 8.955121994018554688e+00 7.863122463226318359e+00 0.000000000000000000e+00 8.948435783386230469e+00 8.852287292480468750e+00
1.110170555114746094e+01 1.252655029296875000e+01 1.088130855560302734e+01 1.270914936065673828e+01 9.462247848510742188e+00 1.272436809539794922e+01 1.221905803680419922e+01 8.865447998046875000e+00 1.117107868194580078e+01 1.192271614074707031e+01 8.523914337158203125e+00 1.186520481109619141e+01 1.184023571014404297e+01 1.161356258392333984e+01 1.073475170135498047e+01 1.202168369293212891e+01 9.246401786804199219e+00 1.264327335357666016e+01 1.278528118133544922e+01 1.218175220489501953e+01 1.160844612121582031e+01 9.181381225585937500e+00 8.967912673950195312e+00 1.287736129760742188e+01 1.327989006042480469e+01 1.264631748199462891e+01 1.189604949951171875e+01 1.290038967132568359e+01 7.358915805816650391e+00 1.286260700225830078e+01 8.960540771484375000e+00 8.361992835998535156e+00 7.463745594024658203e+00 8.948435783386230469e+00 0.000000000000000000e+00 7.708300590515136719e+00
1.022888469696044922e+01 1.160562133789062500e+01 1.019139957427978516e+01 1.211831092834472656e+01 1.166166782379150391e+01 9.462247848510742188e+00 1.161623668670654297e+01 7.785984992980957031e+00 1.070065975189208984e+01 1.147743606567382812e+01 1.110706615447998047e+01 8.523914337158203125e+00 1.093582820892333984e+01 1.051997280120849609e+01 9.935572624206542969e+00 1.130799865722656250e+01 1.140067195892333984e+01 9.246400833129882812e+00 1.148120307922363281e+01 1.063689231872558594e+01 1.035326766967773438e+01 7.523375511169433594e+00 1.067034530639648438e+01 8.967912673950195312e+00 1.090046119689941406e+01 9.939199447631835938e+00 9.384036064147949219e+00 1.062230777740478516e+01 7.854708194732666016e+00 7.358915805816650391e+00 8.638922691345214844e+00 7.788221359252929688e+00 7.357087135314941406e+00 8.852287292480468750e+00 7.708300590515136719e+00 0.000000000000000000e+00
