0.000000000000000000e+00 5.066063880920410156e+00 4.614224433898925781e+00 5.495029926300048828e+00 5.232125759124755859e+00 4.779038906097412109e+00 6.680799961090087891e+00 5.460834980010986328e+00 7.406029224395751953e+00 7.263791084289550781e+00 7.067193508148193359e+00 6.396022319793701172e+00 5.750103473663330078e+00 6.310138225555419922e+00 6.750802993774414062e+00 7.028346538543701172e+00 7.220849037170410156e+00 6.408866882324218750e+00 6.576539993286132812e+00 6.735631942749023438e+00 7.446362495422363281e+00 5.808848857879638672e+00 7.054555892944335938e+00 6.788284301757812500e+00 6.037880420684814453e+00 6.384029865264892578e+00 6.791280269622802734e+00 6.862561702728271484e+00 5.697111606597900391e+00 6.011226177215576172e+00 6.620603084564208984e+00 6.913529872894287109e+00 7.509635448455810547e+00 7.570317745208740234e+00 7.423203945159912109e+00 6.441197395324707031e+00
5.066063880920410156e+00 0.000000000000000000e+00 4.274187564849853516e+00 4.977179527282714844e+00 4.370833396911621094e+00 3.737821340560913086e+00 1.052499294281005859e+01 6.680799961090087891e+00 9.607510566711425781e+00 9.371071815490722656e+00 9.063753128051757812e+00 8.515784263610839844e+00 8.811329841613769531e+00 5.750103473663330078e+00 7.839757919311523438e+00 7.930035114288330078e+00 7.923416614532470703e+00 7.149580955505371094e+00 9.615771293640136719e+00 6.576539993286132812e+00 8.716254234313964844e+00 7.201863765716552734e+00 8.064922332763671875e+00 7.794874191284179688e+00 9.137076377868652344e+00 6.037880420684814453e+00 8.028964042663574219e+00 7.939577579498291016e+00 6.749169349670410156e+00 6.973671913146972656e+00 9.549758911132812500e+00 6.620603084564208984e+00 8.664452552795410156e+00 8.578295707702636719e+00 8.278495788574218750e+00 7.370319843292236328e+00
4.614224433898925781e+00 4.274187564849853516e+00 0.000000000000000000e+00 4.823404312133789062e+00 4.291456222534179688e+00 4.103222846984863281e+00 8.774909973144531250e+00 5.787856578826904297e+00 6.680799961090087891e+00 7.543701171875000000e+00 7.215369701385498047e+00 6.780945301055908203e+00 7.945826530456542969e+00 6.418951034545898438e+00 5.750103473663330078e+00 7.158836364746093750e+00 7.208572387695312500e+00 6.622099399566650391e+00 8.581118583679199219e+00 6.860470771789550781e+00 6.576539993286132812e+00 5.992181777954101562e+00 7.064124584197998047e+00 7.012250900268554688e+00 8.329024314880371094e+00 6.707093715667724609e+00 6.037880420684814453e+00 7.196542263031005859e+00 5.926560401916503906e+00 6.462015151977539062e+00 8.593734741210937500e+00 7.009236812591552734e+00 6.620603084564208984e+00 7.688199043273925781e+00 7.407714843750000000e+00 6.649441242218017578e+00
5.495029926300048828e+00 4.977179527282714844e+00 4.823404312133789062e+00 0.000000000000000000e+00 4.812754631042480469e+00 4.882511138916015625e+00 9.843486785888671875e+00 7.140995502471923828e+00 8.881959915161132812e+00 6.680799961090087891e+00 8.233983039855957031e+00 7.998411655426025391e+00 8.781824111938476562e+00 7.265436172485351562e+00 7.836383342742919922e+00 5.750103473663330078e+00 7.860630989074707031e+00 7.478948593139648438e+00 1.063718700408935547e+01 9.174942016601562500e+00 9.855251312255859375e+00 6.576539993286132812e+00 9.233511924743652344e+00 9.315794944763183594e+00 9.284823417663574219e+00 7.708421230316162109e+00 8.225098609924316406e+00 6.037880420684814453e+00 6.913836956024169922e+00 7.529351711273193359e+00 9.526057243347167969e+00 7.976355552673339844e+00 8.665265083312988281e+00 6.620603084564208984e+00 8.222496986389160156e+00 7.694592475891113281e+00
5.232125759124755859e+00 4.370833396911621094e+00 4.291456222534179688e+00 4.812754631042480469e+00 0.000000000000000000e+00 4.218328475952148438e+00 9.699033737182617188e+00 6.732229709625244141e+00 8.604522705078125000e+00 8.233646392822265625e+00 6.680799961090087891e+00 7.610991954803466797e+00 8.290778160095214844e+00 6.446332931518554688e+00 7.141221523284912109e+00 7.117800235748291016e+00 5.750103473663330078e+00 6.657840251922607422e+00 9.564794540405273438e+00 7.724453926086425781e+00 8.569312095642089844e+00 6.897046566009521484e+00 6.576539993286132812e+00 7.867347717285156250e+00 9.757315635681152344e+00 8.097473144531250000e+00 8.638348579406738281e+00 8.451986312866210938e+00 6.037880420684814453e+00 7.903416156768798828e+00 9.344039916992187500e+00 7.572294235229492188e+00 8.344082832336425781e+00 8.147424697875976562e+00 6.620603084564208984e+00 7.248977661132812500e+00
4.779038906097412109e+00 3.737821340560913086e+00 4.103222846984863281e+00 4.882511138916015625e+00 4.218328475952148438e+00 0.000000000000000000e+00 9.697189331054687500e+00 6.685074806213378906e+00 8.772561073303222656e+00 8.542213439941406250e+00 8.180927276611328125e+00 6.680799961090087891e+00 8.410244941711425781e+00 6.553890228271484375e+00 7.479842662811279297e+00 7.607269287109375000e+00 7.575562477111816406e+00 5.750103473663330078e+00 9.278976440429687500e+00 7.326959133148193359e+00 8.426326751708984375e+00 6.884444236755371094e+00 7.758557319641113281e+00 6.576539993286132812e+00 9.080505371093750000e+00 7.226514339447021484e+00 8.051535606384277344e+00 7.993665218353271484e+00 6.785027980804443359e+00 6.037880420684814453e+00 9.584057807922363281e+00 7.828522682189941406e+00 8.781946182250976562e+00 8.725585937500000000e+00 8.408667564392089844e+00 6.620603084564208984e+00
6.680799961090087891e+00 1.052499294281005859e+01 8.774909973144531250e+00 9.843486785888671875e+00 9.699033737182617188e+00 9.697189331054687500e+00 0.000000000000000000e+00 5.066063880920410156e+00 4.614224433898925781e+00 5.495029926300048828e+00 5.232125759124755859e+00 4.779038906097412109e+00 4.631800651550292969e+00 8.287647247314453125e+00 6.711044788360595703e+00 7.736493110656738281e+00 7.911609172821044922e+00 7.485095500946044922e+00 4.425684452056884766e+00 7.885550022125244141e+00 6.546678543090820312e+00 5.669594764709472656e+00 6.940141201019287109e+00 6.998556613922119141e+00 4.679871559143066406e+00 8.165684700012207031e+00 6.530051231384277344e+00 7.389569282531738281e+00 6.321810722351074219e+00 6.938531875610351562e+00 4.453474998474121094e+00 8.017189025878906250e+00 6.593221664428710938e+00 7.441541671752929688e+00 7.291640758514404297e+00 6.637264251708984375e+00
5.460834980010986328e+00 6.680799961090087891e+00 5.787856578826904297e+00 7.140995502471923828e+00 6.732229709625244141e+00 6.685074806213378906e+00 5.066063880920410156e+00 0.000000000000000000e+00 4.274188041687011719e+00 4.977179527282714844e+00 4.370833396911621094e+00 3.737821340560913086e+00 5.054903507232666016e+00 4.631800651550292969e+00 4.522080421447753906e+00 5.732692241668701172e+00 5.723291873931884766e+00 5.058875560760498047e+00 5.321792125701904297e+00 4.425684452056884766e+00 4.786063194274902344e+00 3.129066228866577148e+00 4.792117595672607422e+00 4.814735412597656250e+00 5.334228515625000000e+00 4.679871559143066406e+00 4.528462409973144531e+00 5.483656883239746094e+00 3.547128915786743164e+00 4.490336418151855469e+00 5.169290542602539062e+00 4.453474998474121094e+00 4.655244827270507812e+00 5.583603382110595703e+00 5.110791206359863281e+00 4.050740242004394531e+00
7.406029224395751953e+00 9.607510566711425781e+00 6.680799961090087891e+00 8.881959915161132812e+00 8.604522705078125000e+00 8.772561073303222656e+00 4.614224433898925781e+00 4.274188041687011719e+00 0.000000000000000000e+00 4.823404312133789062e+00 4.291455745697021484e+00 4.103222846984863281e+00 6.360123157501220703e+00 7.680840969085693359e+00 4.631800651550292969e+00 7.115457057952880859e+00 7.165300369262695312e+00 6.908719539642333984e+00 6.236705303192138672e+00 7.266659259796142578e+00 4.425684452056884766e+00 4.820055484771728516e+00 6.101292610168457031e+00 6.402793884277343750e+00 6.613846302032470703e+00 7.735165119171142578e+00 4.679871559143066406e+00 6.944516181945800781e+00 5.617600917816162109e+00 6.533846378326416016e+00 6.227233886718750000e+00 7.384642601013183594e+00 4.453474998474121094e+00 6.789724349975585938e+00 6.470194816589355469e+00 5.975318908691406250e+00
7.263791084289550781e+00 9.371071815490722656e+00 7.543701171875000000e+00 6.680799961090087891e+00 8.233646392822265625e+00 8.542213439941406250e+00 5.495029926300048828e+00 4.977179527282714844e+00 4.823404312133789062e+00 0.000000000000000000e+00 4.812754631042480469e+00 4.882511138916015625e+00 6.591246604919433594e+00 7.719328880310058594e+00 6.229598522186279297e+00 4.631800651550292969e+00 7.083546161651611328e+00 6.987271785736083984e+00 8.210954666137695312e+00 8.884084701538085938e+00 7.903852939605712891e+00 4.425684452056884766e+00 7.847978115081787109e+00 8.222970008850097656e+00 7.041830062866210938e+00 7.954654693603515625e+00 6.488955497741699219e+00 4.679871559143066406e+00 5.765723228454589844e+00 6.828890800476074219e+00 6.684387683868408203e+00 7.618063449859619141e+00 6.332217693328857422e+00 4.453474998474121094e+00 6.603615760803222656e+00 6.301208019256591797e+00
7.067193508148193359e+00 9.063753128051757812e+00 7.215369701385498047e+00 8.233983039855957031e+00 6.680799961090087891e+00 8.180927276611328125e+00 5.232125759124755859e+00 4.370833396911621094e+00 4.291455745697021484e+00 4.812754631042480469e+00 0.000000000000000000e+00 4.218328475952148438e+00 5.921476364135742188e+00 6.954096794128417969e+00 5.329053878784179688e+00 6.249459743499755859e+00 4.631800651550292969e+00 6.100566387176513672e+00 6.764472484588623047e+00 7.376811027526855469e+00 6.227422237396240234e+00 4.889562129974365234e+00 4.425684452056884766e+00 6.536906242370605469e+00 7.654240131378173828e+00 8.332385063171386719e+00 7.005579948425292969e+00 7.542150974273681641e+00 4.679871559143066406e+00 7.239431858062744141e+00 6.422549247741699219e+00 7.194098472595214844e+00 5.885291099548339844e+00 6.510326862335205078e+00 4.453474998474121094e+00 5.748818874359130859e+00
6.396022319793701172e+00 8.515784263610839844e+00 6.780945301055908203e+00 7.998411655426025391e+00 7.610991954803466797e+00 6.680799961090087891e+00 4.779038906097412109e+00 3.737821340560913086e+00 4.103222846984863281e+00 4.882511138916015625e+00 4.218328475952148438e+00 0.000000000000000000e+00 5.706042766571044922e+00 6.727373600006103516e+00 5.371184349060058594e+00 6.462430953979492188e+00 6.424861431121826172e+00 4.631800651550292969e+00 5.989323616027832031e+00 6.628295421600341797e+00 5.643621444702148438e+00 4.385654449462890625e+00 5.659577846527099609e+00 4.425684452056884766e+00 6.429430961608886719e+00 7.182053089141845703e+00 5.897805213928222656e+00 6.696751117706298828e+00 5.194383621215820312e+00 4.679871559143066406e+00 6.425887584686279297e+00 7.155487537384033203e+00 6.134762287139892578e+00 6.902135848999023438e+00 6.496657371520996094e+00 4.453474998474121094e+00
5.750103473663330078e+00 8.811329841613769531e+00 7.945826530456542969e+00 8.781824111938476562e+00 8.290778160095214844e+00 8.410244941711425781e+00 4.631800651550292969e+00 5.054903507232666016e+00 6.360123157501220703e+00 6.591246604919433594e+00 5.921476364135742188e+00 5.706042766571044922e+00 0.000000000000000000e+00 5.066063880920410156e+00 4.614224433898925781e+00 5.495029926300048828e+00 5.232125759124755859e+00 4.779038906097412109e+00 4.934130191802978516e+00 6.736047744750976562e+00 6.732346057891845703e+00 5.357132911682128906e+00 6.257770538330078125e+00 6.481118202209472656e+00 5.206851005554199219e+00 7.093798160552978516e+00 6.749680519104003906e+00 7.184110164642333984e+00 5.604511737823486328e+00 6.451314449310302734e+00 4.828399658203125000e+00 6.796234130859375000e+00 6.682596206665039062e+00 7.117032527923583984e+00 6.548526287078857422e+00 5.983261108398437500e+00
6.310138225555419922e+00 5.750103473663330078e+00 6.418951034545898438e+00 7.265436172485351562e+00 6.446332931518554688e+00 6.553890228271484375e+00 8.287647247314453125e+00 4.631800651550292969e+00 7.680840969085693359e+00 7.719328880310058594e+00 6.954096794128417969e+00 6.727373600006103516e+00 5.066063880920410156e+00 0.000000000000000000e+00 4.274188041687011719e+00 4.977180004119873047e+00 4.370833396911621094e+00 3.737821340560913086e+00 7.392358303070068359e+00 4.934130191802978516e+00 6.851161479949951172e+00 5.283195495605468750e+00 5.960289001464843750e+00 6.145998954772949219e+00 7.431730270385742188e+00 5.206850528717041016e+00 6.707467555999755859e+00 6.974433898925781250e+00 5.059042930603027344e+00 5.933454513549804688e+00 7.195004940032958984e+00 4.828400135040283203e+00 6.665160179138183594e+00 6.929557800292968750e+00 6.115708351135253906e+00 5.451711654663085938e+00
6.750802993774414062e+00 7.839757919311523438e+00 5.750103473663330078e+00 7.836383342742919922e+00 7.141221523284912109e+00 7.479842662811279297e+00 6.711044788360595703e+00 4.522080421447753906e+00 4.631800651550292969e+00 6.229598522186279297e+00 5.329053878784179688e+00 5.371184349060058594e+00 4.614224433898925781e+00 4.274188041687011719e+00 0.000000000000000000e+00 4.823404312133789062e+00 4.291455745697021484e+00 4.103222370147705078e+00 6.778564929962158203e+00 6.187911033630371094e+00 4.934130191802978516e+00 4.699040889739990234e+00 5.523890972137451172e+00 6.026138305664062500e+00 7.158668994903564453e+00 6.765340328216552734e+00 5.206851005554199219e+00 6.893873214721679688e+00 5.029530048370361328e+00 6.201682090759277344e+00 6.674722671508789062e+00 6.224138259887695312e+00 4.828399658203125000e+00 6.608286380767822266e+00 5.819971084594726562e+00 5.453811168670654297e+00
7.028346538543701172e+00 7.930035114288330078e+00 7.158836364746093750e+00 5.750103473663330078e+00 7.117800235748291016e+00 7.607269287109375000e+00 7.736493110656738281e+00 5.732692241668701172e+00 7.115457057952880859e+00 4.631800651550292969e+00 6.249459743499755859e+00 6.462430953979492188e+00 5.495029926300048828e+00 4.977180004119873047e+00 4.823404312133789062e+00 0.000000000000000000e+00 4.812754631042480469e+00 4.882511138916015625e+00 8.965662956237792969e+00 8.385927200317382812e+00 8.552237510681152344e+00 4.934130191802978516e+00 7.796748161315917969e+00 8.297392845153808594e+00 7.937370777130126953e+00 7.424587249755859375e+00 7.295721530914306641e+00 5.206851005554199219e+00 5.735260963439941406e+00 6.950854301452636719e+00 7.507692813873291016e+00 6.939218997955322266e+00 7.034763813018798828e+00 4.828400135040283203e+00 6.444168567657470703e+00 6.297281742095947266e+00
7.220849037170410156e+00 7.923416614532470703e+00 7.208572387695312500e+00 7.860630989074707031e+00 5.750103473663330078e+00 7.575562477111816406e+00 7.911609172821044922e+00 5.723291873931884766e+00 7.165300369262695312e+00 7.083546161651611328e+00 4.631800651550292969e+00 6.424861431121826172e+00 5.232125759124755859e+00 4.370833396911621094e+00 4.291455745697021484e+00 4.812754631042480469e+00 0.000000000000000000e+00 4.218328475952148438e+00 8.017599105834960938e+00 7.167608261108398438e+00 7.416946887969970703e+00 5.850403785705566406e+00 4.934130191802978516e+00 7.037121295928955078e+00 8.806947708129882812e+00 8.175392150878906250e+00 8.109230041503906250e+00 8.225240707397460938e+00 5.206851005554199219e+00 7.723370075225830078e+00 7.648135662078857422e+00 6.887188911437988281e+00 7.041875839233398438e+00 7.171109199523925781e+00 4.828400135040283203e+00 6.209661483764648438e+00
6.408866882324218750e+00 7.149580955505371094e+00 6.622099399566650391e+00 7.478948593139648438e+00 6.657840251922607422e+00 5.750103473663330078e+00 7.485095500946044922e+00 5.058875560760498047e+00 6.908719539642333984e+00 6.987271785736083984e+00 6.100566387176513672e+00 4.631800651550292969e+00 4.779038906097412109e+00 3.737821340560913086e+00 4.103222370147705078e+00 4.882511138916015625e+00 4.218328475952148438e+00 0.000000000000000000e+00 7.236354351043701172e+00 6.233827114105224609e+00 6.786001682281494141e+00 5.246179580688476562e+00 5.895659923553466797e+00 4.934130191802978516e+00 7.634235858917236328e+00 6.852687358856201172e+00 7.030973911285400391e+00 7.320249080657958984e+00 5.491880416870117188e+00 5.206851005554199219e+00 7.517040252685546875e+00 6.696890354156494141e+00 7.110253810882568359e+00 7.392493247985839844e+00 6.607237815856933594e+00 4.828400135040283203e+00
6.576539993286132812e+00 9.615771293640136719e+00 8.581118583679199219e+00 1.063718700408935547e+01 9.564794540405273438e+00 9.278976440429687500e+00 4.425684452056884766e+00 5.321792125701904297e+00 6.236705303192138672e+00 8.210954666137695312e+00 6.764472484588623047e+00 5.989323616027832031e+00 4.934130191802978516e+00 7.392358303070068359e+00 6.778564929962158203e+00 8.965662956237792969e+00 8.017599105834960938e+00 7.236354351043701172e+00 0.000000000000000000e+00 5.066063880920410156e+00 4.614224433898925781e+00 5.495029926300048828e+00 5.232125759124755859e+00 4.779038906097412109e+00 4.732959270477294922e+00 7.088574886322021484e+00 6.415607929229736328e+00 8.528960227966308594e+00 6.265880107879638672e+00 6.487607002258300781e+00 5.045013904571533203e+00 7.277626037597656250e+00 6.863530158996582031e+00 8.867525100708007812e+00 7.588346958160400391e+00 6.566437721252441406e+00
6.735631942749023438e+00 6.576539993286132812e+00 6.860470771789550781e+00 9.174942016601562500e+00 7.724453926086425781e+00 7.326959133148193359e+00 7.885550022125244141e+00 4.425684452056884766e+00 7.266659259796142578e+00 8.884084701538085938e+00 7.376811027526855469e+00 6.628295421600341797e+00 6.736047744750976562e+00 4.934130191802978516e+00 6.187911033630371094e+00 8.385927200317382812e+00 7.167608261108398438e+00 6.233827114105224609e+00 5.066063880920410156e+00 0.000000000000000000e+00 4.274188041687011719e+00 4.977180004119873047e+00 4.370833396911621094e+00 3.737821340560913086e+00 6.773766517639160156e+00 4.732959270477294922e+00 5.996302604675292969e+00 8.070820808410644531e+00 5.367336750030517578e+00 5.571278572082519531e+00 7.019295215606689453e+00 5.045013904571533203e+00 6.499153137207031250e+00 8.447679519653320312e+00 6.889513015747070312e+00 5.692409992218017578e+00
7.446362495422363281e+00 8.716254234313964844e+00 6.576539993286132812e+00 9.855251312255859375e+00 8.569312095642089844e+00 8.426326751708984375e+00 6.546678543090820312e+00 4.786063194274902344e+00 4.425684452056884766e+00 7.903852939605712891e+00 6.227422237396240234e+00 5.643621444702148438e+00 6.732346057891845703e+00 6.851161479949951172e+00 4.934130191802978516e+00 8.552237510681152344e+00 7.416946887969970703e+00 6.786001682281494141e+00 4.614224433898925781e+00 4.274188041687011719e+00 0.000000000000000000e+00 4.823404788970947266e+00 4.291456222534179688e+00 4.103222846984863281e+00 6.798816680908203125e+00 6.736729145050048828e+00 4.732959270477294922e+00 8.267103195190429688e+00 5.730153083801269531e+00 6.214354991912841797e+00 6.810170173645019531e+00 6.723295211791992188e+00 5.045013904571533203e+00 8.446186065673828125e+00 6.946916580200195312e+00 6.062220096588134766e+00
5.808848857879638672e+00 7.201863765716552734e+00 5.992181777954101562e+00 6.576539993286132812e+00 6.897046566009521484e+00 6.884444236755371094e+00 5.669594764709472656e+00 3.129066228866577148e+00 4.820055484771728516e+00 4.425684452056884766e+00 4.889562129974365234e+00 4.385654449462890625e+00 5.357132911682128906e+00 5.283195495605468750e+00 4.699040889739990234e+00 4.934130191802978516e+00 5.850403785705566406e+00 5.246179580688476562e+00 5.495029926300048828e+00 4.977180004119873047e+00 4.823404788970947266e+00 0.000000000000000000e+00 4.812754631042480469e+00 4.882511138916015625e+00 5.696432113647460938e+00 5.404469966888427734e+00 4.794504165649414062e+00 4.732959270477294922e+00 3.860285520553588867e+00 4.789762496948242188e+00 5.715071201324462891e+00 5.393113136291503906e+00 5.108495712280273438e+00 5.045013904571533203e+00 5.512259006500244141e+00 4.596990585327148438e+00
7.054555892944335938e+00 8.064922332763671875e+00 7.064124584197998047e+00 9.233511924743652344e+00 6.576539993286132812e+00 7.758557319641113281e+00 6.940141201019287109e+00 4.792117595672607422e+00 6.101292610168457031e+00 7.847978115081787109e+00 4.425684452056884766e+00 5.659577846527099609e+00 6.257770538330078125e+00 5.960289001464843750e+00 5.523890972137451172e+00 7.796748161315917969e+00 4.934130191802978516e+00 5.895659923553466797e+00 5.232125759124755859e+00 4.370833396911621094e+00 4.291456222534179688e+00 4.812754631042480469e+00 0.000000000000000000e+00 4.218328475952148438e+00 7.764717578887939453e+00 7.362192153930664062e+00 6.985724449157714844e+00 8.730705261230468750e+00 4.732959270477294922e+00 6.896296977996826172e+00 6.933368682861328125e+00 6.453472614288330078e+00 6.283141613006591797e+00 8.175851821899414062e+00 5.045013904571533203e+00 5.772130489349365234e+00
6.788284301757812500e+00 7.794874191284179688e+00 7.012250900268554688e+00 9.315794944763183594e+00 7.867347717285156250e+00 6.576539993286132812e+00 6.998556613922119141e+00 4.814735412597656250e+00 6.402793884277343750e+00 8.222970008850097656e+00 6.536906242370605469e+00 4.425684452056884766e+00 6.481118202209472656e+00 6.145998954772949219e+00 6.026138305664062500e+00 8.297392845153808594e+00 7.037121295928955078e+00 4.934130191802978516e+00 4.779038906097412109e+00 3.737821340560913086e+00 4.103222846984863281e+00 4.882511138916015625e+00 4.218328475952148438e+00 0.000000000000000000e+00 6.956377983093261719e+00 6.457962989807128906e+00 6.313197612762451172e+00 8.338932991027832031e+00 5.729876995086669922e+00 4.732959270477294922e+00 7.311953067779541016e+00 6.814940452575683594e+00 6.915685176849365234e+00 8.800559043884277344e+00 7.292150020599365234e+00 5.045013904571533203e+00
6.037880420684814453e+00 9.137076377868652344e+00 8.329024314880371094e+00 9.284823417663574219e+00 9.757315635681152344e+00 9.080505371093750000e+00 4.679871559143066406e+00 5.334228515625000000e+00 6.613846302032470703e+00 7.041830062866210938e+00 7.654240131378173828e+00 6.429430961608886719e+00 5.206851005554199219e+00 7.431730270385742188e+00 7.158668994903564453e+00 7.937370777130126953e+00 8.806947708129882812e+00 7.634235858917236328e+00 4.732959270477294922e+00 6.773766517639160156e+00 6.798816680908203125e+00 5.696432113647460938e+00 7.764717578887939453e+00 6.956377983093261719e+00 0.000000000000000000e+00 5.066063880920410156e+00 4.614224433898925781e+00 5.495029926300048828e+00 5.232125759124755859e+00 4.779038906097412109e+00 4.596917152404785156e+00 6.816254138946533203e+00 6.731974124908447266e+00 7.359725952148437500e+00 7.986068248748779297e+00 6.476778507232666016e+00
6.384029865264892578e+00 6.037880420684814453e+00 6.707093715667724609e+00 7.708421230316162109e+00 8.097473144531250000e+00 7.226514339447021484e+00 8.165684700012207031e+00 4.679871559143066406e+00 7.735165119171142578e+00 7.954654693603515625e+00 8.332385063171386719e+00 7.182053089141845703e+00 7.093798160552978516e+00 5.206850528717041016e+00 6.765340328216552734e+00 7.424587249755859375e+00 8.175392150878906250e+00 6.852687358856201172e+00 7.088574886322021484e+00 4.732959270477294922e+00 6.736729145050048828e+00 5.404469966888427734e+00 7.362192153930664062e+00 6.457962989807128906e+00 5.066063880920410156e+00 0.000000000000000000e+00 4.274188041687011719e+00 4.977180004119873047e+00 4.370833396911621094e+00 3.737821340560913086e+00 6.865272998809814453e+00 4.596917152404785156e+00 6.529350757598876953e+00 7.005558490753173828e+00 7.472727298736572266e+00 5.780664920806884766e+00
6.791280269622802734e+00 8.028964042663574219e+00 6.037880420684814453e+00 8.225098609924316406e+00 8.638348579406738281e+00 8.051535606384277344e+00 6.530051231384277344e+00 4.528462409973144531e+00 4.679871559143066406e+00 6.488955497741699219e+00 7.005579948425292969e+00 5.897805213928222656e+00 6.749680519104003906e+00 6.707467555999755859e+00 5.206851005554199219e+00 7.295721530914306641e+00 8.109230041503906250e+00 7.030973911285400391e+00 6.415607929229736328e+00 5.996302604675292969e+00 4.732959270477294922e+00 4.794504165649414062e+00 6.985724449157714844e+00 6.313197612762451172e+00 4.614224433898925781e+00 4.274188041687011719e+00 0.000000000000000000e+00 4.823404788970947266e+00 4.291456222534179688e+00 4.103222846984863281e+00 6.286967277526855469e+00 6.014003753662109375e+00 4.596917152404785156e+00 6.658730030059814453e+00 7.205690860748291016e+00 5.748837471008300781e+00
6.862561702728271484e+00 7.939577579498291016e+00 7.196542263031005859e+00 6.037880420684814453e+00 8.451986312866210938e+00 7.993665218353271484e+00 7.389569282531738281e+00 5.483656883239746094e+00 6.944516181945800781e+00 4.679871559143066406e+00 7.542150974273681641e+00 6.696751117706298828e+00 7.184110164642333984e+00 6.974433898925781250e+00 6.893873214721679688e+00 5.206851005554199219e+00 8.225240707397460938e+00 7.320249080657958984e+00 8.528960227966308594e+00 8.070820808410644531e+00 8.267103195190429688e+00 4.732959270477294922e+00 8.730705261230468750e+00 8.338932991027832031e+00 5.495029926300048828e+00 4.977180004119873047e+00 4.823404788970947266e+00 0.000000000000000000e+00 4.812754631042480469e+00 4.882511138916015625e+00 6.963364124298095703e+00 6.536824703216552734e+00 6.667463779449462891e+00 4.596917152404785156e+00 7.531678676605224609e+00 6.333229541778564453e+00
5.697111606597900391e+00 6.749169349670410156e+00 5.926560401916503906e+00 6.913836956024169922e+00 6.037880420684814453e+00 6.785027980804443359e+00 6.321810722351074219e+00 3.547128915786743164e+00 5.617600917816162109e+00 5.765723228454589844e+00 4.679871559143066406e+00 5.194383621215820312e+00 5.604511737823486328e+00 5.059042930603027344e+00 5.029530048370361328e+00 5.735260963439941406e+00 5.206851005554199219e+00 5.491880416870117188e+00 6.265880107879638672e+00 5.367336750030517578e+00 5.730153083801269531e+00 3.860285520553588867e+00 4.732959270477294922e+00 5.729876995086669922e+00 5.232125759124755859e+00 4.370833396911621094e+00 4.291456222534179688e+00 4.812754631042480469e+00 0.000000000000000000e+00 4.218328475952148438e+00 5.765092849731445312e+00 4.962862491607666016e+00 5.212917327880859375e+00 5.644672393798828125e+00 4.596917152404785156e+00 4.651155948638916016e+00
6.011226177215576172e+00 6.973671913146972656e+00 6.462015151977539062e+00 7.529351711273193359e+00 7.903416156768798828e+00 6.037880420684814453e+00 6.938531875610351562e+00 4.490336418151855469e+00 6.533846378326416016e+00 6.828890800476074219e+00 7.239431858062744141e+00 4.679871559143066406e+00 6.451314449310302734e+00 5.933454513549804688e+00 6.201682090759277344e+00 6.950854301452636719e+00 7.723370075225830078e+00 5.206851005554199219e+00 6.487607002258300781e+00 5.571278572082519531e+00 6.214354991912841797e+00 4.789762496948242188e+00 6.896296977996826172e+00 4.732959270477294922e+00 4.779038906097412109e+00 3.737821340560913086e+00 4.103222846984863281e+00 4.882511138916015625e+00 4.218328475952148438e+00 0.000000000000000000e+00 6.781818389892578125e+00 6.065461635589599609e+00 6.548820495605468750e+00 7.059130668640136719e+00 7.497909069061279297e+00 4.596917152404785156e+00
6.620603084564208984e+00 9.549758911132812500e+00 8.593734741210937500e+00 9.526057243347167969e+00 9.344039916992187500e+00 9.584057807922363281e+00 4.453474998474121094e+00 5.169290542602539062e+00 6.227233886718750000e+00 6.684387683868408203e+00 6.422549247741699219e+00 6.425887584686279297e+00 4.828399658203125000e+00 7.195004940032958984e+00 6.674722671508789062e+00 7.507692813873291016e+00 7.648135662078857422e+00 7.517040252685546875e+00 5.045013904571533203e+00 7.019295215606689453e+00 6.810170173645019531e+00 5.715071201324462891e+00 6.933368682861328125e+00 7.311953067779541016e+00 4.596917152404785156e+00 6.865272998809814453e+00 6.286967277526855469e+00 6.963364124298095703e+00 5.765092849731445312e+00 6.781818389892578125e+00 0.000000000000000000e+00 5.066063880920410156e+00 4.614224433898925781e+00 5.495029926300048828e+00 5.232125759124755859e+00 4.779038906097412109e+00
6.913529872894287109e+00 6.620603084564208984e+00 7.009236812591552734e+00 7.976355552673339844e+00 7.572294235229492188e+00 7.828522682189941406e+00 8.017189025878906250e+00 4.453474998474121094e+00 7.384642601013183594e+00 7.618063449859619141e+00 7.194098472595214844e+00 7.155487537384033203e+00 6.796234130859375000e+00 4.828400135040283203e+00 6.224138259887695312e+00 6.939218997955322266e+00 6.887188911437988281e+00 6.696890354156494141e+00 7.277626037597656250e+00 5.045013904571533203e+00 6.723295211791992188e+00 5.393113136291503906e+00 6.453472614288330078e+00 6.814940452575683594e+00 6.816254138946533203e+00 4.596917152404785156e+00 6.014003753662109375e+00 6.536824703216552734e+00 4.962862491607666016e+00 6.065461635589599609e+00 5.066063880920410156e+00 0.000000000000000000e+00 4.274188041687011719e+00 4.977180004119873047e+00 4.370833396911621094e+00 3.737821340560913086e+00
7.509635448455810547e+00 8.664452552795410156e+00 6.620603084564208984e+00 8.665265083312988281e+00 8.344082832336425781e+00 8.781946182250976562e+00 6.593221664428710938e+00 4.655244827270507812e+00 4.453474998474121094e+00 6.332217693328857422e+00 5.885291099548339844e+00 6.134762287139892578e+00 6.682596206665039062e+00 6.665160179138183594e+00 4.828399658203125000e+00 7.034763813018798828e+00 7.041875839233398438e+00 7.110253810882568359e+00 6.863530158996582031e+00 6.499153137207031250e+00 5.045013904571533203e+00 5.108495712280273438e+00 6.283141613006591797e+00 6.915685176849365234e+00 6.731974124908447266e+00 6.529350757598876953e+00 4.596917152404785156e+00 6.667463779449462891e+00 5.212917327880859375e+00 6.548820495605468750e+00 4.614224433898925781e+00 4.274188041687011719e+00 0.000000000000000000e+00 4.823404312133789062e+00 4.291456222534179688e+00 4.103222846984863281e+00
7.570317745208740234e+00 8.578295707702636719e+00 7.688199043273925781e+00 6.620603084564208984e+00 8.147424697875976562e+00 8.725585937500000000e+00 7.441541671752929688e+00 5.583603382110595703e+00 6.789724349975585938e+00 4.453474998474121094e+00 6.510326862335205078e+00 6.902135848999023438e+00 7.117032527923583984e+00 6.929557800292968750e+00 6.608286380767822266e+00 4.828400135040283203e+00 7.171109199523925781e+00 7.392493247985839844e+00 8.867525100708007812e+00 8.447679519653320312e+00 8.446186065673828125e+00 5.045013904571533203e+00 8.175851821899414062e+00 8.800559043884277344e+00 7.359725952148437500e+00 7.005558490753173828e+00 6.658730030059814453e+00 4.596917152404785156e+00 5.644672393798828125e+00 7.059130668640136719e+00 5.495029926300048828e+00 4.977180004119873047e+00 4.823404312133789062e+00 0.000000000000000000e+00 4.812754631042480469e+00 4.882511138916015625e+00
7.423203945159912109e+00 8.278495788574218750e+00 7.407714843750000000e+00 8.222496986389160156e+00 6.620603084564208984e+00 8.408667564392089844e+00 7.291640758514404297e+00 5.110791206359863281e+00 6.470194816589355469e+00 6.603615760803222656e+00 4.453474998474121094e+00 6.496657371520996094e+00 6.548526287078857422e+00 6.115708351135253906e+00 5.819971084594726562e+00 6.444168567657470703e+00 4.828400135040283203e+00 6.607237815856933594e+00 7.588346958160400391e+00 6.889513015747070312e+00 6.946916580200195312e+00 5.512259006500244141e+00 5.045013904571533203e+00 7.292150020599365234e+00 7.986068248748779297e+00 7.472727298736572266e+00 7.205690860748291016e+00 7.531678676605224609e+00 4.596917152404785156e+00 7.497909069061279297e+00 5.232125759124755859e+00 4.370833396911621094e+00 4.291456222534179688e+00 4.812754631042480469e+00 0.000000000000000000e+00 4.218328475952148438e+00
6.441197395324707031e+00 7.370319843292236328e+00 6.649441242218017578e+00 7.694592475891113281e+00 7.248977661132812500e+00 6.620603084564208984e+00 6.637264251708984375e+00 4.050740242004394531e+00 5.975318908691406250e+00 6.301208019256591797e+00 5.748818874359130859e+00 4.453474998474121094e+00 5.983261108398437500e+00 5.451711654663085938e+00 5.453811168670654297e+00 6.297281742095947266e+00 6.209661483764648438e+00 4.828400135040283203e+00 6.566437721252441406e+00 5.692409992218017578e+00 6.062220096588134766e+00 4.596990585327148438e+00 5.772130489349365234e+00 5.045013904571533203e+00 6.476778507232666016e+00 5.780664920806884766e+00 5.748837471008300781e+00 6.333229541778564453e+00 4.651155948638916016e+00 4.596917152404785156e+00 4.779038906097412109e+00 3.737821340560913086e+00 4.103222846984863281e+00 4.882511138916015625e+00 4.218328475952148438e+00 0.000000000000000000e+00
