0.000000000000000000e+00 8.254366874694824219e+00 6.992670059204101562e+00 8.198689460754394531e+00 8.008276939392089844e+00 8.057611465454101562e+00 9.800074577331542969e+00 8.633563041687011719e+00 1.101867103576660156e+01 1.134497356414794922e+01 1.097803306579589844e+01 1.099383735656738281e+01 9.716080665588378906e+00 1.095256328582763672e+01 1.051148509979248047e+01 1.101476097106933594e+01 1.157682609558105469e+01 1.147583675384521484e+01 1.035965633392333984e+01 1.137579059600830078e+01 1.166553783416748047e+01 9.246357917785644531e+00 1.179629325866699219e+01 1.229857349395751953e+01 8.397654533386230469e+00 9.411418914794921875e+00 9.601500511169433594e+00 1.014425182342529297e+01 9.226957321166992188e+00 1.014554023742675781e+01 8.047949790954589844e+00 9.576560974121093750e+00 8.908013343811035156e+00 9.932001113891601562e+00 9.851085662841796875e+00 9.715451240539550781e+00
8.254366874694824219e+00 0.000000000000000000e+00 7.288546562194824219e+00 8.968452453613281250e+00 7.590390205383300781e+00 7.247601985931396484e+00 1.593152904510498047e+01 9.800074577331542969e+00 1.467222595214843750e+01 1.521711730957031250e+01 1.427012062072753906e+01 1.407496738433837891e+01 1.432183361053466797e+01 9.716080665588378906e+00 1.254172897338867188e+01 1.330855846405029297e+01 1.304157066345214844e+01 1.272303485870361328e+01 1.488306045532226562e+01 1.035965633392333984e+01 1.365132522583007812e+01 1.203155040740966797e+01 1.336721706390380859e+01 1.359801387786865234e+01 1.373810577392578125e+01 8.397654533386230469e+00 1.210349845886230469e+01 1.289189052581787109e+01 1.134454250335693359e+01 1.185811901092529297e+01 1.319460582733154297e+01 8.047949790954589844e+00 1.117012691497802734e+01 1.237145233154296875e+01 1.147688674926757812e+01 1.109892654418945312e+01
6.992670059204101562e+00 7.288546562194824219e+00 0.000000000000000000e+00 8.083562850952148438e+00 7.318271160125732422e+00 7.293663978576660156e+00 1.297947025299072266e+01 9.113425254821777344e+00 9.800074577331542969e+00 1.226220703125000000e+01 1.155290126800537109e+01 1.151801490783691406e+01 1.327056789398193359e+01 1.173692131042480469e+01 9.716080665588378906e+00 1.233931922912597656e+01 1.250023174285888672e+01 1.236024284362792969e+01 1.327987480163574219e+01 1.159879779815673828e+01 1.035965728759765625e+01 1.018605899810791016e+01 1.219476509094238281e+01 1.263576316833496094e+01 1.210980033874511719e+01 1.003953933715820312e+01 8.397654533386230469e+00 1.132521820068359375e+01 1.008912944793701172e+01 1.088272094726562500e+01 1.216475009918212891e+01 1.053627490997314453e+01 8.047949790954589844e+00 1.144920730590820312e+01 1.099011802673339844e+01 1.081557464599609375e+01
8.198689460754394531e+00 8.968452453613281250e+00 8.083562850952148438e+00 0.000000000000000000e+00 8.447542190551757812e+00 9.331001281738281250e+00 1.406454753875732422e+01 1.101764488220214844e+01 1.313046932220458984e+01 9.800074577331542969e+00 1.273959159851074219e+01 1.332510662078857422e+01 1.420973205566406250e+01 1.313594150543212891e+01 1.293188571929931641e+01 9.716080665588378906e+00 1.347394180297851562e+01 1.393316555023193359e+01 1.623535728454589844e+01 1.519055652618408203e+01 1.554275321960449219e+01 1.035965633392333984e+01 1.534362602233886719e+01 1.620009994506835938e+01 1.313667964935302734e+01 1.164931678771972656e+01 1.197783946990966797e+01 8.397654533386230469e+00 1.127822875976562500e+01 1.264546203613281250e+01 1.285812473297119141e+01 1.171974563598632812e+01 1.136409378051757812e+01 8.047949790954589844e+00 1.173097133636474609e+01 1.224237728118896484e+01
8.008276939392089844e+00 7.590390205383300781e+00 7.318271160125732422e+00 8.447542190551757812e+00 0.000000000000000000e+00 7.991703987121582031e+00 1.413615036010742188e+01 1.018207359313964844e+01 1.287351894378662109e+01 1.313421726226806641e+01 9.800074577331542969e+00 1.262788391113281250e+01 1.352947044372558594e+01 1.157367324829101562e+01 1.181790161132812500e+01 1.224660110473632812e+01 9.716080665588378906e+00 1.245587825775146484e+01 1.427436351776123047e+01 1.229595470428466797e+01 1.315472793579101562e+01 1.104264736175537109e+01 1.035965633392333984e+01 1.350924015045166016e+01 1.357090473175048828e+01 1.129471492767333984e+01 1.209813213348388672e+01 1.251258087158203125e+01 8.397654533386230469e+00 1.230408763885498047e+01 1.267912101745605469e+01 1.063240718841552734e+01 1.076431465148925781e+01 1.160367298126220703e+01 8.047949790954589844e+00 1.118884849548339844e+01
8.057611465454101562e+00 7.247601985931396484e+00 7.293663978576660156e+00 9.331001281738281250e+00 7.991703987121582031e+00 0.000000000000000000e+00 1.417986869812011719e+01 9.951566696166992188e+00 1.287685108184814453e+01 1.373534107208251953e+01 1.266310119628906250e+01 9.800074577331542969e+00 1.367332363128662109e+01 1.148844242095947266e+01 1.193414783477783203e+01 1.299255561828613281e+01 1.270394325256347656e+01 9.716080665588378906e+00 1.390108871459960938e+01 1.161010074615478516e+01 1.270344543457031250e+01 1.123996734619140625e+01 1.264436817169189453e+01 1.035965633392333984e+01 1.295991516113281250e+01 1.027042770385742188e+01 1.135793209075927734e+01 1.246068477630615234e+01 1.083444881439208984e+01 8.397654533386230469e+00 1.284520149230957031e+01 1.055501270294189453e+01 1.090675926208496094e+01 1.240154457092285156e+01 1.149275112152099609e+01 8.047949790954589844e+00
9.800074577331542969e+00 1.593152904510498047e+01 1.297947025299072266e+01 1.406454753875732422e+01 1.413615036010742188e+01 1.417986869812011719e+01 0.000000000000000000e+00 8.254366874694824219e+00 6.992670059204101562e+00 8.198689460754394531e+00 8.008276939392089844e+00 8.057611465454101562e+00 9.530367851257324219e+00 1.435346508026123047e+01 1.142124366760253906e+01 1.234107685089111328e+01 1.304244422912597656e+01 1.297006797790527344e+01 8.471883773803710938e+00 1.354609012603759766e+01 1.113835144042968750e+01 9.192225456237792969e+00 1.196911239624023438e+01 1.248228168487548828e+01 6.920186042785644531e+00 1.247320270538330078e+01 9.648056030273437500e+00 1.071567916870117188e+01 1.010751724243164062e+01 1.097280597686767578e+01 6.503815650939941406e+00 1.260469245910644531e+01 8.967196464538574219e+00 1.052265644073486328e+01 1.068788051605224609e+01 1.058405494689941406e+01
8.633563041687011719e+00 9.800074577331542969e+00 9.113425254821777344e+00 1.101764488220214844e+01 1.018207359313964844e+01 9.951566696166992188e+00 8.254366874694824219e+00 0.000000000000000000e+00 7.288546562194824219e+00 8.968452453613281250e+00 7.590389728546142578e+00 7.247601985931396484e+00 1.057842254638671875e+01 9.530368804931640625e+00 9.360065460205078125e+00 1.088381099700927734e+01 1.079478645324707031e+01 1.042908477783203125e+01 9.814184188842773438e+00 8.471883773803710938e+00 9.203215599060058594e+00 7.356796741485595703e+00 9.651527404785156250e+00 9.991036415100097656e+00 8.744501113891601562e+00 6.920186042785644531e+00 7.599552631378173828e+00 9.406548500061035156e+00 7.489069938659667969e+00 8.273321151733398438e+00 7.873379230499267578e+00 6.503815650939941406e+00 6.015979290008544922e+00 8.688891410827636719e+00 7.698585987091064453e+00 7.154074668884277344e+00
1.101867103576660156e+01 1.467222595214843750e+01 9.800074577331542969e+00 1.313046932220458984e+01 1.287351894378662109e+01 1.287685108184814453e+01 6.992670059204101562e+00 7.288546562194824219e+00 0.000000000000000000e+00 8.083562850952148438e+00 7.318270683288574219e+00 7.293663501739501953e+00 1.220679664611816406e+01 1.415241527557373047e+01 9.530368804931640625e+00 1.263757133483886719e+01 1.299270915985107422e+01 1.287538719177246094e+01 1.082948017120361328e+01 1.284882640838623047e+01 8.471883773803710938e+00 8.901116371154785156e+00 1.137064647674560547e+01 1.186116218566894531e+01 1.002436256408691406e+01 1.201126956939697266e+01 6.920186042785644531e+00 1.080058765411376953e+01 9.761552810668945312e+00 1.060076999664306641e+01 1.009868717193603516e+01 1.243595790863037109e+01 6.503815650939941406e+00 1.093792629241943359e+01 1.069774723052978516e+01 1.053950119018554688e+01
1.134497356414794922e+01 1.521711730957031250e+01 1.226220703125000000e+01 9.800074577331542969e+00 1.313421726226806641e+01 1.373534107208251953e+01 8.198689460754394531e+00 8.968452453613281250e+00 8.083562850952148438e+00 0.000000000000000000e+00 8.447542190551757812e+00 9.331001281738281250e+00 1.279807281494140625e+01 1.496879196166992188e+01 1.235457801818847656e+01 9.530368804931640625e+00 1.353063488006591797e+01 1.400390529632568359e+01 1.390991115570068359e+01 1.582053852081298828e+01 1.396437454223632812e+01 8.471883773803710938e+00 1.431720733642578125e+01 1.524611949920654297e+01 1.074193572998046875e+01 1.296769237518310547e+01 1.047918128967285156e+01 6.920186042785644531e+00 1.047244262695312500e+01 1.195100879669189453e+01 1.040720558166503906e+01 1.303720283508300781e+01 9.780030250549316406e+00 6.503815174102783203e+00 1.096590518951416016e+01 1.153067779541015625e+01
1.097803306579589844e+01 1.427012062072753906e+01 1.155290126800537109e+01 1.273959159851074219e+01 9.800074577331542969e+00 1.266310119628906250e+01 8.008276939392089844e+00 7.590389728546142578e+00 7.318270683288574219e+00 8.447542190551757812e+00 0.000000000000000000e+00 7.991703987121582031e+00 1.182435989379882812e+01 1.342968654632568359e+01 1.095260334014892578e+01 1.188695621490478516e+01 9.530368804931640625e+00 1.232963752746582031e+01 1.133803367614746094e+01 1.286940860748291016e+01 1.101672267913818359e+01 9.015828132629394531e+00 8.471883773803710938e+00 1.214064598083496094e+01 1.103997516632080078e+01 1.244667911529541016e+01 1.037324428558349609e+01 1.135023403167724609e+01 6.920186042785644531e+00 1.136680603027343750e+01 9.931438446044921875e+00 1.185576057434082031e+01 8.790426254272460938e+00 1.034746837615966797e+01 6.503815650939941406e+00 1.015705680847167969e+01
1.099383735656738281e+01 1.407496738433837891e+01 1.151801490783691406e+01 1.332510662078857422e+01 1.262788391113281250e+01 9.800074577331542969e+00 8.057611465454101562e+00 7.247601985931396484e+00 7.293663501739501953e+00 9.331001281738281250e+00 7.991703987121582031e+00 0.000000000000000000e+00 1.197010421752929688e+01 1.333962154388427734e+01 1.105781459808349609e+01 1.263652038574218750e+01 1.254474258422851562e+01 9.530368804931640625e+00 1.084382247924804688e+01 1.219755363464355469e+01 1.045244121551513672e+01 9.232370376586914062e+00 1.113036537170410156e+01 8.471883773803710938e+00 1.025795745849609375e+01 1.150589275360107422e+01 9.476110458374023438e+00 1.127326393127441406e+01 9.711247444152832031e+00 6.920186042785644531e+00 1.012063312530517578e+01 1.176749515533447266e+01 8.939417839050292969e+00 1.121507263183593750e+01 1.044835472106933594e+01 6.503815650939941406e+00
9.716080665588378906e+00 1.432183361053466797e+01 1.327056789398193359e+01 1.420973205566406250e+01 1.352947044372558594e+01 1.367332363128662109e+01 9.530367851257324219e+00 1.057842254638671875e+01 1.220679664611816406e+01 1.279807281494140625e+01 1.182435989379882812e+01 1.197010421752929688e+01 0.000000000000000000e+00 8.254366874694824219e+00 6.992670059204101562e+00 8.198689460754394531e+00 8.008276939392089844e+00 8.057611465454101562e+00 1.021137332916259766e+01 1.299755287170410156e+01 1.287799358367919922e+01 1.107883358001708984e+01 1.267335796356201172e+01 1.326035499572753906e+01 8.790521621704101562e+00 1.174332332611083984e+01 1.147823143005371094e+01 1.224558258056640625e+01 1.078894042968750000e+01 1.171823787689208984e+01 7.818629741668701172e+00 1.143022918701171875e+01 1.041741371154785156e+01 1.163193321228027344e+01 1.085896778106689453e+01 1.088043785095214844e+01
1.095256328582763672e+01 9.716080665588378906e+00 1.173692131042480469e+01 1.313594150543212891e+01 1.157367324829101562e+01 1.148844242095947266e+01 1.435346508026123047e+01 9.530368804931640625e+00 1.415241527557373047e+01 1.496879196166992188e+01 1.342968654632568359e+01 1.333962154388427734e+01 8.254366874694824219e+00 0.000000000000000000e+00 7.288546562194824219e+00 8.968452453613281250e+00 7.590389728546142578e+00 7.247601985931396484e+00 1.326186275482177734e+01 1.021137332916259766e+01 1.317340183258056641e+01 1.180785655975341797e+01 1.255252361297607422e+01 1.291936397552490234e+01 1.236567974090576172e+01 8.790521621704101562e+00 1.197820949554443359e+01 1.306411647796630859e+01 1.083443546295166016e+01 1.150747489929199219e+01 1.130844497680664062e+01 7.818629741668701172e+00 1.055288505554199219e+01 1.212979507446289062e+01 1.048876094818115234e+01 1.022751045227050781e+01
1.051148509979248047e+01 1.254172897338867188e+01 9.716080665588378906e+00 1.293188571929931641e+01 1.181790161132812500e+01 1.193414783477783203e+01 1.142124366760253906e+01 9.360065460205078125e+00 9.530368804931640625e+00 1.235457801818847656e+01 1.095260334014892578e+01 1.105781459808349609e+01 6.992670059204101562e+00 7.288546562194824219e+00 0.000000000000000000e+00 8.083562850952148438e+00 7.318270683288574219e+00 7.293663501739501953e+00 1.185311889648437500e+01 1.188493061065673828e+01 1.021137332916259766e+01 1.040158081054687500e+01 1.172029972076416016e+01 1.230594635009765625e+01 1.098141956329345703e+01 1.083119773864746094e+01 8.790521621704101562e+00 1.193736457824707031e+01 1.001232814788818359e+01 1.095492744445800781e+01 1.056097984313964844e+01 1.082332611083984375e+01 7.818629741668701172e+00 1.161607837677001953e+01 1.043300819396972656e+01 1.040010929107666016e+01
1.101476097106933594e+01 1.330855846405029297e+01 1.233931922912597656e+01 9.716080665588378906e+00 1.224660110473632812e+01 1.299255561828613281e+01 1.234107685089111328e+01 1.088381099700927734e+01 1.263757133483886719e+01 9.530368804931640625e+00 1.188695621490478516e+01 1.263652038574218750e+01 8.198689460754394531e+00 8.968452453613281250e+00 8.083562850952148438e+00 0.000000000000000000e+00 8.447542190551757812e+00 9.331001281738281250e+00 1.484051036834716797e+01 1.516525840759277344e+01 1.519997978210449219e+01 1.021137332916259766e+01 1.471708488464355469e+01 1.570763015747070312e+01 1.179106616973876953e+01 1.203086280822753906e+01 1.194712734222412109e+01 8.790521621704101562e+00 1.087047290802001953e+01 1.240955543518066406e+01 1.101803398132324219e+01 1.166174507141113281e+01 1.086354637145996094e+01 7.818629741668701172e+00 1.087167167663574219e+01 1.155742263793945312e+01
1.157682609558105469e+01 1.304157066345214844e+01 1.250023174285888672e+01 1.347394180297851562e+01 9.716080665588378906e+00 1.270394325256347656e+01 1.304244422912597656e+01 1.079478645324707031e+01 1.299270915985107422e+01 1.353063488006591797e+01 9.530368804931640625e+00 1.254474258422851562e+01 8.008276939392089844e+00 7.590389728546142578e+00 7.318270683288574219e+00 8.447542190551757812e+00 0.000000000000000000e+00 7.991703510284423828e+00 1.327385616302490234e+01 1.289210891723632812e+01 1.335264110565185547e+01 1.160489749908447266e+01 1.021137332916259766e+01 1.351184272766113281e+01 1.290001010894775391e+01 1.234461688995361328e+01 1.270488071441650391e+01 1.338287162780761719e+01 8.790521621704101562e+00 1.269897079467773438e+01 1.151563072204589844e+01 1.129052066802978516e+01 1.097854423522949219e+01 1.211571884155273438e+01 7.818629741668701172e+00 1.116568183898925781e+01
1.147583675384521484e+01 1.272303485870361328e+01 1.236024284362792969e+01 1.393316555023193359e+01 1.245587825775146484e+01 9.716080665588378906e+00 1.297006797790527344e+01 1.042908477783203125e+01 1.287538719177246094e+01 1.400390529632568359e+01 1.232963752746582031e+01 9.530368804931640625e+00 8.057611465454101562e+00 7.247601985931396484e+00 7.293663501739501953e+00 9.331001281738281250e+00 7.991703510284423828e+00 0.000000000000000000e+00 1.274980163574218750e+01 1.211155509948730469e+01 1.278683090209960938e+01 1.165975284576416016e+01 1.239794540405273438e+01 1.021137332916259766e+01 1.212763786315917969e+01 1.127741241455078125e+01 1.187144279479980469e+01 1.321682929992675781e+01 1.100078678131103516e+01 8.790521621704101562e+00 1.156409168243408203e+01 1.107770061492919922e+01 1.097700977325439453e+01 1.276021480560302734e+01 1.119482707977294922e+01 7.818629741668701172e+00
1.035965633392333984e+01 1.488306045532226562e+01 1.327987480163574219e+01 1.623535728454589844e+01 1.427436351776123047e+01 1.390108871459960938e+01 8.471883773803710938e+00 9.814184188842773438e+00 1.082948017120361328e+01 1.390991115570068359e+01 1.133803367614746094e+01 1.084382247924804688e+01 1.021137332916259766e+01 1.326186275482177734e+01 1.185311889648437500e+01 1.484051036834716797e+01 1.327385616302490234e+01 1.274980163574218750e+01 0.000000000000000000e+00 8.254366874694824219e+00 6.992670059204101562e+00 8.198689460754394531e+00 8.008276939392089844e+00 8.057611465454101562e+00 8.425342559814453125e+00 1.162278175354003906e+01 1.062025356292724609e+01 1.387146472930908203e+01 1.085840606689453125e+01 1.115304756164550781e+01 8.041071891784667969e+00 1.173236083984375000e+01 9.968811035156250000e+00 1.369597911834716797e+01 1.136818695068359375e+01 1.073647975921630859e+01
1.137579059600830078e+01 1.035965633392333984e+01 1.159879779815673828e+01 1.519055652618408203e+01 1.229595470428466797e+01 1.161010074615478516e+01 1.354609012603759766e+01 8.471883773803710938e+00 1.284882640838623047e+01 1.582053852081298828e+01 1.286940860748291016e+01 1.219755363464355469e+01 1.299755287170410156e+01 1.021137332916259766e+01 1.188493061065673828e+01 1.516525840759277344e+01 1.289210891723632812e+01 1.211155509948730469e+01 8.254366874694824219e+00 0.000000000000000000e+00 7.288546562194824219e+00 8.968452453613281250e+00 7.590390205383300781e+00 7.247602462768554688e+00 1.196465206146240234e+01 8.425342559814453125e+00 1.100214385986328125e+01 1.447978210449218750e+01 1.074329662322998047e+01 1.077149105072021484e+01 1.131098937988281250e+01 8.041071891784667969e+00 9.937191963195800781e+00 1.399784088134765625e+01 1.085643959045410156e+01 9.900491714477539062e+00
1.166553783416748047e+01 1.365132522583007812e+01 1.035965728759765625e+01 1.554275321960449219e+01 1.315472793579101562e+01 1.270344543457031250e+01 1.113835144042968750e+01 9.203215599060058594e+00 8.471883773803710938e+00 1.396437454223632812e+01 1.101672267913818359e+01 1.045244121551513672e+01 1.287799358367919922e+01 1.317340183258056641e+01 1.021137332916259766e+01 1.519997978210449219e+01 1.335264110565185547e+01 1.278683090209960938e+01 6.992670059204101562e+00 7.288546562194824219e+00 0.000000000000000000e+00 8.083562850952148438e+00 7.318270206451416016e+00 7.293663501739501953e+00 1.126844596862792969e+01 1.127703094482421875e+01 8.425342559814453125e+00 1.405834484100341797e+01 1.069689750671386719e+01 1.094335079193115234e+01 1.130200481414794922e+01 1.169682407379150391e+01 8.041071891784667969e+00 1.413804721832275391e+01 1.152559375762939453e+01 1.085004615783691406e+01
9.246357917785644531e+00 1.203155040740966797e+01 1.018605899810791016e+01 1.035965633392333984e+01 1.104264736175537109e+01 1.123996734619140625e+01 9.192225456237792969e+00 7.356796741485595703e+00 8.901116371154785156e+00 8.471883773803710938e+00 9.015828132629394531e+00 9.232370376586914062e+00 1.107883358001708984e+01 1.180785655975341797e+01 1.040158081054687500e+01 1.021137332916259766e+01 1.160489749908447266e+01 1.165975284576416016e+01 8.198689460754394531e+00 8.968452453613281250e+00 8.083562850952148438e+00 0.000000000000000000e+00 8.447542190551757812e+00 9.331001281738281250e+00 9.164730072021484375e+00 9.652719497680664062e+00 8.661623954772949219e+00 8.425342559814453125e+00 8.421450614929199219e+00 9.608345985412597656e+00 8.727818489074707031e+00 9.707953453063964844e+00 7.753789901733398438e+00 8.041071891784667969e+00 8.986747741699218750e+00 9.039467811584472656e+00
1.179629325866699219e+01 1.336721706390380859e+01 1.219476509094238281e+01 1.534362602233886719e+01 1.035965633392333984e+01 1.264436817169189453e+01 1.196911239624023438e+01 9.651527404785156250e+00 1.137064647674560547e+01 1.431720733642578125e+01 8.471883773803710938e+00 1.113036537170410156e+01 1.267335796356201172e+01 1.255252361297607422e+01 1.172029972076416016e+01 1.471708488464355469e+01 1.021137332916259766e+01 1.239794540405273438e+01 8.008276939392089844e+00 7.590390205383300781e+00 7.318270206451416016e+00 8.447542190551757812e+00 0.000000000000000000e+00 7.991703987121582031e+00 1.234231662750244141e+01 1.190724086761474609e+01 1.160445308685302734e+01 1.462100791931152344e+01 8.425342559814453125e+00 1.185523414611816406e+01 1.132903289794921875e+01 1.125537300109863281e+01 1.017804050445556641e+01 1.383032703399658203e+01 8.041071891784667969e+00 1.066629695892333984e+01
1.229857349395751953e+01 1.359801387786865234e+01 1.263576316833496094e+01 1.620009994506835938e+01 1.350924015045166016e+01 1.035965633392333984e+01 1.248228168487548828e+01 9.991036415100097656e+00 1.186116218566894531e+01 1.524611949920654297e+01 1.214064598083496094e+01 8.471883773803710938e+00 1.326035499572753906e+01 1.291936397552490234e+01 1.230594635009765625e+01 1.570763015747070312e+01 1.351184272766113281e+01 1.021137332916259766e+01 8.057611465454101562e+00 7.247602462768554688e+00 7.293663501739501953e+00 9.331001281738281250e+00 7.991703987121582031e+00 0.000000000000000000e+00 1.214217948913574219e+01 1.144566535949707031e+01 1.134067535400390625e+01 1.495953369140625000e+01 1.136489582061767578e+01 8.425342559814453125e+00 1.199565982818603516e+01 1.167704582214355469e+01 1.086228561401367188e+01 1.489096546173095703e+01 1.197006416320800781e+01 8.041070938110351562e+00
8.397654533386230469e+00 1.373810577392578125e+01 1.210980033874511719e+01 1.313667964935302734e+01 1.357090473175048828e+01 1.295991516113281250e+01 6.920186042785644531e+00 8.744501113891601562e+00 1.002436256408691406e+01 1.074193572998046875e+01 1.103997516632080078e+01 1.025795745849609375e+01 8.790521621704101562e+00 1.236567974090576172e+01 1.098141956329345703e+01 1.179106616973876953e+01 1.290001010894775391e+01 1.212763786315917969e+01 8.425342559814453125e+00 1.196465206146240234e+01 1.126844596862792969e+01 9.164730072021484375e+00 1.234231662750244141e+01 1.214217948913574219e+01 0.000000000000000000e+00 8.254366874694824219e+00 6.992670059204101562e+00 8.198689460754394531e+00 8.008276939392089844e+00 8.057611465454101562e+00 4.721373558044433594e+00 9.965577125549316406e+00 8.006484031677246094e+00 9.539379119873046875e+00 1.020206356048583984e+01 9.188340187072753906e+00
9.411418914794921875e+00 8.397654533386230469e+00 1.003953933715820312e+01 1.164931678771972656e+01 1.129471492767333984e+01 1.027042770385742188e+01 1.247320270538330078e+01 6.920186042785644531e+00 1.201126956939697266e+01 1.296769237518310547e+01 1.244667911529541016e+01 1.150589275360107422e+01 1.174332332611083984e+01 8.790521621704101562e+00 1.083119773864746094e+01 1.203086280822753906e+01 1.234461688995361328e+01 1.127741241455078125e+01 1.162278175354003906e+01 8.425342559814453125e+00 1.127703094482421875e+01 9.652719497680664062e+00 1.190724086761474609e+01 1.144566535949707031e+01 8.254366874694824219e+00 0.000000000000000000e+00 7.288546562194824219e+00 8.968452453613281250e+00 7.590390205383300781e+00 7.247601985931396484e+00 9.029900550842285156e+00 4.721373558044433594e+00 7.709892749786376953e+00 9.763583183288574219e+00 9.416835784912109375e+00 7.946156024932861328e+00
9.601500511169433594e+00 1.210349845886230469e+01 8.397654533386230469e+00 1.197783946990966797e+01 1.209813213348388672e+01 1.135793209075927734e+01 9.648056030273437500e+00 7.599552631378173828e+00 6.920186042785644531e+00 1.047918128967285156e+01 1.037324428558349609e+01 9.476110458374023438e+00 1.147823143005371094e+01 1.197820949554443359e+01 8.790521621704101562e+00 1.194712734222412109e+01 1.270488071441650391e+01 1.187144279479980469e+01 1.062025356292724609e+01 1.100214385986328125e+01 8.425342559814453125e+00 8.661623954772949219e+00 1.160445308685302734e+01 1.134067535400390625e+01 6.992670059204101562e+00 7.288546562194824219e+00 0.000000000000000000e+00 8.083562850952148438e+00 7.318270683288574219e+00 7.293663501739501953e+00 8.847249031066894531e+00 9.559608459472656250e+00 4.721373081207275391e+00 9.808682441711425781e+00 1.002954196929931641e+01 8.932133674621582031e+00
1.014425182342529297e+01 1.289189052581787109e+01 1.132521820068359375e+01 8.397654533386230469e+00 1.251258087158203125e+01 1.246068477630615234e+01 1.071567916870117188e+01 9.406548500061035156e+00 1.080058765411376953e+01 6.920186042785644531e+00 1.135023403167724609e+01 1.127326393127441406e+01 1.224558258056640625e+01 1.306411647796630859e+01 1.193736457824707031e+01 8.790521621704101562e+00 1.338287162780761719e+01 1.321682929992675781e+01 1.387146472930908203e+01 1.447978210449218750e+01 1.405834484100341797e+01 8.425342559814453125e+00 1.462100791931152344e+01 1.495953369140625000e+01 8.198689460754394531e+00 8.968452453613281250e+00 8.083562850952148438e+00 0.000000000000000000e+00 8.447542190551757812e+00 9.331001281738281250e+00 9.381896972656250000e+00 1.049387645721435547e+01 8.891595840454101562e+00 4.721373558044433594e+00 1.047953701019287109e+01 1.025076484680175781e+01
9.226957321166992188e+00 1.134454250335693359e+01 1.008912944793701172e+01 1.127822875976562500e+01 8.397654533386230469e+00 1.083444881439208984e+01 1.010751724243164062e+01 7.489069938659667969e+00 9.761552810668945312e+00 1.047244262695312500e+01 6.920186042785644531e+00 9.711247444152832031e+00 1.078894042968750000e+01 1.083443546295166016e+01 1.001232814788818359e+01 1.087047290802001953e+01 8.790521621704101562e+00 1.100078678131103516e+01 1.085840606689453125e+01 1.074329662322998047e+01 1.069689750671386719e+01 8.421450614929199219e+00 8.425342559814453125e+00 1.136489582061767578e+01 8.008276939392089844e+00 7.590390205383300781e+00 7.318270683288574219e+00 8.447542190551757812e+00 0.000000000000000000e+00 7.991703510284423828e+00 8.292504310607910156e+00 8.434095382690429688e+00 7.148789405822753906e+00 8.802498817443847656e+00 4.721373081207275391e+00 8.106142997741699219e+00
1.014554023742675781e+01 1.185811901092529297e+01 1.088272094726562500e+01 1.264546203613281250e+01 1.230408763885498047e+01 8.397654533386230469e+00 1.097280597686767578e+01 8.273321151733398438e+00 1.060076999664306641e+01 1.195100879669189453e+01 1.136680603027343750e+01 6.920186042785644531e+00 1.171823787689208984e+01 1.150747489929199219e+01 1.095492744445800781e+01 1.240955543518066406e+01 1.269897079467773438e+01 8.790521621704101562e+00 1.115304756164550781e+01 1.077149105072021484e+01 1.094335079193115234e+01 9.608345985412597656e+00 1.185523414611816406e+01 8.425342559814453125e+00 8.057611465454101562e+00 7.247601985931396484e+00 7.293663501739501953e+00 9.331001281738281250e+00 7.991703510284423828e+00 0.000000000000000000e+00 9.487220764160156250e+00 9.300365447998046875e+00 8.437699317932128906e+00 1.066019248962402344e+01 1.032510662078857422e+01 4.721373558044433594e+00
8.047949790954589844e+00 1.319460582733154297e+01 1.216475009918212891e+01 1.285812473297119141e+01 1.267912101745605469e+01 1.284520149230957031e+01 6.503815650939941406e+00 7.873379230499267578e+00 1.009868717193603516e+01 1.040720558166503906e+01 9.931438446044921875e+00 1.012063312530517578e+01 7.818629741668701172e+00 1.130844497680664062e+01 1.056097984313964844e+01 1.101803398132324219e+01 1.151563072204589844e+01 1.156409168243408203e+01 8.041071891784667969e+00 1.131098937988281250e+01 1.130200481414794922e+01 8.727818489074707031e+00 1.132903289794921875e+01 1.199565982818603516e+01 4.721373558044433594e+00 9.029900550842285156e+00 8.847249031066894531e+00 9.381896972656250000e+00 8.292504310607910156e+00 9.487220764160156250e+00 0.000000000000000000e+00 8.254366874694824219e+00 6.992670059204101562e+00 8.198689460754394531e+00 8.008276939392089844e+00 8.057611465454101562e+00
9.576560974121093750e+00 8.047949790954589844e+00 1.053627490997314453e+01 1.171974563598632812e+01 1.063240718841552734e+01 1.055501270294189453e+01 1.260469245910644531e+01 6.503815650939941406e+00 1.243595790863037109e+01 1.303720283508300781e+01 1.185576057434082031e+01 1.176749515533447266e+01 1.143022918701171875e+01 7.818629741668701172e+00 1.082332611083984375e+01 1.166174507141113281e+01 1.129052066802978516e+01 1.107770061492919922e+01 1.173236083984375000e+01 8.041071891784667969e+00 1.169682407379150391e+01 9.707953453063964844e+00 1.125537300109863281e+01 1.167704582214355469e+01 9.965577125549316406e+00 4.721373558044433594e+00 9.559608459472656250e+00 1.049387645721435547e+01 8.434095382690429688e+00 9.300365447998046875e+00 8.254366874694824219e+00 0.000000000000000000e+00 7.288546562194824219e+00 8.968452453613281250e+00 7.590390205383300781e+00 7.247602462768554688e+00
8.908013343811035156e+00 1.117012691497802734e+01 8.047949790954589844e+00 1.136409378051757812e+01 1.076431465148925781e+01 1.090675926208496094e+01 8.967196464538574219e+00 6.015979290008544922e+00 6.503815650939941406e+00 9.780030250549316406e+00 8.790426254272460938e+00 8.939417839050292969e+00 1.041741371154785156e+01 1.055288505554199219e+01 7.818629741668701172e+00 1.086354637145996094e+01 1.097854423522949219e+01 1.097700977325439453e+01 9.968811035156250000e+00 9.937191963195800781e+00 8.041071891784667969e+00 7.753789901733398438e+00 1.017804050445556641e+01 1.086228561401367188e+01 8.006484031677246094e+00 7.709892749786376953e+00 4.721373081207275391e+00 8.891595840454101562e+00 7.148789405822753906e+00 8.437699317932128906e+00 6.992670059204101562e+00 7.288546562194824219e+00 0.000000000000000000e+00 8.083562850952148438e+00 7.318270683288574219e+00 7.293663501739501953e+00
9.932001113891601562e+00 1.237145233154296875e+01 1.144920730590820312e+01 8.047949790954589844e+00 1.160367298126220703e+01 1.240154457092285156e+01 1.052265644073486328e+01 8.688891410827636719e+00 1.093792629241943359e+01 6.503815174102783203e+00 1.034746837615966797e+01 1.121507263183593750e+01 1.163193321228027344e+01 1.212979507446289062e+01 1.161607837677001953e+01 7.818629741668701172e+00 1.211571884155273438e+01 1.276021480560302734e+01 1.369597911834716797e+01 1.399784088134765625e+01 1.413804721832275391e+01 8.041071891784667969e+00 1.383032703399658203e+01 1.489096546173095703e+01 9.539379119873046875e+00 9.763583183288574219e+00 9.808682441711425781e+00 4.721373558044433594e+00 8.802498817443847656e+00 1.066019248962402344e+01 8.198689460754394531e+00 8.968452453613281250e+00 8.083562850952148438e+00 0.000000000000000000e+00 8.447542190551757812e+00 9.331001281738281250e+00
9.851085662841796875e+00 1.147688674926757812e+01 1.099011802673339844e+01 1.173097133636474609e+01 8.047949790954589844e+00 1.149275112152099609e+01 1.068788051605224609e+01 7.698585987091064453e+00 1.069774723052978516e+01 1.096590518951416016e+01 6.503815650939941406e+00 1.044835472106933594e+01 1.085896778106689453e+01 1.048876094818115234e+01 1.043300819396972656e+01 1.087167167663574219e+01 7.818629741668701172e+00 1.119482707977294922e+01 1.136818695068359375e+01 1.085643959045410156e+01 1.152559375762939453e+01 8.986747741699218750e+00 8.041071891784667969e+00 1.197006416320800781e+01 1.020206356048583984e+01 9.416835784912109375e+00 1.002954196929931641e+01 1.047953701019287109e+01 4.721373081207275391e+00 1.032510662078857422e+01 8.008276939392089844e+00 7.590390205383300781e+00 7.318270683288574219e+00 8.447542190551757812e+00 0.000000000000000000e+00 7.991703510284423828e+00
9.715451240539550781e+00 1.109892654418945312e+01 1.081557464599609375e+01 1.224237728118896484e+01 1.118884849548339844e+01 8.047949790954589844e+00 1.058405494689941406e+01 7.154074668884277344e+00 1.053950119018554688e+01 1.153067779541015625e+01 1.015705680847167969e+01 6.503815650939941406e+00 1.088043785095214844e+01 1.022751045227050781e+01 1.040010929107666016e+01 1.155742263793945312e+01 1.116568183898925781e+01 7.818629741668701172e+00 1.073647975921630859e+01 9.900491714477539062e+00 1.085004615783691406e+01 9.039467811584472656e+00 1.066629695892333984e+01 8.041070938110351562e+00 9.188340187072753906e+00 7.946156024932861328e+00 8.932133674621582031e+00 1.025076484680175781e+01 8.106142997741699219e+00 4.721373558044433594e+00 8.057611465454101562e+00 7.247602462768554688e+00 7.293663501739501953e+00 9.331001281738281250e+00 7.991703510284423828e+00 0.000000000000000000e+00
