0.000000000000000000e+00 1.010056591033935547e+01 8.182340621948242188e+00 1.051570224761962891e+01 1.082441711425781250e+01 1.028087997436523438e+01 1.059275531768798828e+01 7.867079734802246094e+00 1.104939651489257812e+01 1.226645565032958984e+01 1.202158164978027344e+01 1.171641159057617188e+01 9.048285484313964844e+00 1.090985298156738281e+01 1.015839099884033203e+01 1.232956314086914062e+01 1.233271694183349609e+01 1.176499271392822266e+01 1.033433055877685547e+01 1.134376239776611328e+01 1.066720962524414062e+01 8.860981941223144531e+00 1.120331764221191406e+01 1.143413925170898438e+01 1.134708309173583984e+01 1.212834644317626953e+01 1.172908878326416016e+01 1.287730216979980469e+01 1.053077125549316406e+01 1.210697078704833984e+01 1.042243862152099609e+01 1.186737251281738281e+01 1.133856964111328125e+01 1.249794387817382812e+01 1.178156948089599609e+01 1.105347347259521484e+01
1.010056591033935547e+01 0.000000000000000000e+00 8.998412132263183594e+00 1.022577476501464844e+01 1.022850990295410156e+01 9.798645973205566406e+00 1.914588356018066406e+01 1.059275531768798828e+01 1.698372268676757812e+01 1.722757720947265625e+01 1.686148834228515625e+01 1.673105621337890625e+01 1.577215576171875000e+01 9.048285484313964844e+00 1.349376201629638672e+01 1.452145290374755859e+01 1.429749393463134766e+01 1.391402339935302734e+01 1.699878311157226562e+01 1.033432960510253906e+01 1.442043399810791016e+01 1.235485076904296875e+01 1.389631652832031250e+01 1.418433570861816406e+01 1.773298454284667969e+01 1.134708404541015625e+01 1.533861827850341797e+01 1.560424232482910156e+01 1.349194335937500000e+01 1.485182476043701172e+01 1.674702262878417969e+01 1.042243862152099609e+01 1.457388210296630859e+01 1.483237075805664062e+01 1.400264072418212891e+01 1.350223636627197266e+01
8.182340621948242188e+00 8.998412132263183594e+00 0.000000000000000000e+00 9.073375701904296875e+00 9.231971740722656250e+00 8.776037216186523438e+00 1.536961841583251953e+01 9.894895553588867188e+00 1.059275531768798828e+01 1.338955211639404297e+01 1.302488803863525391e+01 1.287107753753662109e+01 1.394458389282226562e+01 1.198349475860595703e+01 9.048285484313964844e+00 1.301512813568115234e+01 1.287581062316894531e+01 1.246461582183837891e+01 1.528753757476806641e+01 1.294568061828613281e+01 1.033432960510253906e+01 1.049870872497558594e+01 1.239093875885009766e+01 1.272877120971679688e+01 1.593243598937988281e+01 1.357137584686279297e+01 1.134708309173583984e+01 1.398951721191406250e+01 1.170871353149414062e+01 1.326787853240966797e+01 1.491953945159912109e+01 1.291507911682128906e+01 1.042243766784667969e+01 1.322722816467285156e+01 1.240489673614501953e+01 1.185396003723144531e+01
1.051570224761962891e+01 1.022577476501464844e+01 9.073375701904296875e+00 0.000000000000000000e+00 1.005192279815673828e+01 1.003275585174560547e+01 1.717867851257324219e+01 1.169429492950439453e+01 1.448396110534667969e+01 1.059275531768798828e+01 1.416728973388671875e+01 1.430225658416748047e+01 1.526056289672851562e+01 1.272804927825927734e+01 1.260958671569824219e+01 9.048285484313964844e+00 1.328165626525878906e+01 1.318363094329833984e+01 1.887431526184082031e+01 1.643433570861816406e+01 1.637150573730468750e+01 1.033432960510253906e+01 1.575591564178466797e+01 1.626531982421875000e+01 1.768750190734863281e+01 1.493831348419189453e+01 1.504853343963623047e+01 1.134708404541015625e+01 1.297234439849853516e+01 1.466457843780517578e+01 1.679928207397460938e+01 1.436621665954589844e+01 1.438566017150878906e+01 1.042243862152099609e+01 1.362670707702636719e+01 1.342190742492675781e+01
1.082441711425781250e+01 1.022850990295410156e+01 9.231971740722656250e+00 1.005192279815673828e+01 0.000000000000000000e+00 9.906879425048828125e+00 1.772654914855957031e+01 1.222080135345458984e+01 1.500745964050292969e+01 1.502608108520507812e+01 1.059275436401367188e+01 1.464855384826660156e+01 1.568384552001953125e+01 1.298342990875244141e+01 1.297748279571533203e+01 1.376309680938720703e+01 9.048285484313964844e+00 1.333448219299316406e+01 1.795601272583007812e+01 1.515697860717773438e+01 1.518288707733154297e+01 1.293948268890380859e+01 1.033433055877685547e+01 1.488762569427490234e+01 1.951797676086425781e+01 1.687379455566406250e+01 1.705512619018554688e+01 1.706789970397949219e+01 1.134708309173583984e+01 1.655462837219238281e+01 1.768573188781738281e+01 1.517976856231689453e+01 1.529155445098876953e+01 1.528560161590576172e+01 1.042243766784667969e+01 1.419925689697265625e+01
1.028087997436523438e+01 9.798645973205566406e+00 8.776037216186523438e+00 1.003275585174560547e+01 9.906879425048828125e+00 0.000000000000000000e+00 1.727806663513183594e+01 1.168381977081298828e+01 1.458718490600585938e+01 1.487181186676025391e+01 1.435706520080566406e+01 1.059275436401367188e+01 1.538573455810546875e+01 1.273459053039550781e+01 1.274417114257812500e+01 1.382921695709228516e+01 1.349915027618408203e+01 9.048285484313964844e+00 1.715372085571289062e+01 1.429784297943115234e+01 1.433920478820800781e+01 1.226166915893554688e+01 1.372034645080566406e+01 1.033433055877685547e+01 1.795346450805664062e+01 1.513151931762695312e+01 1.534645652770996094e+01 1.561330223083496094e+01 1.340706729888916016e+01 1.134708309173583984e+01 1.750623321533203125e+01 1.506555557250976562e+01 1.519130420684814453e+01 1.544083118438720703e+01 1.455774974822998047e+01 1.042243766784667969e+01
1.059275531768798828e+01 1.914588356018066406e+01 1.536961841583251953e+01 1.717867851257324219e+01 1.772654914855957031e+01 1.727806663513183594e+01 0.000000000000000000e+00 1.010056591033935547e+01 8.182340621948242188e+00 1.051570224761962891e+01 1.082441616058349609e+01 1.028087997436523438e+01 9.745105743408203125e+00 1.686586952209472656e+01 1.316649341583251953e+01 1.540890216827392578e+01 1.581289291381835938e+01 1.523611927032470703e+01 9.526339530944824219e+00 1.627791976928710938e+01 1.244227123260498047e+01 1.160992145538330078e+01 1.393998336791992188e+01 1.397572708129882812e+01 1.014361190795898438e+01 1.653996086120605469e+01 1.299138355255126953e+01 1.456989860534667969e+01 1.303417778015136719e+01 1.418957138061523438e+01 1.010536766052246094e+01 1.693111610412597656e+01 1.338366222381591797e+01 1.490001296997070312e+01 1.473610210418701172e+01 1.401067924499511719e+01
7.867079734802246094e+00 1.059275531768798828e+01 9.894895553588867188e+00 1.169429492950439453e+01 1.222080135345458984e+01 1.168381977081298828e+01 1.010056591033935547e+01 0.000000000000000000e+00 8.998412132263183594e+00 1.022577476501464844e+01 1.022850990295410156e+01 9.798645973205566406e+00 1.046516132354736328e+01 9.745105743408203125e+00 9.995414733886718750e+00 1.199799156188964844e+01 1.224879837036132812e+01 1.161840534210205078e+01 1.098064136505126953e+01 9.526339530944824219e+00 9.830195426940917969e+00 7.521879673004150391e+00 1.046802139282226562e+01 1.065081405639648438e+01 1.167297458648681641e+01 1.014361286163330078e+01 1.068367004394531250e+01 1.173083496093750000e+01 9.417441368103027344e+00 1.109075832366943359e+01 1.102801418304443359e+01 1.010536766052246094e+01 1.051761817932128906e+01 1.155309677124023438e+01 1.104917526245117188e+01 1.020261287689208984e+01
1.104939651489257812e+01 1.698372268676757812e+01 1.059275531768798828e+01 1.448396110534667969e+01 1.500745964050292969e+01 1.458718490600585938e+01 8.182340621948242188e+00 8.998412132263183594e+00 0.000000000000000000e+00 9.073375701904296875e+00 9.231971740722656250e+00 8.776036262512207031e+00 1.226699066162109375e+01 1.587352180480957031e+01 9.745105743408203125e+00 1.406206607818603516e+01 1.437602710723876953e+01 1.385723495483398438e+01 1.267255210876464844e+01 1.571026420593261719e+01 9.526339530944824219e+00 1.046079254150390625e+01 1.285597896575927734e+01 1.302056121826171875e+01 1.307329559326171875e+01 1.592443847656250000e+01 1.014361190795898438e+01 1.360498619079589844e+01 1.179061317443847656e+01 1.318081092834472656e+01 1.261015129089355469e+01 1.598622798919677734e+01 1.010536766052246094e+01 1.355371952056884766e+01 1.323483085632324219e+01 1.255261898040771484e+01
1.226645565032958984e+01 1.722757720947265625e+01 1.338955211639404297e+01 1.059275531768798828e+01 1.502608108520507812e+01 1.487181186676025391e+01 1.051570224761962891e+01 1.022577476501464844e+01 9.073375701904296875e+00 0.000000000000000000e+00 1.005192279815673828e+01 1.003275585174560547e+01 1.317800712585449219e+01 1.597232913970947266e+01 1.252376937866210938e+01 9.745105743408203125e+00 1.421385002136230469e+01 1.397182273864746094e+01 1.636679458618164062e+01 1.827721405029296875e+01 1.538591670989990234e+01 9.526339530944824219e+00 1.564407634735107422e+01 1.602565193176269531e+01 1.465140533447265625e+01 1.665251350402832031e+01 1.361404991149902344e+01 1.014361095428466797e+01 1.244804286956787109e+01 1.405327415466308594e+01 1.426136493682861328e+01 1.673008537292480469e+01 1.360830402374267578e+01 1.010536766052246094e+01 1.384607982635498047e+01 1.348877143859863281e+01
1.202158164978027344e+01 1.686148834228515625e+01 1.302488803863525391e+01 1.416728973388671875e+01 1.059275436401367188e+01 1.435706520080566406e+01 1.082441616058349609e+01 1.022850990295410156e+01 9.231971740722656250e+00 1.005192279815673828e+01 0.000000000000000000e+00 9.906879425048828125e+00 1.319934082031250000e+01 1.578435802459716797e+01 1.239849376678466797e+01 1.378343009948730469e+01 9.745105743408203125e+00 1.366296482086181641e+01 1.488338565826416016e+01 1.676805496215820312e+01 1.366326332092285156e+01 1.178335475921630859e+01 9.526339530944824219e+00 1.419037532806396484e+01 1.643873405456542969e+01 1.806494903564453125e+01 1.540213680267333984e+01 1.590327835083007812e+01 1.014361190795898438e+01 1.561937332153320312e+01 1.488019657135009766e+01 1.707036972045898438e+01 1.412567806243896484e+01 1.464941501617431641e+01 1.010536766052246094e+01 1.381603145599365234e+01
1.171641159057617188e+01 1.673105621337890625e+01 1.287107753753662109e+01 1.430225658416748047e+01 1.464855384826660156e+01 1.059275436401367188e+01 1.028087997436523438e+01 9.798645973205566406e+00 8.776036262512207031e+00 1.003275585174560547e+01 9.906879425048828125e+00 0.000000000000000000e+00 1.300722122192382812e+01 1.571539783477783203e+01 1.232675457000732422e+01 1.400124073028564453e+01 1.412621974945068359e+01 9.745105743408203125e+00 1.405611228942871094e+01 1.612728500366210938e+01 1.288428974151611328e+01 1.122466754913330078e+01 1.328262233734130859e+01 9.526339530944824219e+00 1.469131565093994141e+01 1.657732582092285156e+01 1.364146709442138672e+01 1.447769355773925781e+01 1.257431602478027344e+01 1.014361190795898438e+01 1.480981922149658203e+01 1.709299659729003906e+01 1.416708564758300781e+01 1.495333957672119141e+01 1.447918224334716797e+01 1.010536766052246094e+01
9.048285484313964844e+00 1.577215576171875000e+01 1.394458389282226562e+01 1.526056289672851562e+01 1.568384552001953125e+01 1.538573455810546875e+01 9.745105743408203125e+00 1.046516132354736328e+01 1.226699066162109375e+01 1.317800712585449219e+01 1.319934082031250000e+01 1.300722122192382812e+01 0.000000000000000000e+00 1.010056591033935547e+01 8.182340621948242188e+00 1.051570129394531250e+01 1.082441616058349609e+01 1.028087997436523438e+01 1.052979469299316406e+01 1.405799388885498047e+01 1.278658866882324219e+01 1.109182262420654297e+01 1.328668880462646484e+01 1.356357765197753906e+01 1.118833065032958984e+01 1.443562221527099609e+01 1.340235710144042969e+01 1.423659610748291016e+01 1.242026996612548828e+01 1.386196327209472656e+01 9.480060577392578125e+00 1.367285156250000000e+01 1.246742725372314453e+01 1.333702564239501953e+01 1.292258739471435547e+01 1.235218429565429688e+01
1.090985298156738281e+01 9.048285484313964844e+00 1.198349475860595703e+01 1.272804927825927734e+01 1.298342990875244141e+01 1.273459053039550781e+01 1.686586952209472656e+01 9.745105743408203125e+00 1.587352180480957031e+01 1.597232913970947266e+01 1.578435802459716797e+01 1.571539783477783203e+01 1.010056591033935547e+01 0.000000000000000000e+00 8.998412132263183594e+00 1.022577476501464844e+01 1.022850990295410156e+01 9.798645973205566406e+00 1.510525894165039062e+01 1.052979469299316406e+01 1.388482570648193359e+01 1.150155830383300781e+01 1.338885021209716797e+01 1.376802253723144531e+01 1.568480587005615234e+01 1.118833065032958984e+01 1.457590103149414062e+01 1.467924022674560547e+01 1.267006301879882812e+01 1.418745803833007812e+01 1.402993583679199219e+01 9.480060577392578125e+00 1.320619487762451172e+01 1.329695034027099609e+01 1.262512588500976562e+01 1.215892887115478516e+01
1.015839099884033203e+01 1.349376201629638672e+01 9.048285484313964844e+00 1.260958671569824219e+01 1.297748279571533203e+01 1.274417114257812500e+01 1.316649341583251953e+01 9.995414733886718750e+00 9.745105743408203125e+00 1.252376937866210938e+01 1.239849376678466797e+01 1.232675457000732422e+01 8.182340621948242188e+00 8.998412132263183594e+00 0.000000000000000000e+00 9.073375701904296875e+00 9.231971740722656250e+00 8.776037216186523438e+00 1.386209583282470703e+01 1.381693267822265625e+01 1.052979469299316406e+01 1.044534015655517578e+01 1.260666084289550781e+01 1.302395534515380859e+01 1.430509185791015625e+01 1.413659763336181641e+01 1.118833065032958984e+01 1.367234611511230469e+01 1.161166000366210938e+01 1.326584434509277344e+01 1.257806587219238281e+01 1.293376731872558594e+01 9.480060577392578125e+00 1.228852844238281250e+01 1.168075656890869141e+01 1.119304847717285156e+01
1.232956314086914062e+01 1.452145290374755859e+01 1.301512813568115234e+01 9.048285484313964844e+00 1.376309680938720703e+01 1.382921695709228516e+01 1.540890216827392578e+01 1.199799156188964844e+01 1.406206607818603516e+01 9.745105743408203125e+00 1.378343009948730469e+01 1.400124073028564453e+01 1.051570129394531250e+01 1.022577476501464844e+01 9.073375701904296875e+00 0.000000000000000000e+00 1.005192279815673828e+01 1.003275680541992188e+01 1.788531684875488281e+01 1.728005409240722656e+01 1.665233802795410156e+01 1.052979469299316406e+01 1.608842086791992188e+01 1.665408134460449219e+01 1.639624404907226562e+01 1.562082862854003906e+01 1.510220909118652344e+01 1.118833065032958984e+01 1.308488941192626953e+01 1.483886241912841797e+01 1.493408203125000000e+01 1.456252574920654297e+01 1.390638256072998047e+01 9.480060577392578125e+00 1.316972637176513672e+01 1.304267978668212891e+01
1.233271694183349609e+01 1.429749393463134766e+01 1.287581062316894531e+01 1.328165626525878906e+01 9.048285484313964844e+00 1.349915027618408203e+01 1.581289291381835938e+01 1.224879837036132812e+01 1.437602710723876953e+01 1.421385002136230469e+01 9.745105743408203125e+00 1.412621974945068359e+01 1.082441616058349609e+01 1.022850990295410156e+01 9.231971740722656250e+00 1.005192279815673828e+01 0.000000000000000000e+00 9.906879425048828125e+00 1.671984100341796875e+01 1.586621093750000000e+01 1.527363491058349609e+01 1.284516143798828125e+01 1.052979469299316406e+01 1.509731388092041016e+01 1.817774391174316406e+01 1.729369354248046875e+01 1.691110420227050781e+01 1.676977729797363281e+01 1.118833065032958984e+01 1.651325035095214844e+01 1.571896362304687500e+01 1.515236377716064453e+01 1.462059116363525391e+01 1.443550300598144531e+01 9.480060577392578125e+00 1.360413742065429688e+01
1.176499271392822266e+01 1.391402339935302734e+01 1.246461582183837891e+01 1.318363094329833984e+01 1.333448219299316406e+01 9.048285484313964844e+00 1.523611927032470703e+01 1.161840534210205078e+01 1.385723495483398438e+01 1.397182273864746094e+01 1.366296482086181641e+01 9.745105743408203125e+00 1.028087997436523438e+01 9.798645973205566406e+00 8.776037216186523438e+00 1.003275680541992188e+01 9.906879425048828125e+00 0.000000000000000000e+00 1.578529357910156250e+01 1.497403240203857422e+01 1.435852909088134766e+01 1.207092285156250000e+01 1.378828334808349609e+01 1.052979469299316406e+01 1.641938972473144531e+01 1.552740764617919922e+01 1.511332225799560547e+01 1.521440219879150391e+01 1.318948650360107422e+01 1.118833065032958984e+01 1.544537353515625000e+01 1.496430492401123047e+01 1.443940639495849609e+01 1.452391242980957031e+01 1.381893825531005859e+01 9.480061531066894531e+00
1.033433055877685547e+01 1.699878311157226562e+01 1.528753757476806641e+01 1.887431526184082031e+01 1.795601272583007812e+01 1.715372085571289062e+01 9.526339530944824219e+00 1.098064136505126953e+01 1.267255210876464844e+01 1.636679458618164062e+01 1.488338565826416016e+01 1.405611228942871094e+01 1.052979469299316406e+01 1.510525894165039062e+01 1.386209583282470703e+01 1.788531684875488281e+01 1.671984100341796875e+01 1.578529357910156250e+01 0.000000000000000000e+00 1.010056591033935547e+01 8.182340621948242188e+00 1.051570224761962891e+01 1.082441616058349609e+01 1.028087997436523438e+01 1.032963562011718750e+01 1.432412910461425781e+01 1.324674606323242188e+01 1.681164360046386719e+01 1.368554973602294922e+01 1.436242103576660156e+01 1.022539997100830078e+01 1.472769355773925781e+01 1.358140182495117188e+01 1.705847358703613281e+01 1.527052783966064453e+01 1.413740253448486328e+01
1.134376239776611328e+01 1.033432960510253906e+01 1.294568061828613281e+01 1.643433570861816406e+01 1.515697860717773438e+01 1.429784297943115234e+01 1.627791976928710938e+01 9.526339530944824219e+00 1.571026420593261719e+01 1.827721405029296875e+01 1.676805496215820312e+01 1.612728500366210938e+01 1.405799388885498047e+01 1.052979469299316406e+01 1.381693267822265625e+01 1.728005409240722656e+01 1.586621093750000000e+01 1.497403240203857422e+01 1.010056591033935547e+01 0.000000000000000000e+00 8.998412132263183594e+00 1.022577476501464844e+01 1.022850990295410156e+01 9.798645973205566406e+00 1.456931400299072266e+01 1.032963562011718750e+01 1.389385223388671875e+01 1.673797988891601562e+01 1.335255813598632812e+01 1.414702129364013672e+01 1.400912284851074219e+01 1.022539997100830078e+01 1.371679592132568359e+01 1.657266998291015625e+01 1.450236988067626953e+01 1.341112995147705078e+01
1.066720962524414062e+01 1.442043399810791016e+01 1.033432960510253906e+01 1.637150573730468750e+01 1.518288707733154297e+01 1.433920478820800781e+01 1.244227123260498047e+01 9.830195426940917969e+00 9.526339530944824219e+00 1.538591670989990234e+01 1.366326332092285156e+01 1.288428974151611328e+01 1.278658866882324219e+01 1.388482570648193359e+01 1.052979469299316406e+01 1.665233802795410156e+01 1.527363491058349609e+01 1.435852909088134766e+01 8.182340621948242188e+00 8.998412132263183594e+00 0.000000000000000000e+00 9.073375701904296875e+00 9.231971740722656250e+00 8.776037216186523438e+00 1.310831260681152344e+01 1.350209045410156250e+01 1.032963562011718750e+01 1.589192581176757812e+01 1.239077663421630859e+01 1.325810050964355469e+01 1.259224128723144531e+01 1.352442169189453125e+01 1.022539997100830078e+01 1.580483341217041016e+01 1.372243976593017578e+01 1.257948875427246094e+01
8.860981941223144531e+00 1.235485076904296875e+01 1.049870872497558594e+01 1.033432960510253906e+01 1.293948268890380859e+01 1.226166915893554688e+01 1.160992145538330078e+01 7.521879673004150391e+00 1.046079254150390625e+01 9.526339530944824219e+00 1.178335475921630859e+01 1.122466754913330078e+01 1.109182262420654297e+01 1.150155830383300781e+01 1.044534015655517578e+01 1.052979469299316406e+01 1.284516143798828125e+01 1.207092285156250000e+01 1.051570224761962891e+01 1.022577476501464844e+01 9.073375701904296875e+00 0.000000000000000000e+00 1.005192279815673828e+01 1.003275585174560547e+01 1.232604408264160156e+01 1.193212985992431641e+01 1.120275688171386719e+01 1.032963562011718750e+01 1.028675937652587891e+01 1.165713596343994141e+01 1.180194950103759766e+01 1.198320579528808594e+01 1.113450336456298828e+01 1.022539997100830078e+01 1.188315582275390625e+01 1.090747833251953125e+01
1.120331764221191406e+01 1.389631652832031250e+01 1.239093875885009766e+01 1.575591564178466797e+01 1.033433055877685547e+01 1.372034645080566406e+01 1.393998336791992188e+01 1.046802139282226562e+01 1.285597896575927734e+01 1.564407634735107422e+01 9.526339530944824219e+00 1.328262233734130859e+01 1.328668880462646484e+01 1.338885021209716797e+01 1.260666084289550781e+01 1.608842086791992188e+01 1.052979469299316406e+01 1.378828334808349609e+01 1.082441616058349609e+01 1.022850990295410156e+01 9.231971740722656250e+00 1.005192279815673828e+01 0.000000000000000000e+00 9.906879425048828125e+00 1.613829231262207031e+01 1.563191509246826172e+01 1.517662811279296875e+01 1.759737396240234375e+01 1.032963562011718750e+01 1.533962154388427734e+01 1.450050354003906250e+01 1.442372131347656250e+01 1.383007144927978516e+01 1.643138885498046875e+01 1.022539997100830078e+01 1.344818687438964844e+01
1.143413925170898438e+01 1.418433570861816406e+01 1.272877120971679688e+01 1.626531982421875000e+01 1.488762569427490234e+01 1.033433055877685547e+01 1.397572708129882812e+01 1.065081405639648438e+01 1.302056121826171875e+01 1.602565193176269531e+01 1.419037532806396484e+01 9.526339530944824219e+00 1.356357765197753906e+01 1.376802253723144531e+01 1.302395534515380859e+01 1.665408134460449219e+01 1.509731388092041016e+01 1.052979469299316406e+01 1.028087997436523438e+01 9.798645973205566406e+00 8.776037216186523438e+00 1.003275585174560547e+01 9.906879425048828125e+00 0.000000000000000000e+00 1.478230762481689453e+01 1.432799530029296875e+01 1.384424591064453125e+01 1.669809341430664062e+01 1.320572853088378906e+01 1.032963562011718750e+01 1.485410404205322266e+01 1.487568855285644531e+01 1.431473731994628906e+01 1.707210922241210938e+01 1.498520660400390625e+01 1.022539997100830078e+01
1.134708309173583984e+01 1.773298454284667969e+01 1.593243598937988281e+01 1.768750190734863281e+01 1.951797676086425781e+01 1.795346450805664062e+01 1.014361190795898438e+01 1.167297458648681641e+01 1.307329559326171875e+01 1.465140533447265625e+01 1.643873405456542969e+01 1.469131565093994141e+01 1.118833065032958984e+01 1.568480587005615234e+01 1.430509185791015625e+01 1.639624404907226562e+01 1.817774391174316406e+01 1.641938972473144531e+01 1.032963562011718750e+01 1.456931400299072266e+01 1.310831260681152344e+01 1.232604408264160156e+01 1.613829231262207031e+01 1.478230762481689453e+01 0.000000000000000000e+00 1.010056591033935547e+01 8.182340621948242188e+00 1.051570129394531250e+01 1.082441711425781250e+01 1.028087997436523438e+01 1.054692935943603516e+01 1.507070064544677734e+01 1.375896739959716797e+01 1.524206447601318359e+01 1.662657737731933594e+01 1.458299827575683594e+01
1.212834644317626953e+01 1.134708404541015625e+01 1.357137584686279297e+01 1.493831348419189453e+01 1.687379455566406250e+01 1.513151931762695312e+01 1.653996086120605469e+01 1.014361286163330078e+01 1.592443847656250000e+01 1.665251350402832031e+01 1.806494903564453125e+01 1.657732582092285156e+01 1.443562221527099609e+01 1.118833065032958984e+01 1.413659763336181641e+01 1.562082862854003906e+01 1.729369354248046875e+01 1.552740764617919922e+01 1.432412910461425781e+01 1.032963562011718750e+01 1.350209045410156250e+01 1.193212985992431641e+01 1.563191509246826172e+01 1.432799530029296875e+01 1.010056591033935547e+01 0.000000000000000000e+00 8.998412132263183594e+00 1.022577476501464844e+01 1.022850990295410156e+01 9.798645973205566406e+00 1.412063407897949219e+01 1.054692935943603516e+01 1.376455688476562500e+01 1.457532596588134766e+01 1.581235694885253906e+01 1.375187110900878906e+01
1.172908878326416016e+01 1.533861827850341797e+01 1.134708309173583984e+01 1.504853343963623047e+01 1.705512619018554688e+01 1.534645652770996094e+01 1.299138355255126953e+01 1.068367004394531250e+01 1.014361190795898438e+01 1.361404991149902344e+01 1.540213680267333984e+01 1.364146709442138672e+01 1.340235710144042969e+01 1.457590103149414062e+01 1.118833065032958984e+01 1.510220909118652344e+01 1.691110420227050781e+01 1.511332225799560547e+01 1.324674606323242188e+01 1.389385223388671875e+01 1.032963562011718750e+01 1.120275688171386719e+01 1.517662811279296875e+01 1.384424591064453125e+01 8.182340621948242188e+00 8.998412132263183594e+00 0.000000000000000000e+00 9.073375701904296875e+00 9.231971740722656250e+00 8.776037216186523438e+00 1.292546653747558594e+01 1.396263790130615234e+01 1.054692935943603516e+01 1.389049816131591797e+01 1.527689933776855469e+01 1.314782905578613281e+01
1.287730216979980469e+01 1.560424232482910156e+01 1.398951721191406250e+01 1.134708404541015625e+01 1.706789970397949219e+01 1.561330223083496094e+01 1.456989860534667969e+01 1.173083496093750000e+01 1.360498619079589844e+01 1.014361095428466797e+01 1.590327835083007812e+01 1.447769355773925781e+01 1.423659610748291016e+01 1.467924022674560547e+01 1.367234611511230469e+01 1.118833065032958984e+01 1.676977729797363281e+01 1.521440219879150391e+01 1.681164360046386719e+01 1.673797988891601562e+01 1.589192581176757812e+01 1.032963562011718750e+01 1.759737396240234375e+01 1.669809341430664062e+01 1.051570129394531250e+01 1.022577476501464844e+01 9.073375701904296875e+00 0.000000000000000000e+00 1.005192279815673828e+01 1.003275680541992188e+01 1.453667545318603516e+01 1.480433273315429688e+01 1.393491363525390625e+01 1.054692935943603516e+01 1.580548667907714844e+01 1.403997039794921875e+01
1.053077125549316406e+01 1.349194335937500000e+01 1.170871353149414062e+01 1.297234439849853516e+01 1.134708309173583984e+01 1.340706729888916016e+01 1.303417778015136719e+01 9.417441368103027344e+00 1.179061317443847656e+01 1.244804286956787109e+01 1.014361190795898438e+01 1.257431602478027344e+01 1.242026996612548828e+01 1.267006301879882812e+01 1.161166000366210938e+01 1.308488941192626953e+01 1.118833065032958984e+01 1.318948650360107422e+01 1.368554973602294922e+01 1.335255813598632812e+01 1.239077663421630859e+01 1.028675937652587891e+01 1.032963562011718750e+01 1.320572853088378906e+01 1.082441711425781250e+01 1.022850990295410156e+01 9.231971740722656250e+00 1.005192279815673828e+01 0.000000000000000000e+00 9.906879425048828125e+00 1.343013095855712891e+01 1.347923088073730469e+01 1.263132858276367188e+01 1.321909046173095703e+01 1.054692935943603516e+01 1.253300762176513672e+01
1.210697078704833984e+01 1.485182476043701172e+01 1.326787853240966797e+01 1.466457843780517578e+01 1.655462837219238281e+01 1.134708309173583984e+01 1.418957138061523438e+01 1.109075832366943359e+01 1.318081092834472656e+01 1.405327415466308594e+01 1.561937332153320312e+01 1.014361190795898438e+01 1.386196327209472656e+01 1.418745803833007812e+01 1.326584434509277344e+01 1.483886241912841797e+01 1.651325035095214844e+01 1.118833065032958984e+01 1.436242103576660156e+01 1.414702129364013672e+01 1.325810050964355469e+01 1.165713596343994141e+01 1.533962154388427734e+01 1.032963562011718750e+01 1.028087997436523438e+01 9.798645973205566406e+00 8.776037216186523438e+00 1.003275680541992188e+01 9.906879425048828125e+00 0.000000000000000000e+00 1.487294864654541016e+01 1.501294136047363281e+01 1.427051734924316406e+01 1.505546760559082031e+01 1.617688751220703125e+01 1.054692935943603516e+01
1.042243862152099609e+01 1.674702262878417969e+01 1.491953945159912109e+01 1.679928207397460938e+01 1.768573188781738281e+01 1.750623321533203125e+01 1.010536766052246094e+01 1.102801418304443359e+01 1.261015129089355469e+01 1.426136493682861328e+01 1.488019657135009766e+01 1.480981922149658203e+01 9.480060577392578125e+00 1.402993583679199219e+01 1.257806587219238281e+01 1.493408203125000000e+01 1.571896362304687500e+01 1.544537353515625000e+01 1.022539997100830078e+01 1.400912284851074219e+01 1.259224128723144531e+01 1.180194950103759766e+01 1.450050354003906250e+01 1.485410404205322266e+01 1.054692935943603516e+01 1.412063407897949219e+01 1.292546653747558594e+01 1.453667545318603516e+01 1.343013095855712891e+01 1.487294864654541016e+01 0.000000000000000000e+00 1.010056591033935547e+01 8.182340621948242188e+00 1.051570224761962891e+01 1.082441616058349609e+01 1.028087997436523438e+01
1.186737251281738281e+01 1.042243862152099609e+01 1.291507911682128906e+01 1.436621665954589844e+01 1.517976856231689453e+01 1.506555557250976562e+01 1.693111610412597656e+01 1.010536766052246094e+01 1.598622798919677734e+01 1.673008537292480469e+01 1.707036972045898438e+01 1.709299659729003906e+01 1.367285156250000000e+01 9.480060577392578125e+00 1.293376731872558594e+01 1.456252574920654297e+01 1.515236377716064453e+01 1.496430492401123047e+01 1.472769355773925781e+01 1.022539997100830078e+01 1.352442169189453125e+01 1.198320579528808594e+01 1.442372131347656250e+01 1.487568855285644531e+01 1.507070064544677734e+01 1.054692935943603516e+01 1.396263790130615234e+01 1.480433273315429688e+01 1.347923088073730469e+01 1.501294136047363281e+01 1.010056591033935547e+01 0.000000000000000000e+00 8.998412132263183594e+00 1.022577476501464844e+01 1.022850990295410156e+01 9.798645973205566406e+00
1.133856964111328125e+01 1.457388210296630859e+01 1.042243766784667969e+01 1.438566017150878906e+01 1.529155445098876953e+01 1.519130420684814453e+01 1.338366222381591797e+01 1.051761817932128906e+01 1.010536766052246094e+01 1.360830402374267578e+01 1.412567806243896484e+01 1.416708564758300781e+01 1.246742725372314453e+01 1.320619487762451172e+01 9.480060577392578125e+00 1.390638256072998047e+01 1.462059116363525391e+01 1.443940639495849609e+01 1.358140182495117188e+01 1.371679592132568359e+01 1.022539997100830078e+01 1.113450336456298828e+01 1.383007144927978516e+01 1.431473731994628906e+01 1.375896739959716797e+01 1.376455688476562500e+01 1.054692935943603516e+01 1.393491363525390625e+01 1.263132858276367188e+01 1.427051734924316406e+01 8.182340621948242188e+00 8.998412132263183594e+00 0.000000000000000000e+00 9.073375701904296875e+00 9.231971740722656250e+00 8.776037216186523438e+00
1.249794387817382812e+01 1.483237075805664062e+01 1.322722816467285156e+01 1.042243862152099609e+01 1.528560161590576172e+01 1.544083118438720703e+01 1.490001296997070312e+01 1.155309677124023438e+01 1.355371952056884766e+01 1.010536766052246094e+01 1.464941501617431641e+01 1.495333957672119141e+01 1.333702564239501953e+01 1.329695034027099609e+01 1.228852844238281250e+01 9.480060577392578125e+00 1.443550300598144531e+01 1.452391242980957031e+01 1.705847358703613281e+01 1.657266998291015625e+01 1.580483341217041016e+01 1.022539997100830078e+01 1.643138885498046875e+01 1.707210922241210938e+01 1.524206447601318359e+01 1.457532596588134766e+01 1.389049816131591797e+01 1.054692935943603516e+01 1.321909046173095703e+01 1.505546760559082031e+01 1.051570224761962891e+01 1.022577476501464844e+01 9.073375701904296875e+00 0.000000000000000000e+00 1.005192279815673828e+01 1.003275585174560547e+01
1.178156948089599609e+01 1.400264072418212891e+01 1.240489673614501953e+01 1.362670707702636719e+01 1.042243766784667969e+01 1.455774974822998047e+01 1.473610210418701172e+01 1.104917526245117188e+01 1.323483085632324219e+01 1.384607982635498047e+01 1.010536766052246094e+01 1.447918224334716797e+01 1.292258739471435547e+01 1.262512588500976562e+01 1.168075656890869141e+01 1.316972637176513672e+01 9.480060577392578125e+00 1.381893825531005859e+01 1.527052783966064453e+01 1.450236988067626953e+01 1.372243976593017578e+01 1.188315582275390625e+01 1.022539997100830078e+01 1.498520660400390625e+01 1.662657737731933594e+01 1.581235694885253906e+01 1.527689933776855469e+01 1.580548667907714844e+01 1.054692935943603516e+01 1.617688751220703125e+01 1.082441616058349609e+01 1.022850990295410156e+01 9.231971740722656250e+00 1.005192279815673828e+01 0.000000000000000000e+00 9.906879425048828125e+00
1.105347347259521484e+01 1.350223636627197266e+01 1.185396003723144531e+01 1.342190742492675781e+01 1.419925689697265625e+01 1.042243766784667969e+01 1.401067924499511719e+01 1.020261287689208984e+01 1.255261898040771484e+01 1.348877143859863281e+01 1.381603145599365234e+01 1.010536766052246094e+01 1.235218429565429688e+01 1.215892887115478516e+01 1.119304847717285156e+01 1.304267978668212891e+01 1.360413742065429688e+01 9.480061531066894531e+00 1.413740253448486328e+01 1.341112995147705078e+01 1.257948875427246094e+01 1.090747833251953125e+01 1.344818687438964844e+01 1.022539997100830078e+01 1.458299827575683594e+01 1.375187110900878906e+01 1.314782905578613281e+01 1.403997039794921875e+01 1.253300762176513672e+01 1.054692935943603516e+01 1.028087997436523438e+01 9.798645973205566406e+00 8.776037216186523438e+00 1.003275585174560547e+01 9.906879425048828125e+00 0.000000000000000000e+00
