0.000000000000000000e+00 4.154154777526855469e+00 3.935524940490722656e+00 4.235393047332763672e+00 4.572362899780273438e+00 4.294002056121826172e+00 4.603008747100830078e+00 3.689014911651611328e+00 5.607021331787109375e+00 5.571351051330566406e+00 4.963554859161376953e+00 4.822019577026367188e+00 3.626854896545410156e+00 4.372721195220947266e+00 4.800700187683105469e+00 4.877177715301513672e+00 5.195528984069824219e+00 4.545903205871582031e+00 4.692866325378417969e+00 5.396516799926757812e+00 5.567306041717529297e+00 4.310914516448974609e+00 5.548213005065917969e+00 5.604037761688232422e+00 4.852373600006103516e+00 4.711048126220703125e+00 5.766336917877197266e+00 5.498719215393066406e+00 4.620657444000244141e+00 5.178441524505615234e+00 5.231017112731933594e+00 5.073095321655273438e+00 5.948303222656250000e+00 5.725015640258789062e+00 5.598344802856445312e+00 4.366483688354492188e+00
4.154154777526855469e+00 0.000000000000000000e+00 3.688496112823486328e+00 3.934630155563354492e+00 3.249432086944580078e+00 3.325568914413452148e+00 7.954907417297363281e+00 4.603008747100830078e+00 7.375038623809814453e+00 7.308800697326660156e+00 6.255002021789550781e+00 6.380336761474609375e+00 6.457667350769042969e+00 3.626854896545410156e+00 5.696819782257080078e+00 5.711392879486083984e+00 5.285472393035888672e+00 4.957477092742919922e+00 7.031187057495117188e+00 4.692866325378417969e+00 6.266509056091308594e+00 5.126825332641601562e+00 5.531055927276611328e+00 5.846690177917480469e+00 7.707859039306640625e+00 4.852373600006103516e+00 7.069359302520751953e+00 6.810816764831542969e+00 5.441630363464355469e+00 6.168125152587890625e+00 7.968988418579101562e+00 5.231017112731933594e+00 7.237623691558837891e+00 7.014471054077148438e+00 6.314904689788818359e+00 5.529139041900634766e+00
3.935524940490722656e+00 3.688496112823486328e+00 0.000000000000000000e+00 3.487375020980834961e+00 3.772594213485717773e+00 3.951921939849853516e+00 6.474056243896484375e+00 3.897972583770751953e+00 4.603008747100830078e+00 5.522728919982910156e+00 4.816658973693847656e+00 5.066405296325683594e+00 5.851337432861328125e+00 4.589597225189208984e+00 3.626854658126831055e+00 4.858581066131591797e+00 5.090698242187500000e+00 4.841506004333496094e+00 6.635345458984375000e+00 5.655692100524902344e+00 4.692866325378417969e+00 4.395869255065917969e+00 5.533994674682617188e+00 5.924603462219238281e+00 6.694561004638671875e+00 4.932061195373535156e+00 4.852373600006103516e+00 5.499308586120605469e+00 4.523239135742187500e+00 5.456990718841552734e+00 7.093764305114746094e+00 5.436348438262939453e+00 5.231017112731933594e+00 5.870997905731201172e+00 5.668952465057373047e+00 4.869805335998535156e+00
4.235393047332763672e+00 3.934630155563354492e+00 3.487375020980834961e+00 0.000000000000000000e+00 3.872880458831787109e+00 4.000283718109130859e+00 6.871138572692871094e+00 4.463119983673095703e+00 6.016511917114257812e+00 4.603008747100830078e+00 5.178404808044433594e+00 5.376057147979736328e+00 6.196644306182861328e+00 4.964953899383544922e+00 5.198646068572998047e+00 3.626854419708251953e+00 5.328413963317871094e+00 5.053198814392089844e+00 7.831928730010986328e+00 6.980277061462402344e+00 7.003277301788330078e+00 4.692866325378417969e+00 6.800951004028320312e+00 7.095535278320312500e+00 7.261698246002197266e+00 5.627296447753906250e+00 6.416560173034667969e+00 4.852374076843261719e+00 5.166367530822753906e+00 5.968941211700439453e+00 7.604497909545898438e+00 6.040438652038574219e+00 6.676977634429931641e+00 5.231017112731933594e+00 6.161206245422363281e+00 5.399656772613525391e+00
4.572362899780273438e+00 3.249432086944580078e+00 3.772594213485717773e+00 3.872880458831787109e+00 0.000000000000000000e+00 3.844045400619506836e+00 7.716961860656738281e+00 4.936390399932861328e+00 6.902181625366210938e+00 6.749660015106201172e+00 4.603008747100830078e+00 6.086658954620361328e+00 6.413082599639892578e+00 4.414696693420410156e+00 5.371953010559082031e+00 5.283422946929931641e+00 3.626854658126831055e+00 4.906170845031738281e+00 7.421341896057128906e+00 5.879713535308837891e+00 6.471926212310791016e+00 5.271759986877441406e+00 4.692866325378417969e+00 6.315876483917236328e+00 8.219099044799804688e+00 6.212676048278808594e+00 7.422688484191894531e+00 7.099163055419921875e+00 4.852373600006103516e+00 6.801179885864257812e+00 8.074566841125488281e+00 5.997222423553466797e+00 7.145277500152587891e+00 6.838495254516601562e+00 5.231017112731933594e+00 5.686210632324218750e+00
4.294002056121826172e+00 3.325568914413452148e+00 3.951921939849853516e+00 4.000283718109130859e+00 3.844045400619506836e+00 0.000000000000000000e+00 7.483343124389648438e+00 4.877038955688476562e+00 6.924037456512451172e+00 6.743732929229736328e+00 5.906042098999023438e+00 4.603008747100830078e+00 6.520722866058349609e+00 4.883686542510986328e+00 5.839807987213134766e+00 5.725196361541748047e+00 5.638351917266845703e+00 3.626854658126831055e+00 7.036878108978271484e+00 5.655175685882568359e+00 6.338803768157958984e+00 5.069901466369628906e+00 5.805950164794921875e+00 4.692866325378417969e+00 7.559875965118408203e+00 5.582482814788818359e+00 6.967617988586425781e+00 6.592977523803710938e+00 5.512566089630126953e+00 4.852373600006103516e+00 8.516912460327148438e+00 6.802537441253662109e+00 7.889705181121826172e+00 7.587841033935546875e+00 7.207458019256591797e+00 5.231017112731933594e+00
4.603008747100830078e+00 7.954907417297363281e+00 6.474056243896484375e+00 6.871138572692871094e+00 7.716961860656738281e+00 7.483343124389648438e+00 0.000000000000000000e+00 4.154154777526855469e+00 3.935524940490722656e+00 4.235393524169921875e+00 4.572362899780273438e+00 4.294002532958984375e+00 3.822380304336547852e+00 6.738921642303466797e+00 5.453494071960449219e+00 5.773186206817626953e+00 6.775496006011962891e+00 6.204515933990478516e+00 4.670361995697021484e+00 7.331271648406982422e+00 6.001794815063476562e+00 5.143887042999267578e+00 6.930315494537353516e+00 6.897013664245605469e+00 3.604937791824340820e+00 6.039857387542724609e+00 5.285644531250000000e+00 5.269938468933105469e+00 5.315809249877929688e+00 5.713192939758300781e+00 4.130155563354492188e+00 6.345612525939941406e+00 5.505843162536621094e+00 5.527815341949462891e+00 6.204306125640869141e+00 5.013491630554199219e+00
3.689014911651611328e+00 4.603008747100830078e+00 3.897972583770751953e+00 4.463119983673095703e+00 4.936390399932861328e+00 4.877038955688476562e+00 4.154154777526855469e+00 0.000000000000000000e+00 3.688496112823486328e+00 3.934630155563354492e+00 3.249432325363159180e+00 3.325569152832031250e+00 4.280434131622314453e+00 3.822380304336547852e+00 3.783089399337768555e+00 4.162566661834716797e+00 4.691928386688232422e+00 4.191837310791015625e+00 4.938726425170898438e+00 4.670361995697021484e+00 4.411340236663818359e+00 3.053532600402832031e+00 4.796177387237548828e+00 5.050889968872070312e+00 4.901559352874755859e+00 3.604938030242919922e+00 4.452795028686523438e+00 4.368947982788085938e+00 3.418016433715820312e+00 4.362823486328125000e+00 5.325746059417724609e+00 4.130155563354492188e+00 4.741238117218017578e+00 4.706153869628906250e+00 4.711062908172607422e+00 3.435758829116821289e+00
5.607021331787109375e+00 7.375038623809814453e+00 4.603008747100830078e+00 6.016511917114257812e+00 6.902181625366210938e+00 6.924037456512451172e+00 3.935524940490722656e+00 3.688496112823486328e+00 0.000000000000000000e+00 3.487375020980834961e+00 3.772594213485717773e+00 3.951922178268432617e+00 5.518814086914062500e+00 6.489947795867919922e+00 3.822380304336547852e+00 5.283111095428466797e+00 6.292191982269287109e+00 6.002800464630126953e+00 6.211258888244628906e+00 7.167611598968505859e+00 4.670361995697021484e+00 4.686352252960205078e+00 6.529496669769287109e+00 6.784329891204833984e+00 5.387934207916259766e+00 5.777004241943359375e+00 3.604937791824340820e+00 4.747776508331298828e+00 4.704221248626708984e+00 5.510508537292480469e+00 5.897353649139404297e+00 6.232739448547363281e+00 4.130155563354492188e+00 5.197326660156250000e+00 5.835376739501953125e+00 4.954448699951171875e+00
5.571351051330566406e+00 7.308800697326660156e+00 5.522728919982910156e+00 4.603008747100830078e+00 6.749660015106201172e+00 6.743732929229736328e+00 4.235393524169921875e+00 3.934630155563354492e+00 3.487375020980834961e+00 0.000000000000000000e+00 3.872880458831787109e+00 4.000283718109130859e+00 5.636366367340087891e+00 6.546514034271240234e+00 5.062953472137451172e+00 3.822380304336547852e+00 6.262549877166748047e+00 5.939638614654541016e+00 7.283001422882080078e+00 8.078559875488281250e+00 6.781315326690673828e+00 4.670361995697021484e+00 7.444006919860839844e+00 7.643552303314208984e+00 5.839179515838623047e+00 6.153541564941406250e+00 5.270042896270751953e+00 3.604938030242919922e+00 5.050981521606445312e+00 5.776354789733886719e+00 6.279868125915527344e+00 6.552184104919433594e+00 5.606044769287109375e+00 4.130155563354492188e+00 6.084909915924072266e+00 5.209501743316650391e+00
4.963554859161376953e+00 6.255002021789550781e+00 4.816658973693847656e+00 5.178404808044433594e+00 4.603008747100830078e+00 5.906042098999023438e+00 4.572362899780273438e+00 3.249432325363159180e+00 3.772594213485717773e+00 3.872880458831787109e+00 0.000000000000000000e+00 3.844045400619506836e+00 5.012667179107666016e+00 5.322087287902832031e+00 4.253756523132324219e+00 4.472142696380615234e+00 3.822380304336547852e+00 4.944086074829101562e+00 6.116231918334960938e+00 6.460562705993652344e+00 5.427261352539062500e+00 4.267285823822021484e+00 4.670361995697021484e+00 6.212611675262451172e+00 6.288587570190429688e+00 5.951969146728515625e+00 5.685631275177001953e+00 5.520611286163330078e+00 3.604938030242919922e+00 5.884135723114013672e+00 6.118492603302001953e+00 5.748031616210937500e+00 5.341318607330322266e+00 5.204676151275634766e+00 4.130155563354492188e+00 4.576526165008544922e+00
4.822019577026367188e+00 6.380336761474609375e+00 5.066405296325683594e+00 5.376057147979736328e+00 6.086658954620361328e+00 4.603008747100830078e+00 4.294002532958984375e+00 3.325569152832031250e+00 3.951922178268432617e+00 4.000283718109130859e+00 3.844045400619506836e+00 0.000000000000000000e+00 5.253767490386962891e+00 5.811067581176757812e+00 4.941958427429199219e+00 5.093762874603271484e+00 5.859228610992431641e+00 3.822380304336547852e+00 5.738699913024902344e+00 6.342861175537109375e+00 5.369618892669677734e+00 4.147917747497558594e+00 5.880594253540039062e+00 4.670361995697021484e+00 5.497953891754150391e+00 5.392192840576171875e+00 5.182743072509765625e+00 4.962804317474365234e+00 4.573999881744384766e+00 3.604937791824340820e+00 6.771867275238037109e+00 6.665639877319335938e+00 6.387893199920654297e+00 6.243556499481201172e+00 6.536447525024414062e+00 4.130155563354492188e+00
3.626854896545410156e+00 6.457667350769042969e+00 5.851337432861328125e+00 6.196644306182861328e+00 6.413082599639892578e+00 6.520722866058349609e+00 3.822380304336547852e+00 4.280434131622314453e+00 5.518814086914062500e+00 5.636366367340087891e+00 5.012667179107666016e+00 5.253767490386962891e+00 0.000000000000000000e+00 4.154154777526855469e+00 3.935525178909301758e+00 4.235393047332763672e+00 4.572362899780273438e+00 4.294002056121826172e+00 4.621042251586914062e+00 6.304269790649414062e+00 5.993466854095458984e+00 5.022030830383300781e+00 6.097602844238281250e+00 6.454732894897460938e+00 4.508236885070800781e+00 5.501183986663818359e+00 5.968669414520263672e+00 5.858356952667236328e+00 5.019579887390136719e+00 5.875560760498046875e+00 4.687440395355224609e+00 5.624521732330322266e+00 5.965448856353759766e+00 5.889832496643066406e+00 5.746048927307128906e+00 4.960043907165527344e+00
4.372721195220947266e+00 3.626854896545410156e+00 4.589597225189208984e+00 4.964953899383544922e+00 4.414696693420410156e+00 4.883686542510986328e+00 6.738921642303466797e+00 3.822380304336547852e+00 6.489947795867919922e+00 6.546514034271240234e+00 5.322087287902832031e+00 5.811067581176757812e+00 4.154154777526855469e+00 0.000000000000000000e+00 3.688496112823486328e+00 3.934630155563354492e+00 3.249432325363159180e+00 3.325568914413452148e+00 6.121947765350341797e+00 4.621042251586914062e+00 5.736331939697265625e+00 4.650887966156005859e+00 5.069544315338134766e+00 5.757754802703857422e+00 6.700699806213378906e+00 4.508236885070800781e+00 6.407794952392578125e+00 6.259494304656982422e+00 4.708148956298828125e+00 5.870379447937011719e+00 6.842730045318603516e+00 4.687440395355224609e+00 6.426280498504638672e+00 6.310843467712402344e+00 5.501203536987304688e+00 4.981651782989501953e+00
4.800700187683105469e+00 5.696819782257080078e+00 3.626854658126831055e+00 5.198646068572998047e+00 5.371953010559082031e+00 5.839807987213134766e+00 5.453494071960449219e+00 3.783089399337768555e+00 3.822380304336547852e+00 5.062953472137451172e+00 4.253756523132324219e+00 4.941958427429199219e+00 3.935525178909301758e+00 3.688496112823486328e+00 0.000000000000000000e+00 3.487375020980834961e+00 3.772594213485717773e+00 3.951922178268432617e+00 6.145171642303466797e+00 6.083796024322509766e+00 4.621042251586914062e+00 4.512733936309814453e+00 5.606020927429199219e+00 6.305834770202636719e+00 6.000008583068847656e+00 5.176733493804931641e+00 4.508236885070800781e+00 5.360141277313232422e+00 4.325470924377441406e+00 5.647034168243408203e+00 6.271709442138671875e+00 5.464167118072509766e+00 4.687440395355224609e+00 5.548624515533447266e+00 5.311960697174072266e+00 4.863655567169189453e+00
4.877177715301513672e+00 5.711392879486083984e+00 4.858581066131591797e+00 3.626854419708251953e+00 5.283422946929931641e+00 5.725196361541748047e+00 5.773186206817626953e+00 4.162566661834716797e+00 5.283111095428466797e+00 3.822380304336547852e+00 4.472142696380615234e+00 5.093762874603271484e+00 4.235393047332763672e+00 3.934630155563354492e+00 3.487375020980834961e+00 0.000000000000000000e+00 3.872880458831787109e+00 4.000283718109130859e+00 7.305093288421630859e+00 7.213871002197265625e+00 6.831315517425537109e+00 4.621042251586914062e+00 6.733888626098632812e+00 7.300629615783691406e+00 6.496550559997558594e+00 5.694712162017822266e+00 6.020037651062011719e+00 4.508236885070800781e+00 4.819886207580566406e+00 6.002370357513427734e+00 6.717975139617919922e+00 5.922843933105468750e+00 6.122134685516357422e+00 4.687440395355224609e+00 5.685974121093750000e+00 5.233200073242187500e+00
5.195528984069824219e+00 5.285472393035888672e+00 5.090698242187500000e+00 5.328413963317871094e+00 3.626854658126831055e+00 5.638351917266845703e+00 6.775496006011962891e+00 4.691928386688232422e+00 6.292191982269287109e+00 6.262549877166748047e+00 3.822380304336547852e+00 5.859228610992431641e+00 4.572362899780273438e+00 3.249432325363159180e+00 3.772594213485717773e+00 3.872880458831787109e+00 0.000000000000000000e+00 3.844045400619506836e+00 6.880429267883300781e+00 6.174577713012695312e+00 6.304405689239501953e+00 5.230794906616210938e+00 4.621042251586914062e+00 6.563655853271484375e+00 7.567378044128417969e+00 6.292800903320312500e+00 7.099551677703857422e+00 6.885891914367675781e+00 4.508236885070800781e+00 6.847989559173583984e+00 7.262239933013916016e+00 5.899031639099121094e+00 6.647722721099853516e+00 6.450759887695312500e+00 4.687440395355224609e+00 5.549936294555664062e+00
4.545903205871582031e+00 4.957477092742919922e+00 4.841506004333496094e+00 5.053198814392089844e+00 4.906170845031738281e+00 3.626854658126831055e+00 6.204515933990478516e+00 4.191837310791015625e+00 6.002800464630126953e+00 5.939638614654541016e+00 4.944086074829101562e+00 3.822380304336547852e+00 4.294002056121826172e+00 3.325568914413452148e+00 3.951922178268432617e+00 4.000283718109130859e+00 3.844045400619506836e+00 0.000000000000000000e+00 6.158035278320312500e+00 5.628067493438720703e+00 5.846356868743896484e+00 4.627463340759277344e+00 5.401837825775146484e+00 4.621042251586914062e+00 6.557673931121826172e+00 5.320326328277587891e+00 6.324141979217529297e+00 6.051817417144775391e+00 4.827712059020996094e+00 4.508236885070800781e+00 7.497938156127929688e+00 6.422317504882812500e+00 7.178051471710205078e+00 6.968670368194580078e+00 6.534200668334960938e+00 4.687440395355224609e+00
4.692866325378417969e+00 7.031187057495117188e+00 6.635345458984375000e+00 7.831928730010986328e+00 7.421341896057128906e+00 7.036878108978271484e+00 4.670361995697021484e+00 4.938726425170898438e+00 6.211258888244628906e+00 7.283001422882080078e+00 6.116231918334960938e+00 5.738699913024902344e+00 4.621042251586914062e+00 6.121947765350341797e+00 6.145171642303466797e+00 7.305093288421630859e+00 6.880429267883300781e+00 6.158035278320312500e+00 0.000000000000000000e+00 4.154154777526855469e+00 3.935524940490722656e+00 4.235393524169921875e+00 4.572362899780273438e+00 4.294002532958984375e+00 4.846268653869628906e+00 5.682636260986328125e+00 6.301418781280517578e+00 7.180129051208496094e+00 5.782567024230957031e+00 5.984417915344238281e+00 5.153464317321777344e+00 5.923558712005615234e+00 6.410415172576904297e+00 7.303973197937011719e+00 6.533218383789062500e+00 5.226571083068847656e+00
5.396516799926757812e+00 4.692866325378417969e+00 5.655692100524902344e+00 6.980277061462402344e+00 5.879713535308837891e+00 5.655175685882568359e+00 7.331271648406982422e+00 4.670361995697021484e+00 7.167611598968505859e+00 8.078559875488281250e+00 6.460562705993652344e+00 6.342861175537109375e+00 6.304269790649414062e+00 4.621042251586914062e+00 6.083796024322509766e+00 7.213871002197265625e+00 6.174577713012695312e+00 5.628067493438720703e+00 4.154154777526855469e+00 0.000000000000000000e+00 3.688496112823486328e+00 3.934630155563354492e+00 3.249432325363159180e+00 3.325569152832031250e+00 7.013864040374755859e+00 4.846268653869628906e+00 6.802609443664550781e+00 7.586038589477539062e+00 5.616169452667236328e+00 6.073316574096679688e+00 7.248575687408447266e+00 5.153464317321777344e+00 6.923634529113769531e+00 7.721232414245605469e+00 6.407956123352050781e+00 5.353937625885009766e+00
5.567306041717529297e+00 6.266509056091308594e+00 4.692866325378417969e+00 7.003277301788330078e+00 6.471926212310791016e+00 6.338803768157958984e+00 6.001794815063476562e+00 4.411340236663818359e+00 4.670361995697021484e+00 6.781315326690673828e+00 5.427261352539062500e+00 5.369618892669677734e+00 5.993466854095458984e+00 5.736331939697265625e+00 4.621042251586914062e+00 6.831315517425537109e+00 6.304405689239501953e+00 5.846356868743896484e+00 3.935524940490722656e+00 3.688496112823486328e+00 0.000000000000000000e+00 3.487375020980834961e+00 3.772594213485717773e+00 3.951922178268432617e+00 6.183969020843505859e+00 5.282722473144531250e+00 4.846268653869628906e+00 6.711503982543945312e+00 5.102043628692626953e+00 5.679725646972656250e+00 6.557414531707763672e+00 5.691193580627441406e+00 5.153464317321777344e+00 6.965944766998291016e+00 6.079641819000244141e+00 5.044740200042724609e+00
4.310914516448974609e+00 5.126825332641601562e+00 4.395869255065917969e+00 4.692866325378417969e+00 5.271759986877441406e+00 5.069901466369628906e+00 5.143887042999267578e+00 3.053532600402832031e+00 4.686352252960205078e+00 4.670361995697021484e+00 4.267285823822021484e+00 4.147917747497558594e+00 5.022030830383300781e+00 4.650887966156005859e+00 4.512733936309814453e+00 4.621042251586914062e+00 5.230794906616210938e+00 4.627463340759277344e+00 4.235393524169921875e+00 3.934630155563354492e+00 3.487375020980834961e+00 0.000000000000000000e+00 3.872880458831787109e+00 4.000284194946289062e+00 5.594237327575683594e+00 4.515227794647216797e+00 5.123662948608398438e+00 4.846268653869628906e+00 4.171498298645019531e+00 4.821585178375244141e+00 5.970383644104003906e+00 4.945865631103515625e+00 5.377320766448974609e+00 5.153464317321777344e+00 5.284352302551269531e+00 4.003696918487548828e+00
5.548213005065917969e+00 5.531055927276611328e+00 5.533994674682617188e+00 6.800951004028320312e+00 4.692866325378417969e+00 5.805950164794921875e+00 6.930315494537353516e+00 4.796177387237548828e+00 6.529496669769287109e+00 7.444006919860839844e+00 4.670361995697021484e+00 5.880594253540039062e+00 6.097602844238281250e+00 5.069544315338134766e+00 5.606020927429199219e+00 6.733888626098632812e+00 4.621042251586914062e+00 5.401837825775146484e+00 4.572362899780273438e+00 3.249432325363159180e+00 3.772594213485717773e+00 3.872880458831787109e+00 0.000000000000000000e+00 3.844045400619506836e+00 7.439593791961669922e+00 6.045568466186523438e+00 7.028991699218750000e+00 7.718137741088867188e+00 4.846268653869628906e+00 6.565532207489013672e+00 7.228170394897460938e+00 5.759523391723632812e+00 6.679766654968261719e+00 7.429025173187255859e+00 5.153463840484619141e+00 5.332637310028076172e+00
5.604037761688232422e+00 5.846690177917480469e+00 5.924603462219238281e+00 7.095535278320312500e+00 6.315876483917236328e+00 4.692866325378417969e+00 6.897013664245605469e+00 5.050889968872070312e+00 6.784329891204833984e+00 7.643552303314208984e+00 6.212611675262451172e+00 4.670361995697021484e+00 6.454732894897460938e+00 5.757754802703857422e+00 6.305834770202636719e+00 7.300629615783691406e+00 6.563655853271484375e+00 4.621042251586914062e+00 4.294002532958984375e+00 3.325569152832031250e+00 3.951922178268432617e+00 4.000284194946289062e+00 3.844045400619506836e+00 0.000000000000000000e+00 6.930821895599365234e+00 5.675057888031005859e+00 6.778548717498779297e+00 7.465219497680664062e+00 5.780985832214355469e+00 4.846268653869628906e+00 7.916833400726318359e+00 6.824262142181396484e+00 7.674787044525146484e+00 8.312120437622070312e+00 7.364287853240966797e+00 5.153464317321777344e+00
4.852373600006103516e+00 7.707859039306640625e+00 6.694561004638671875e+00 7.261698246002197266e+00 8.219099044799804688e+00 7.559875965118408203e+00 3.604937791824340820e+00 4.901559352874755859e+00 5.387934207916259766e+00 5.839179515838623047e+00 6.288587570190429688e+00 5.497953891754150391e+00 4.508236885070800781e+00 6.700699806213378906e+00 6.000008583068847656e+00 6.496550559997558594e+00 7.567378044128417969e+00 6.557673931121826172e+00 4.846268653869628906e+00 7.013864040374755859e+00 6.183969020843505859e+00 5.594237327575683594e+00 7.439593791961669922e+00 6.930821895599365234e+00 0.000000000000000000e+00 4.154154777526855469e+00 3.935525178909301758e+00 4.235393047332763672e+00 4.572362899780273438e+00 4.294002532958984375e+00 4.613291263580322266e+00 6.185772418975830078e+00 5.923215866088867188e+00 6.159780979156494141e+00 6.954275608062744141e+00 5.305924415588378906e+00
4.711048126220703125e+00 4.852373600006103516e+00 4.932061195373535156e+00 5.627296447753906250e+00 6.212676048278808594e+00 5.582482814788818359e+00 6.039857387542724609e+00 3.604938030242919922e+00 5.777004241943359375e+00 6.153541564941406250e+00 5.951969146728515625e+00 5.392192840576171875e+00 5.501183986663818359e+00 4.508236885070800781e+00 5.176733493804931641e+00 5.694712162017822266e+00 6.292800903320312500e+00 5.320326328277587891e+00 5.682636260986328125e+00 4.846268653869628906e+00 5.282722473144531250e+00 4.515227794647216797e+00 6.045568466186523438e+00 5.675057888031005859e+00 4.154154777526855469e+00 0.000000000000000000e+00 3.688496112823486328e+00 3.934630155563354492e+00 3.249432325363159180e+00 3.325569152832031250e+00 6.230180740356445312e+00 4.613291263580322266e+00 5.785915374755859375e+00 5.980079174041748047e+00 6.187886714935302734e+00 4.587970256805419922e+00
5.766336917877197266e+00 7.069359302520751953e+00 4.852373600006103516e+00 6.416560173034667969e+00 7.422688484191894531e+00 6.967617988586425781e+00 5.285644531250000000e+00 4.452795028686523438e+00 3.604937791824340820e+00 5.270042896270751953e+00 5.685631275177001953e+00 5.182743072509765625e+00 5.968669414520263672e+00 6.407794952392578125e+00 4.508236885070800781e+00 6.020037651062011719e+00 7.099551677703857422e+00 6.324141979217529297e+00 6.301418781280517578e+00 6.802609443664550781e+00 4.846268653869628906e+00 5.123662948608398438e+00 7.028991699218750000e+00 6.778548717498779297e+00 3.935525178909301758e+00 3.688496112823486328e+00 0.000000000000000000e+00 3.487375020980834961e+00 3.772594213485717773e+00 3.951922178268432617e+00 6.201382637023925781e+00 6.024792194366455078e+00 4.613291740417480469e+00 5.818287372589111328e+00 6.585912704467773438e+00 5.197922229766845703e+00
5.498719215393066406e+00 6.810816764831542969e+00 5.499308586120605469e+00 4.852374076843261719e+00 7.099163055419921875e+00 6.592977523803710938e+00 5.269938468933105469e+00 4.368947982788085938e+00 4.747776508331298828e+00 3.604938030242919922e+00 5.520611286163330078e+00 4.962804317474365234e+00 5.858356952667236328e+00 6.259494304656982422e+00 5.360141277313232422e+00 4.508236885070800781e+00 6.885891914367675781e+00 6.051817417144775391e+00 7.180129051208496094e+00 7.586038589477539062e+00 6.711503982543945312e+00 4.846268653869628906e+00 7.718137741088867188e+00 7.465219497680664062e+00 4.235393047332763672e+00 3.934630155563354492e+00 3.487375020980834961e+00 0.000000000000000000e+00 3.872880458831787109e+00 4.000283718109130859e+00 6.363892555236816406e+00 6.145421504974365234e+00 5.747697353363037109e+00 4.613291740417480469e+00 6.613075256347656250e+00 5.195648193359375000e+00
4.620657444000244141e+00 5.441630363464355469e+00 4.523239135742187500e+00 5.166367530822753906e+00 4.852373600006103516e+00 5.512566089630126953e+00 5.315809249877929688e+00 3.418016433715820312e+00 4.704221248626708984e+00 5.050981521606445312e+00 3.604938030242919922e+00 4.573999881744384766e+00 5.019579887390136719e+00 4.708148956298828125e+00 4.325470924377441406e+00 4.819886207580566406e+00 4.508236885070800781e+00 4.827712059020996094e+00 5.782567024230957031e+00 5.616169452667236328e+00 5.102043628692626953e+00 4.171498298645019531e+00 4.846268653869628906e+00 5.780985832214355469e+00 4.572362899780273438e+00 3.249432325363159180e+00 3.772594213485717773e+00 3.872880458831787109e+00 0.000000000000000000e+00 3.844045400619506836e+00 6.001331329345703125e+00 5.039107322692871094e+00 5.258859634399414062e+00 5.369410037994384766e+00 4.613291740417480469e+00 4.279962062835693359e+00
5.178441524505615234e+00 6.168125152587890625e+00 5.456990718841552734e+00 5.968941211700439453e+00 6.801179885864257812e+00 4.852373600006103516e+00 5.713192939758300781e+00 4.362823486328125000e+00 5.510508537292480469e+00 5.776354789733886719e+00 5.884135723114013672e+00 3.604937791824340820e+00 5.875560760498046875e+00 5.870379447937011719e+00 5.647034168243408203e+00 6.002370357513427734e+00 6.847989559173583984e+00 4.508236885070800781e+00 5.984417915344238281e+00 6.073316574096679688e+00 5.679725646972656250e+00 4.821585178375244141e+00 6.565532207489013672e+00 4.846268653869628906e+00 4.294002532958984375e+00 3.325569152832031250e+00 3.951922178268432617e+00 4.000283718109130859e+00 3.844045400619506836e+00 0.000000000000000000e+00 7.161633491516113281e+00 6.605624198913574219e+00 6.839729309082031250e+00 6.897441387176513672e+00 7.334862709045410156e+00 4.613291740417480469e+00
5.231017112731933594e+00 7.968988418579101562e+00 7.093764305114746094e+00 7.604497909545898438e+00 8.074566841125488281e+00 8.516912460327148438e+00 4.130155563354492188e+00 5.325746059417724609e+00 5.897353649139404297e+00 6.279868125915527344e+00 6.118492603302001953e+00 6.771867275238037109e+00 4.687440395355224609e+00 6.842730045318603516e+00 6.271709442138671875e+00 6.717975139617919922e+00 7.262239933013916016e+00 7.497938156127929688e+00 5.153464317321777344e+00 7.248575687408447266e+00 6.557414531707763672e+00 5.970383644104003906e+00 7.228170394897460938e+00 7.916833400726318359e+00 4.613291263580322266e+00 6.230180740356445312e+00 6.201382637023925781e+00 6.363892555236816406e+00 6.001331329345703125e+00 7.161633491516113281e+00 0.000000000000000000e+00 4.154154777526855469e+00 3.935525417327880859e+00 4.235393524169921875e+00 4.572362899780273438e+00 4.294002532958984375e+00
5.073095321655273438e+00 5.231017112731933594e+00 5.436348438262939453e+00 6.040438652038574219e+00 5.997222423553466797e+00 6.802537441253662109e+00 6.345612525939941406e+00 4.130155563354492188e+00 6.232739448547363281e+00 6.552184104919433594e+00 5.748031616210937500e+00 6.665639877319335938e+00 5.624521732330322266e+00 4.687440395355224609e+00 5.464167118072509766e+00 5.922843933105468750e+00 5.899031639099121094e+00 6.422317504882812500e+00 5.923558712005615234e+00 5.153464317321777344e+00 5.691193580627441406e+00 4.945865631103515625e+00 5.759523391723632812e+00 6.824262142181396484e+00 6.185772418975830078e+00 4.613291263580322266e+00 6.024792194366455078e+00 6.145421504974365234e+00 5.039107322692871094e+00 6.605624198913574219e+00 4.154154777526855469e+00 0.000000000000000000e+00 3.688496112823486328e+00 3.934630155563354492e+00 3.249432325363159180e+00 3.325569152832031250e+00
5.948303222656250000e+00 7.237623691558837891e+00 5.231017112731933594e+00 6.676977634429931641e+00 7.145277500152587891e+00 7.889705181121826172e+00 5.505843162536621094e+00 4.741238117218017578e+00 4.130155563354492188e+00 5.606044769287109375e+00 5.341318607330322266e+00 6.387893199920654297e+00 5.965448856353759766e+00 6.426280498504638672e+00 4.687440395355224609e+00 6.122134685516357422e+00 6.647722721099853516e+00 7.178051471710205078e+00 6.410415172576904297e+00 6.923634529113769531e+00 5.153464317321777344e+00 5.377320766448974609e+00 6.679766654968261719e+00 7.674787044525146484e+00 5.923215866088867188e+00 5.785915374755859375e+00 4.613291740417480469e+00 5.747697353363037109e+00 5.258859634399414062e+00 6.839729309082031250e+00 3.935525417327880859e+00 3.688496112823486328e+00 0.000000000000000000e+00 3.487375020980834961e+00 3.772594213485717773e+00 3.951922178268432617e+00
5.725015640258789062e+00 7.014471054077148438e+00 5.870997905731201172e+00 5.231017112731933594e+00 6.838495254516601562e+00 7.587841033935546875e+00 5.527815341949462891e+00 4.706153869628906250e+00 5.197326660156250000e+00 4.130155563354492188e+00 5.204676151275634766e+00 6.243556499481201172e+00 5.889832496643066406e+00 6.310843467712402344e+00 5.548624515533447266e+00 4.687440395355224609e+00 6.450759887695312500e+00 6.968670368194580078e+00 7.303973197937011719e+00 7.721232414245605469e+00 6.965944766998291016e+00 5.153464317321777344e+00 7.429025173187255859e+00 8.312120437622070312e+00 6.159780979156494141e+00 5.980079174041748047e+00 5.818287372589111328e+00 4.613291740417480469e+00 5.369410037994384766e+00 6.897441387176513672e+00 4.235393524169921875e+00 3.934630155563354492e+00 3.487375020980834961e+00 0.000000000000000000e+00 3.872880458831787109e+00 4.000283718109130859e+00
5.598344802856445312e+00 6.314904689788818359e+00 5.668952465057373047e+00 6.161206245422363281e+00 5.231017112731933594e+00 7.207458019256591797e+00 6.204306125640869141e+00 4.711062908172607422e+00 5.835376739501953125e+00 6.084909915924072266e+00 4.130155563354492188e+00 6.536447525024414062e+00 5.746048927307128906e+00 5.501203536987304688e+00 5.311960697174072266e+00 5.685974121093750000e+00 4.687440395355224609e+00 6.534200668334960938e+00 6.533218383789062500e+00 6.407956123352050781e+00 6.079641819000244141e+00 5.284352302551269531e+00 5.153463840484619141e+00 7.364287853240966797e+00 6.954275608062744141e+00 6.187886714935302734e+00 6.585912704467773438e+00 6.613075256347656250e+00 4.613291740417480469e+00 7.334862709045410156e+00 4.572362899780273438e+00 3.249432325363159180e+00 3.772594213485717773e+00 3.872880458831787109e+00 0.000000000000000000e+00 3.844045400619506836e+00
4.366483688354492188e+00 5.529139041900634766e+00 4.869805335998535156e+00 5.399656772613525391e+00 5.686210632324218750e+00 5.231017112731933594e+00 5.013491630554199219e+00 3.435758829116821289e+00 4.954448699951171875e+00 5.209501743316650391e+00 4.576526165008544922e+00 4.130155563354492188e+00 4.960043907165527344e+00 4.981651782989501953e+00 4.863655567169189453e+00 5.233200073242187500e+00 5.549936294555664062e+00 4.687440395355224609e+00 5.226571083068847656e+00 5.353937625885009766e+00 5.044740200042724609e+00 4.003696918487548828e+00 5.332637310028076172e+00 5.153464317321777344e+00 5.305924415588378906e+00 4.587970256805419922e+00 5.197922229766845703e+00 5.195648193359375000e+00 4.279962062835693359e+00 4.613291740417480469e+00 4.294002532958984375e+00 3.325569152832031250e+00 3.951922178268432617e+00 4.000283718109130859e+00 3.844045400619506836e+00 0.000000000000000000e+00
