0.000000000000000000e+00 6.666049480438232422e+00 5.169900894165039062e+00 4.991878986358642578e+00 6.151683807373046875e+00 6.425494194030761719e+00 6.790692329406738281e+00 5.978671550750732422e+00 6.578556060791015625e+00 6.342512130737304688e+00 6.631519794464111328e+00 6.773363113403320312e+00 5.880110263824462891e+00 6.765875816345214844e+00 6.089076995849609375e+00 6.094645023345947266e+00 6.511602401733398438e+00 6.397827148437500000e+00 5.785959720611572266e+00 7.260602951049804688e+00 6.618046283721923828e+00 5.117183208465576172e+00 6.869694232940673828e+00 7.268293857574462891e+00 5.719659328460693359e+00 6.561384201049804688e+00 4.989456176757812500e+00 5.955054283142089844e+00 5.313498497009277344e+00 6.225587844848632812e+00 6.940056800842285156e+00 7.321286201477050781e+00 6.726963043212890625e+00 6.698511600494384766e+00 6.772995948791503906e+00 6.685348033905029297e+00
6.666049480438232422e+00 0.000000000000000000e+00 5.718516349792480469e+00 5.737757205963134766e+00 6.161916732788085938e+00 6.555870056152343750e+00 1.205632400512695312e+01 6.790692329406738281e+00 1.020079231262207031e+01 1.015064907073974609e+01 9.945263862609863281e+00 1.011810874938964844e+01 1.059465694427490234e+01 5.880110263824462891e+00 8.734143257141113281e+00 8.853391647338867188e+00 8.704126358032226562e+00 8.709734916687011719e+00 1.015434646606445312e+01 5.785959720611572266e+00 8.658480644226074219e+00 7.706216335296630859e+00 8.515626907348632812e+00 8.928480148315429688e+00 1.054749679565429688e+01 5.719659328460693359e+00 8.060221672058105469e+00 8.807078361511230469e+00 7.903051376342773438e+00 8.634197235107421875e+00 1.147170352935791016e+01 6.940056800842285156e+00 9.498682022094726562e+00 9.585011482238769531e+00 9.219482421875000000e+00 9.240438461303710938e+00
5.169900894165039062e+00 5.718516349792480469e+00 0.000000000000000000e+00 4.843493461608886719e+00 5.164736747741699219e+00 5.665167808532714844e+00 1.011955356597900391e+01 7.319406032562255859e+00 6.790692329406738281e+00 8.266317367553710938e+00 7.897614955902099609e+00 8.139384269714355469e+00 9.248258590698242188e+00 7.633413314819335938e+00 5.880110263824462891e+00 7.740282535552978516e+00 7.447077751159667969e+00 7.481046199798583984e+00 8.752820968627929688e+00 7.575502872467041016e+00 5.785959720611572266e+00 6.413486003875732422e+00 7.240901947021484375e+00 7.748672008514404297e+00 9.694848060607910156e+00 8.115706443786621094e+00 5.719659328460693359e+00 8.279550552368164062e+00 7.184167385101318359e+00 8.007046699523925781e+00 1.022411346435546875e+01 8.456162452697753906e+00 6.940056800842285156e+00 8.546979904174804688e+00 8.021533966064453125e+00 8.071014404296875000e+00
4.991878986358642578e+00 5.737757205963134766e+00 4.843493461608886719e+00 0.000000000000000000e+00 5.270881175994873047e+00 6.067533493041992188e+00 1.009144592285156250e+01 7.418562412261962891e+00 8.415097236633300781e+00 6.790692329406738281e+00 8.044931411743164062e+00 8.497725486755371094e+00 9.046790122985839844e+00 7.524133682250976562e+00 7.493882179260253906e+00 5.880110263824462891e+00 7.395255565643310547e+00 7.668770313262939453e+00 9.518760681152343750e+00 8.568116188049316406e+00 8.528816223144531250e+00 5.785959720611572266e+00 8.327202796936035156e+00 8.975895881652832031e+00 8.933311462402343750e+00 7.328580856323242188e+00 6.617924213409423828e+00 5.719659328460693359e+00 6.351608276367187500e+00 7.513761520385742188e+00 1.006461334228515625e+01 8.384512901306152344e+00 8.378351211547851562e+00 6.940056800842285156e+00 8.001601219177246094e+00 8.272546768188476562e+00
6.151683807373046875e+00 6.161916732788085938e+00 5.164736747741699219e+00 5.270881175994873047e+00 0.000000000000000000e+00 5.745429039001464844e+00 1.113267230987548828e+01 8.322091102600097656e+00 9.121606826782226562e+00 9.114299774169921875e+00 6.790692329406738281e+00 8.808012962341308594e+00 1.012110996246337891e+01 8.326345443725585938e+00 8.187885284423828125e+00 8.368152618408203125e+00 5.880110263824462891e+00 7.916635990142822266e+00 9.769769668579101562e+00 8.389112472534179688e+00 8.238508224487304688e+00 7.292239189147949219e+00 5.785959720611572266e+00 8.287275314331054688e+00 1.062460231781005859e+01 8.883086204528808594e+00 8.195471763610839844e+00 8.980561256408691406e+00 5.719659328460693359e+00 8.532607078552246094e+00 1.123128414154052734e+01 9.341753005981445312e+00 9.237575531005859375e+00 9.373767852783203125e+00 6.940056800842285156e+00 8.749342918395996094e+00
6.425494194030761719e+00 6.555870056152343750e+00 5.665167808532714844e+00 6.067533493041992188e+00 5.745429039001464844e+00 0.000000000000000000e+00 1.135440540313720703e+01 8.706880569458007812e+00 9.495561599731445312e+00 9.677064895629882812e+00 8.981415748596191406e+00 6.790692329406738281e+00 1.052583408355712891e+01 8.902291297912597656e+00 8.796227455139160156e+00 9.163584709167480469e+00 8.514587402343750000e+00 5.880110263824462891e+00 9.833642959594726562e+00 8.555454254150390625e+00 8.432141304016113281e+00 7.747121334075927734e+00 8.018457412719726562e+00 5.785959720611572266e+00 1.045203495025634766e+01 8.765757560729980469e+00 8.093482971191406250e+00 9.088582038879394531e+00 7.657907485961914062e+00 5.719659328460693359e+00 1.158485507965087891e+01 9.843877792358398438e+00 9.766051292419433594e+00 1.007589435577392578e+01 9.262704849243164062e+00 6.940056800842285156e+00
6.790692329406738281e+00 1.205632400512695312e+01 1.011955356597900391e+01 1.009144592285156250e+01 1.113267230987548828e+01 1.135440540313720703e+01 0.000000000000000000e+00 6.666049480438232422e+00 5.169900894165039062e+00 4.991878986358642578e+00 6.151683807373046875e+00 6.425494194030761719e+00 5.754172801971435547e+00 9.955756187438964844e+00 8.073143005371093750e+00 8.153796195983886719e+00 8.995300292968750000e+00 8.999390602111816406e+00 5.883087635040283203e+00 1.042376804351806641e+01 8.631099700927734375e+00 7.623899459838867188e+00 9.397113800048828125e+00 9.771566390991210938e+00 5.124183177947998047e+00 9.560319900512695312e+00 6.928304195404052734e+00 7.733713626861572266e+00 7.858478069305419922e+00 8.592015266418457031e+00 5.902819156646728516e+00 9.751170158386230469e+00 7.841867446899414062e+00 7.896445751190185547e+00 8.516573905944824219e+00 8.537844657897949219e+00
5.978671550750732422e+00 6.790692329406738281e+00 7.319406032562255859e+00 7.418562412261962891e+00 8.322091102600097656e+00 8.706880569458007812e+00 6.666049480438232422e+00 0.000000000000000000e+00 5.718516349792480469e+00 5.737757205963134766e+00 6.161916732788085938e+00 6.555870056152343750e+00 7.481734752655029297e+00 5.754172801971435547e+00 7.041223049163818359e+00 7.274409770965576172e+00 7.711748600006103516e+00 7.817359447479248047e+00 7.031281948089599609e+00 5.883087635040283203e+00 7.131720542907714844e+00 6.043082714080810547e+00 7.669663906097412109e+00 8.219973564147949219e+00 7.070164203643798828e+00 5.124183177947998047e+00 5.767902374267578125e+00 6.863459110260009766e+00 6.416808605194091797e+00 7.403305530548095703e+00 7.967035770416259766e+00 5.902818679809570312e+00 7.187670707702636719e+00 7.385866165161132812e+00 7.540039062500000000e+00 7.666903972625732422e+00
6.578556060791015625e+00 1.020079231262207031e+01 6.790692329406738281e+00 8.415097236633300781e+00 9.121606826782226562e+00 9.495561599731445312e+00 5.169900894165039062e+00 5.718516349792480469e+00 0.000000000000000000e+00 4.843493461608886719e+00 5.164736747741699219e+00 5.665168285369873047e+00 7.382486820220947266e+00 9.057870864868164062e+00 5.754172801971435547e+00 7.725781917572021484e+00 8.025549888610839844e+00 8.152233123779296875e+00 6.941274166107177734e+00 9.152204513549804688e+00 5.883087635040283203e+00 6.595993518829345703e+00 7.998733043670654297e+00 8.551804542541503906e+00 7.613727569580078125e+00 9.200470924377441406e+00 5.124183177947998047e+00 7.958305358886718750e+00 7.454575538635253906e+00 8.343476295471191406e+00 7.851586341857910156e+00 9.133827209472656250e+00 5.902819156646728516e+00 7.808372497558593750e+00 7.838339805603027344e+00 7.986126422882080078e+00
6.342512130737304688e+00 1.015064907073974609e+01 8.266317367553710938e+00 6.790692329406738281e+00 9.114299774169921875e+00 9.677064895629882812e+00 4.991878986358642578e+00 5.737757205963134766e+00 4.843493461608886719e+00 0.000000000000000000e+00 5.270881175994873047e+00 6.067533493041992188e+00 7.040903568267822266e+00 8.896499633789062500e+00 7.311098098754882812e+00 5.754172801971435547e+00 7.899326324462890625e+00 8.249968528747558594e+00 7.806106567382812500e+00 9.927049636840820312e+00 8.522509574890136719e+00 5.883087635040283203e+00 8.924709320068359375e+00 9.613388061523437500e+00 6.522414207458496094e+00 8.441040039062500000e+00 6.008222579956054688e+00 5.124183177947998047e+00 6.562045574188232422e+00 7.792079448699951172e+00 7.561110973358154297e+00 8.998847007751464844e+00 7.458868026733398438e+00 5.902818679809570312e+00 7.738170146942138672e+00 8.113634109497070312e+00
6.631519794464111328e+00 9.945263862609863281e+00 7.897614955902099609e+00 8.044931411743164062e+00 6.790692329406738281e+00 8.981415748596191406e+00 6.151683807373046875e+00 6.161916732788085938e+00 5.164736747741699219e+00 5.270881175994873047e+00 0.000000000000000000e+00 5.745429039001464844e+00 7.809738159179687500e+00 9.093315124511718750e+00 7.427015781402587891e+00 7.706232547760009766e+00 5.754172801971435547e+00 7.921507835388183594e+00 7.523437976837158203e+00 9.291724205017089844e+00 7.654457092285156250e+00 6.718286514282226562e+00 5.883087635040283203e+00 8.447170257568359375e+00 8.151394844055175781e+00 9.342244148254394531e+00 7.091742992401123047e+00 8.063402175903320312e+00 5.124183177947998047e+00 8.239568710327148438e+00 8.534691810607910156e+00 9.421931266784667969e+00 7.848310947418212891e+00 8.085272789001464844e+00 5.902819156646728516e+00 8.048120498657226562e+00
6.773363113403320312e+00 1.011810874938964844e+01 8.139384269714355469e+00 8.497725486755371094e+00 8.808012962341308594e+00 6.790692329406738281e+00 6.425494194030761719e+00 6.555870056152343750e+00 5.665168285369873047e+00 6.067533493041992188e+00 5.745429039001464844e+00 0.000000000000000000e+00 8.234436988830566406e+00 9.542995452880859375e+00 7.996896266937255859e+00 8.472836494445800781e+00 8.336104393005371094e+00 5.754172801971435547e+00 7.504124164581298828e+00 9.360146522521972656e+00 7.763782978057861328e+00 7.101699829101562500e+00 7.992913722991943359e+00 5.883087635040283203e+00 7.827243328094482422e+00 9.146827697753906250e+00 6.862154483795166016e+00 8.088753700256347656e+00 7.116455078125000000e+00 5.124183177947998047e+00 8.908742904663085938e+00 9.841950416564941406e+00 8.372371673583984375e+00 8.802579879760742188e+00 8.422245979309082031e+00 5.902819156646728516e+00
5.880110263824462891e+00 1.059465694427490234e+01 9.248258590698242188e+00 9.046790122985839844e+00 1.012110996246337891e+01 1.052583408355712891e+01 5.754172801971435547e+00 7.481734752655029297e+00 7.382486820220947266e+00 7.040903568267822266e+00 7.809738159179687500e+00 8.234436988830566406e+00 0.000000000000000000e+00 6.666049480438232422e+00 5.169900894165039062e+00 4.991878986358642578e+00 6.151683807373046875e+00 6.425494194030761719e+00 6.345670223236083984e+00 9.630232810974121094e+00 8.649592399597167969e+00 7.438119411468505859e+00 9.165198326110839844e+00 9.723620414733886719e+00 5.129270076751708984e+00 8.359516143798828125e+00 6.535770416259765625e+00 7.169898033142089844e+00 7.200425148010253906e+00 8.202642440795898438e+00 5.894740104675292969e+00 8.568527221679687500e+00 7.487476825714111328e+00 7.335086822509765625e+00 7.904112815856933594e+00 8.136827468872070312e+00
6.765875816345214844e+00 5.880110263824462891e+00 7.633413314819335938e+00 7.524133682250976562e+00 8.326345443725585938e+00 8.902291297912597656e+00 9.955756187438964844e+00 5.754172801971435547e+00 9.057870864868164062e+00 8.896499633789062500e+00 9.093315124511718750e+00 9.542995452880859375e+00 6.666049480438232422e+00 0.000000000000000000e+00 5.718516349792480469e+00 5.737757205963134766e+00 6.161916732788085938e+00 6.555870056152343750e+00 8.755917549133300781e+00 6.345670223236083984e+00 8.529440879821777344e+00 7.435791015625000000e+00 8.722913742065429688e+00 9.391677856445312500e+00 8.462253570556640625e+00 5.129270076751708984e+00 7.039458274841308594e+00 7.763669013977050781e+00 7.268854618072509766e+00 8.357028007507324219e+00 9.216762542724609375e+00 5.894740104675292969e+00 8.234099388122558594e+00 8.220159530639648438e+00 8.268344879150390625e+00 8.582827568054199219e+00
6.089076995849609375e+00 8.734143257141113281e+00 5.880110263824462891e+00 7.493882179260253906e+00 8.187885284423828125e+00 8.796227455139160156e+00 8.073143005371093750e+00 7.041223049163818359e+00 5.754172801971435547e+00 7.311098098754882812e+00 7.427015781402587891e+00 7.996896266937255859e+00 5.169900894165039062e+00 5.718516349792480469e+00 0.000000000000000000e+00 4.843493461608886719e+00 5.164736747741699219e+00 5.665168285369873047e+00 7.692553043365478516e+00 8.554914474487304688e+00 6.345670223236083984e+00 6.785732269287109375e+00 8.063007354736328125e+00 8.805446624755859375e+00 7.959791183471679688e+00 8.274521827697753906e+00 5.129270076751708984e+00 7.763311386108398438e+00 7.141316890716552734e+00 8.271123886108398438e+00 8.178591728210449219e+00 8.191360473632812500e+00 5.894739627838134766e+00 7.599841594696044922e+00 7.531255722045898438e+00 7.901177883148193359e+00
6.094645023345947266e+00 8.853391647338867188e+00 7.740282535552978516e+00 5.880110263824462891e+00 8.368152618408203125e+00 9.163584709167480469e+00 8.153796195983886719e+00 7.274409770965576172e+00 7.725781917572021484e+00 5.754172801971435547e+00 7.706232547760009766e+00 8.472836494445800781e+00 4.991878986358642578e+00 5.737757205963134766e+00 4.843493461608886719e+00 0.000000000000000000e+00 5.270881175994873047e+00 6.067533493041992188e+00 8.662976264953613281e+00 9.543992996215820312e+00 9.022624969482421875e+00 6.345670223236083984e+00 9.154265403747558594e+00 9.996875762939453125e+00 7.144864559173583984e+00 7.628104686737060547e+00 6.266472339630126953e+00 5.129270076751708984e+00 6.450265407562255859e+00 7.914047241210937500e+00 8.095067977905273438e+00 8.232169151306152344e+00 7.658798217773437500e+00 5.894740104675292969e+00 7.633956432342529297e+00 8.221876144409179688e+00
6.511602401733398438e+00 8.704126358032226562e+00 7.447077751159667969e+00 7.395255565643310547e+00 5.880110263824462891e+00 8.514587402343750000e+00 8.995300292968750000e+00 7.711748600006103516e+00 8.025549888610839844e+00 7.899326324462890625e+00 5.754172801971435547e+00 8.336104393005371094e+00 6.151683807373046875e+00 6.161916732788085938e+00 5.164736747741699219e+00 5.270881175994873047e+00 0.000000000000000000e+00 5.745429039001464844e+00 8.498272895812988281e+00 8.965728759765625000e+00 8.298913955688476562e+00 7.231794834136962891e+00 6.345670223236083984e+00 8.965582847595214844e+00 8.744091033935546875e+00 8.701783180236816406e+00 7.414136886596679688e+00 8.159489631652832031e+00 5.129270076751708984e+00 8.444692611694335938e+00 9.094358444213867188e+00 8.778884887695312500e+00 8.131735801696777344e+00 8.172086715698242188e+00 5.894740104675292969e+00 8.249067306518554688e+00
6.397827148437500000e+00 8.709734916687011719e+00 7.481046199798583984e+00 7.668770313262939453e+00 7.916635990142822266e+00 5.880110263824462891e+00 8.999390602111816406e+00 7.817359447479248047e+00 8.152233123779296875e+00 8.249968528747558594e+00 7.921507835388183594e+00 5.754172801971435547e+00 6.425494194030761719e+00 6.555870056152343750e+00 5.665168285369873047e+00 6.067533493041992188e+00 5.745429039001464844e+00 0.000000000000000000e+00 8.280111312866210938e+00 8.848182678222656250e+00 8.196793556213378906e+00 7.363929271697998047e+00 8.134698867797851562e+00 6.345670223236083984e+00 8.240717887878417969e+00 8.290825843811035156e+00 6.956695079803466797e+00 7.976001739501953125e+00 6.879383563995361328e+00 5.129270076751708984e+00 9.266172409057617188e+00 9.043774604797363281e+00 8.441301345825195312e+00 8.690604209899902344e+00 8.213935852050781250e+00 5.894739627838134766e+00
5.785959720611572266e+00 1.015434646606445312e+01 8.752820968627929688e+00 9.518760681152343750e+00 9.769769668579101562e+00 9.833642959594726562e+00 5.883087635040283203e+00 7.031281948089599609e+00 6.941274166107177734e+00 7.806106567382812500e+00 7.523437976837158203e+00 7.504124164581298828e+00 6.345670223236083984e+00 8.755917549133300781e+00 7.692553043365478516e+00 8.662976264953613281e+00 8.498272895812988281e+00 8.280111312866210938e+00 0.000000000000000000e+00 6.666049480438232422e+00 5.169900894165039062e+00 4.991878986358642578e+00 6.151683807373046875e+00 6.425494194030761719e+00 5.726241588592529297e+00 8.265851020812988281e+00 6.432471275329589844e+00 8.230956077575683594e+00 7.241301059722900391e+00 7.795479297637939453e+00 6.655520915985107422e+00 8.656211853027343750e+00 7.601990699768066406e+00 8.556416511535644531e+00 8.132212638854980469e+00 7.922225475311279297e+00
7.260602951049804688e+00 5.785959720611572266e+00 7.575502872467041016e+00 8.568116188049316406e+00 8.389112472534179688e+00 8.555454254150390625e+00 1.042376804351806641e+01 5.883087635040283203e+00 9.152204513549804688e+00 9.927049636840820312e+00 9.291724205017089844e+00 9.360146522521972656e+00 9.630232810974121094e+00 6.345670223236083984e+00 8.554914474487304688e+00 9.543992996215820312e+00 8.965728759765625000e+00 8.848182678222656250e+00 6.666049480438232422e+00 0.000000000000000000e+00 5.718516349792480469e+00 5.737757205963134766e+00 6.161916732788085938e+00 6.555870056152343750e+00 9.280508041381835938e+00 5.726241588592529297e+00 7.500133514404296875e+00 9.200728416442871094e+00 7.839911937713623047e+00 8.447704315185546875e+00 1.012592411041259766e+01 6.655520915985107422e+00 8.807156562805175781e+00 9.747688293457031250e+00 8.947685241699218750e+00 8.846258163452148438e+00
6.618046283721923828e+00 8.658480644226074219e+00 5.785959720611572266e+00 8.528816223144531250e+00 8.238508224487304688e+00 8.432141304016113281e+00 8.631099700927734375e+00 7.131720542907714844e+00 5.883087635040283203e+00 8.522509574890136719e+00 7.654457092285156250e+00 7.763782978057861328e+00 8.649592399597167969e+00 8.529440879821777344e+00 6.345670223236083984e+00 9.022624969482421875e+00 8.298913955688476562e+00 8.196793556213378906e+00 5.169900894165039062e+00 5.718516349792480469e+00 0.000000000000000000e+00 4.843493461608886719e+00 5.164736747741699219e+00 5.665168285369873047e+00 8.812419891357421875e+00 8.644682884216308594e+00 5.726241111755371094e+00 9.188592910766601562e+00 7.707708835601806641e+00 8.349710464477539062e+00 9.179183006286621094e+00 8.742355346679687500e+00 6.655520915985107422e+00 9.218806266784667969e+00 8.258192062377929688e+00 8.173271179199218750e+00
5.117183208465576172e+00 7.706216335296630859e+00 6.413486003875732422e+00 5.785959720611572266e+00 7.292239189147949219e+00 7.747121334075927734e+00 7.623899459838867188e+00 6.043082714080810547e+00 6.595993518829345703e+00 5.883087635040283203e+00 6.718286514282226562e+00 7.101699829101562500e+00 7.438119411468505859e+00 7.435791015625000000e+00 6.785732269287109375e+00 6.345670223236083984e+00 7.231794834136962891e+00 7.363929271697998047e+00 4.991878986358642578e+00 5.737757205963134766e+00 4.843493461608886719e+00 0.000000000000000000e+00 5.270881175994873047e+00 6.067533493041992188e+00 6.904256343841552734e+00 6.838860034942626953e+00 5.297953128814697266e+00 5.726241588592529297e+00 5.686430454254150391e+00 6.801289558410644531e+00 8.075726509094238281e+00 7.708320140838623047e+00 7.108049869537353516e+00 6.655520915985107422e+00 7.216260910034179688e+00 7.368324279785156250e+00
6.869694232940673828e+00 8.515626907348632812e+00 7.240901947021484375e+00 8.327202796936035156e+00 5.785959720611572266e+00 8.018457412719726562e+00 9.397113800048828125e+00 7.669663906097412109e+00 7.998733043670654297e+00 8.924709320068359375e+00 5.883087635040283203e+00 7.992913722991943359e+00 9.165198326110839844e+00 8.722913742065429688e+00 8.063007354736328125e+00 9.154265403747558594e+00 6.345670223236083984e+00 8.134698867797851562e+00 6.151683807373046875e+00 6.161916732788085938e+00 5.164736747741699219e+00 5.270881175994873047e+00 0.000000000000000000e+00 5.745429039001464844e+00 9.424948692321777344e+00 8.947284698486328125e+00 7.714915275573730469e+00 9.423830032348632812e+00 5.726241588592529297e+00 8.407678604125976562e+00 9.906839370727539062e+00 9.190717697143554688e+00 8.587384223937988281e+00 9.595929145812988281e+00 6.655520915985107422e+00 8.395887374877929688e+00
7.268293857574462891e+00 8.928480148315429688e+00 7.748672008514404297e+00 8.975895881652832031e+00 8.287275314331054688e+00 5.785959720611572266e+00 9.771566390991210938e+00 8.219973564147949219e+00 8.551804542541503906e+00 9.613388061523437500e+00 8.447170257568359375e+00 5.883087635040283203e+00 9.723620414733886719e+00 9.391677856445312500e+00 8.805446624755859375e+00 9.996875762939453125e+00 8.965582847595214844e+00 6.345670223236083984e+00 6.425494194030761719e+00 6.555870056152343750e+00 5.665168285369873047e+00 6.067533493041992188e+00 5.745429039001464844e+00 0.000000000000000000e+00 9.347949028015136719e+00 8.954041481018066406e+00 7.749211311340332031e+00 9.641164779663085938e+00 7.804519176483154297e+00 5.726241588592529297e+00 1.041173362731933594e+01 9.812974929809570312e+00 9.272421836853027344e+00 1.038891887664794922e+01 9.171745300292968750e+00 6.655520915985107422e+00
5.719659328460693359e+00 1.054749679565429688e+01 9.694848060607910156e+00 8.933311462402343750e+00 1.062460231781005859e+01 1.045203495025634766e+01 5.124183177947998047e+00 7.070164203643798828e+00 7.613727569580078125e+00 6.522414207458496094e+00 8.151394844055175781e+00 7.827243328094482422e+00 5.129270076751708984e+00 8.462253570556640625e+00 7.959791183471679688e+00 7.144864559173583984e+00 8.744091033935546875e+00 8.240717887878417969e+00 5.726241588592529297e+00 9.280508041381835938e+00 8.812419891357421875e+00 6.904256343841552734e+00 9.424948692321777344e+00 9.347949028015136719e+00 0.000000000000000000e+00 6.666049480438232422e+00 5.169900894165039062e+00 4.991878986358642578e+00 6.151683807373046875e+00 6.425494194030761719e+00 5.241623878479003906e+00 8.185988426208496094e+00 7.688300132751464844e+00 6.808155536651611328e+00 8.216335296630859375e+00 7.697249412536621094e+00
6.561384201049804688e+00 5.719659328460693359e+00 8.115706443786621094e+00 7.328580856323242188e+00 8.883086204528808594e+00 8.765757560729980469e+00 9.560319900512695312e+00 5.124183177947998047e+00 9.200470924377441406e+00 8.441040039062500000e+00 9.342244148254394531e+00 9.146827697753906250e+00 8.359516143798828125e+00 5.129270076751708984e+00 8.274521827697753906e+00 7.628104686737060547e+00 8.701783180236816406e+00 8.290825843811035156e+00 8.265851020812988281e+00 5.726241588592529297e+00 8.644682884216308594e+00 6.838860034942626953e+00 8.947284698486328125e+00 8.954041481018066406e+00 6.666049480438232422e+00 0.000000000000000000e+00 5.718516349792480469e+00 5.737757205963134766e+00 6.161916732788085938e+00 6.555870056152343750e+00 8.764204025268554688e+00 5.241623878479003906e+00 8.365639686584472656e+00 7.697688102722167969e+00 8.516723632812500000e+00 8.114218711853027344e+00
4.989456176757812500e+00 8.060221672058105469e+00 5.719659328460693359e+00 6.617924213409423828e+00 8.195471763610839844e+00 8.093482971191406250e+00 6.928304195404052734e+00 5.767902374267578125e+00 5.124183177947998047e+00 6.008222579956054688e+00 7.091742992401123047e+00 6.862154483795166016e+00 6.535770416259765625e+00 7.039458274841308594e+00 5.129270076751708984e+00 6.266472339630126953e+00 7.414136886596679688e+00 6.956695079803466797e+00 6.432471275329589844e+00 7.500133514404296875e+00 5.726241111755371094e+00 5.297953128814697266e+00 7.714915275573730469e+00 7.749211311340332031e+00 5.169900894165039062e+00 5.718516349792480469e+00 0.000000000000000000e+00 4.843493461608886719e+00 5.164736747741699219e+00 5.665168762207031250e+00 7.021041393280029297e+00 7.097053050994873047e+00 5.241623878479003906e+00 6.323297023773193359e+00 7.171609401702880859e+00 6.719176769256591797e+00
5.955054283142089844e+00 8.807078361511230469e+00 8.279550552368164062e+00 5.719659328460693359e+00 8.980561256408691406e+00 9.088582038879394531e+00 7.733713626861572266e+00 6.863459110260009766e+00 7.958305358886718750e+00 5.124183177947998047e+00 8.063402175903320312e+00 8.088753700256347656e+00 7.169898033142089844e+00 7.763669013977050781e+00 7.763311386108398438e+00 5.129270076751708984e+00 8.159489631652832031e+00 7.976001739501953125e+00 8.230956077575683594e+00 9.200728416442871094e+00 9.188592910766601562e+00 5.726241588592529297e+00 9.423830032348632812e+00 9.641164779663085938e+00 4.991878986358642578e+00 5.737757205963134766e+00 4.843493461608886719e+00 0.000000000000000000e+00 5.270881175994873047e+00 6.067533493041992188e+00 7.644341945648193359e+00 7.844651222229003906e+00 7.866639137268066406e+00 5.241623878479003906e+00 7.968037605285644531e+00 7.798597812652587891e+00
5.313498497009277344e+00 7.903051376342773438e+00 7.184167385101318359e+00 6.351608276367187500e+00 5.719659328460693359e+00 7.657907485961914062e+00 7.858478069305419922e+00 6.416808605194091797e+00 7.454575538635253906e+00 6.562045574188232422e+00 5.124183177947998047e+00 7.116455078125000000e+00 7.200425148010253906e+00 7.268854618072509766e+00 7.141316890716552734e+00 6.450265407562255859e+00 5.129270076751708984e+00 6.879383563995361328e+00 7.241301059722900391e+00 7.839911937713623047e+00 7.707708835601806641e+00 5.686430454254150391e+00 5.726241588592529297e+00 7.804519176483154297e+00 6.151683807373046875e+00 6.161916732788085938e+00 5.164736747741699219e+00 5.270881175994873047e+00 0.000000000000000000e+00 5.745429039001464844e+00 7.945282459259033203e+00 7.638919353485107422e+00 7.540972232818603516e+00 6.857403755187988281e+00 5.241623878479003906e+00 6.984290122985839844e+00
6.225587844848632812e+00 8.634197235107421875e+00 8.007046699523925781e+00 7.513761520385742188e+00 8.532607078552246094e+00 5.719659328460693359e+00 8.592015266418457031e+00 7.403305530548095703e+00 8.343476295471191406e+00 7.792079448699951172e+00 8.239568710327148438e+00 5.124183177947998047e+00 8.202642440795898438e+00 8.357028007507324219e+00 8.271123886108398438e+00 7.914047241210937500e+00 8.444692611694335938e+00 5.129270076751708984e+00 7.795479297637939453e+00 8.447704315185546875e+00 8.349710464477539062e+00 6.801289558410644531e+00 8.407678604125976562e+00 5.726241588592529297e+00 6.425494194030761719e+00 6.555870056152343750e+00 5.665168762207031250e+00 6.067533493041992188e+00 5.745429039001464844e+00 0.000000000000000000e+00 8.847346305847167969e+00 8.664154052734375000e+00 8.601753234863281250e+00 8.231708526611328125e+00 8.496401786804199219e+00 5.241623878479003906e+00
6.940056800842285156e+00 1.147170352935791016e+01 1.022411346435546875e+01 1.006461334228515625e+01 1.123128414154052734e+01 1.158485507965087891e+01 5.902819156646728516e+00 7.967035770416259766e+00 7.851586341857910156e+00 7.561110973358154297e+00 8.534691810607910156e+00 8.908742904663085938e+00 5.894740104675292969e+00 9.216762542724609375e+00 8.178591728210449219e+00 8.095067977905273438e+00 9.094358444213867188e+00 9.266172409057617188e+00 6.655520915985107422e+00 1.012592411041259766e+01 9.179183006286621094e+00 8.075726509094238281e+00 9.906839370727539062e+00 1.041173362731933594e+01 5.241623878479003906e+00 8.764204025268554688e+00 7.021041393280029297e+00 7.644341945648193359e+00 7.945282459259033203e+00 8.847346305847167969e+00 0.000000000000000000e+00 6.666049480438232422e+00 5.169900894165039062e+00 4.991878986358642578e+00 6.151683807373046875e+00 6.425494194030761719e+00
7.321286201477050781e+00 6.940056800842285156e+00 8.456162452697753906e+00 8.384512901306152344e+00 9.341753005981445312e+00 9.843877792358398438e+00 9.751170158386230469e+00 5.902818679809570312e+00 9.133827209472656250e+00 8.998847007751464844e+00 9.421931266784667969e+00 9.841950416564941406e+00 8.568527221679687500e+00 5.894740104675292969e+00 8.191360473632812500e+00 8.232169151306152344e+00 8.778884887695312500e+00 9.043774604797363281e+00 8.656211853027343750e+00 6.655520915985107422e+00 8.742355346679687500e+00 7.708320140838623047e+00 9.190717697143554688e+00 9.812974929809570312e+00 8.185988426208496094e+00 5.241623878479003906e+00 7.097053050994873047e+00 7.844651222229003906e+00 7.638919353485107422e+00 8.664154052734375000e+00 6.666049480438232422e+00 0.000000000000000000e+00 5.718516349792480469e+00 5.737757205963134766e+00 6.161916732788085938e+00 6.555870532989501953e+00
6.726963043212890625e+00 9.498682022094726562e+00 6.940056800842285156e+00 8.378351211547851562e+00 9.237575531005859375e+00 9.766051292419433594e+00 7.841867446899414062e+00 7.187670707702636719e+00 5.902819156646728516e+00 7.458868026733398438e+00 7.848310947418212891e+00 8.372371673583984375e+00 7.487476825714111328e+00 8.234099388122558594e+00 5.894739627838134766e+00 7.658798217773437500e+00 8.131735801696777344e+00 8.441301345825195312e+00 7.601990699768066406e+00 8.807156562805175781e+00 6.655520915985107422e+00 7.108049869537353516e+00 8.587384223937988281e+00 9.272421836853027344e+00 7.688300132751464844e+00 8.365639686584472656e+00 5.241623878479003906e+00 7.866639137268066406e+00 7.540972232818603516e+00 8.601753234863281250e+00 5.169900894165039062e+00 5.718516349792480469e+00 0.000000000000000000e+00 4.843493461608886719e+00 5.164736747741699219e+00 5.665168285369873047e+00
6.698511600494384766e+00 9.585011482238769531e+00 8.546979904174804688e+00 6.940056800842285156e+00 9.373767852783203125e+00 1.007589435577392578e+01 7.896445751190185547e+00 7.385866165161132812e+00 7.808372497558593750e+00 5.902818679809570312e+00 8.085272789001464844e+00 8.802579879760742188e+00 7.335086822509765625e+00 8.220159530639648438e+00 7.599841594696044922e+00 5.894740104675292969e+00 8.172086715698242188e+00 8.690604209899902344e+00 8.556416511535644531e+00 9.747688293457031250e+00 9.218806266784667969e+00 6.655520915985107422e+00 9.595929145812988281e+00 1.038891887664794922e+01 6.808155536651611328e+00 7.697688102722167969e+00 6.323297023773193359e+00 5.241623878479003906e+00 6.857403755187988281e+00 8.231708526611328125e+00 4.991878986358642578e+00 5.737757205963134766e+00 4.843493461608886719e+00 0.000000000000000000e+00 5.270881175994873047e+00 6.067533493041992188e+00
6.772995948791503906e+00 9.219482421875000000e+00 8.021533966064453125e+00 8.001601219177246094e+00 6.940056800842285156e+00 9.262704849243164062e+00 8.516573905944824219e+00 7.540039062500000000e+00 7.838339805603027344e+00 7.738170146942138672e+00 5.902819156646728516e+00 8.422245979309082031e+00 7.904112815856933594e+00 8.268344879150390625e+00 7.531255722045898438e+00 7.633956432342529297e+00 5.894740104675292969e+00 8.213935852050781250e+00 8.132212638854980469e+00 8.947685241699218750e+00 8.258192062377929688e+00 7.216260910034179688e+00 6.655520915985107422e+00 9.171745300292968750e+00 8.216335296630859375e+00 8.516723632812500000e+00 7.171609401702880859e+00 7.968037605285644531e+00 5.241623878479003906e+00 8.496401786804199219e+00 6.151683807373046875e+00 6.161916732788085938e+00 5.164736747741699219e+00 5.270881175994873047e+00 0.000000000000000000e+00 5.745429039001464844e+00
6.685348033905029297e+00 9.240438461303710938e+00 8.071014404296875000e+00 8.272546768188476562e+00 8.749342918395996094e+00 6.940056800842285156e+00 8.537844657897949219e+00 7.666903972625732422e+00 7.986126422882080078e+00 8.113634109497070312e+00 8.048120498657226562e+00 5.902819156646728516e+00 8.136827468872070312e+00 8.582827568054199219e+00 7.901177883148193359e+00 8.221876144409179688e+00 8.249067306518554688e+00 5.894739627838134766e+00 7.922225475311279297e+00 8.846258163452148438e+00 8.173271179199218750e+00 7.368324279785156250e+00 8.395887374877929688e+00 6.655520915985107422e+00 7.697249412536621094e+00 8.114218711853027344e+00 6.719176769256591797e+00 7.798597812652587891e+00 6.984290122985839844e+00 5.241623878479003906e+00 6.425494194030761719e+00 6.555870532989501953e+00 5.665168285369873047e+00 6.067533493041992188e+00 5.745429039001464844e+00 0.000000000000000000e+00
