0.000000000000000000e+00 9.912690162658691406e+00 8.332390785217285156e+00 9.155768394470214844e+00 8.926138877868652344e+00 1.004035282135009766e+01 1.101694774627685547e+01 1.086071586608886719e+01 1.320925617218017578e+01 1.343623638153076172e+01 1.310507392883300781e+01 1.328530311584472656e+01 8.889761924743652344e+00 1.234928226470947266e+01 1.185476779937744141e+01 1.273217678070068359e+01 1.237336635589599609e+01 1.294600391387939453e+01 1.019136619567871094e+01 1.259530353546142578e+01 1.238952922821044922e+01 1.084867477416992188e+01 1.184209918975830078e+01 1.291867065429687500e+01 9.681435585021972656e+00 1.243541526794433594e+01 1.171588611602783203e+01 1.209945583343505859e+01 1.023249149322509766e+01 1.227819633483886719e+01 1.019301033020019531e+01 1.262731170654296875e+01 1.230665683746337891e+01 1.271316242218017578e+01 1.197593212127685547e+01 1.196423912048339844e+01
9.912690162658691406e+00 0.000000000000000000e+00 8.847008705139160156e+00 9.495114326477050781e+00 9.306002616882324219e+00 9.591279983520507812e+00 1.792523384094238281e+01 1.101694774627685547e+01 1.688208198547363281e+01 1.698649406433105469e+01 1.674360084533691406e+01 1.641227149963378906e+01 1.421526622772216797e+01 8.889761924743652344e+00 1.319700241088867188e+01 1.390043067932128906e+01 1.359449863433837891e+01 1.354870796203613281e+01 1.567191982269287109e+01 1.019136619567871094e+01 1.434659957885742188e+01 1.294243240356445312e+01 1.380741500854492188e+01 1.419717025756835938e+01 1.514409923553466797e+01 9.681435585021972656e+00 1.354455184936523438e+01 1.378687858581542969e+01 1.220580577850341797e+01 1.338992691040039062e+01 1.564828205108642578e+01 1.019301033020019531e+01 1.424796390533447266e+01 1.451425170898437500e+01 1.389455127716064453e+01 1.330551719665527344e+01
8.332390785217285156e+00 8.847008705139160156e+00 0.000000000000000000e+00 7.732780933380126953e+00 7.265404701232910156e+00 8.031529426574707031e+00 1.439164257049560547e+01 1.069021701812744141e+01 1.101694774627685547e+01 1.314601421356201172e+01 1.269529628753662109e+01 1.251053619384765625e+01 1.250510597229003906e+01 1.185048484802246094e+01 8.889761924743652344e+00 1.208293056488037109e+01 1.158151149749755859e+01 1.179902076721191406e+01 1.389550113677978516e+01 1.258737850189208984e+01 1.019136619567871094e+01 1.065147113800048828e+01 1.153853130340576172e+01 1.226299571990966797e+01 1.374976062774658203e+01 1.267062091827392578e+01 9.681435585021972656e+00 1.217627143859863281e+01 1.018386077880859375e+01 1.184685039520263672e+01 1.397134876251220703e+01 1.270155715942382812e+01 1.019301033020019531e+01 1.262793445587158203e+01 1.176458644866943359e+01 1.134514045715332031e+01
9.155768394470214844e+00 9.495114326477050781e+00 7.732780933380126953e+00 0.000000000000000000e+00 7.957098960876464844e+00 9.075658798217773438e+00 1.516146755218505859e+01 1.159826564788818359e+01 1.376664257049560547e+01 1.101694774627685547e+01 1.341831779479980469e+01 1.351765441894531250e+01 1.279076099395751953e+01 1.204774570465087891e+01 1.147389698028564453e+01 8.889761924743652344e+00 1.172549629211425781e+01 1.224359130859375000e+01 1.605273628234863281e+01 1.485044574737548828e+01 1.462415409088134766e+01 1.019136619567871094e+01 1.392383098602294922e+01 1.478002643585205078e+01 1.444713783264160156e+01 1.333029651641845703e+01 1.260121345520019531e+01 9.681435585021972656e+00 1.093182659149169922e+01 1.278571224212646484e+01 1.462280941009521484e+01 1.332087993621826172e+01 1.295847225189208984e+01 1.019300937652587891e+01 1.237592124938964844e+01 1.228018283843994141e+01
8.926138877868652344e+00 9.306002616882324219e+00 7.265404701232910156e+00 7.957098960876464844e+00 0.000000000000000000e+00 8.731797218322753906e+00 1.517745971679687500e+01 1.164480781555175781e+01 1.368020248413085938e+01 1.375957393646240234e+01 1.101694774627685547e+01 1.346257686614990234e+01 1.281824779510498047e+01 1.210159778594970703e+01 1.137965393066406250e+01 1.213257312774658203e+01 8.889761924743652344e+00 1.219172763824462891e+01 1.506135845184326172e+01 1.379443931579589844e+01 1.342245864868164062e+01 1.185266590118408203e+01 1.019136619567871094e+01 1.362469196319580078e+01 1.555983352661132812e+01 1.454929637908935547e+01 1.375941848754882812e+01 1.394942283630371094e+01 9.681435585021972656e+00 1.396037006378173828e+01 1.495740318298339844e+01 1.370911026000976562e+01 1.322730636596679688e+01 1.346336841583251953e+01 1.019301033020019531e+01 1.259877014160156250e+01
1.004035282135009766e+01 9.591279983520507812e+00 8.031529426574707031e+00 9.075658798217773438e+00 8.731797218322753906e+00 0.000000000000000000e+00 1.636656570434570312e+01 1.254467868804931641e+01 1.467118930816650391e+01 1.499181270599365234e+01 1.462852859497070312e+01 1.101694774627685547e+01 1.385907936096191406e+01 1.258862590789794922e+01 1.215935039520263672e+01 1.314858722686767578e+01 1.272422981262207031e+01 8.889761924743652344e+00 1.557090950012207031e+01 1.378961372375488281e+01 1.365128993988037109e+01 1.241022968292236328e+01 1.321303176879882812e+01 1.019136619567871094e+01 1.543773651123046875e+01 1.386201763153076172e+01 1.327115345001220703e+01 1.373757934570312500e+01 1.204396152496337891e+01 9.681435585021972656e+00 1.631775856018066406e+01 1.465412425994873047e+01 1.442545318603515625e+01 1.489050388336181641e+01 1.419698524475097656e+01 1.019300937652587891e+01
1.101694774627685547e+01 1.792523384094238281e+01 1.439164257049560547e+01 1.516146755218505859e+01 1.517745971679687500e+01 1.636656570434570312e+01 0.000000000000000000e+00 9.912690162658691406e+00 8.332390785217285156e+00 9.155768394470214844e+00 8.926138877868652344e+00 1.004035282135009766e+01 9.671208381652832031e+00 1.639172363281250000e+01 1.309035587310791016e+01 1.418737411499023438e+01 1.403248882293701172e+01 1.509258270263671875e+01 8.910895347595214844e+00 1.535777473449707031e+01 1.205644989013671875e+01 1.085830116271972656e+01 1.204498291015625000e+01 1.371549320220947266e+01 9.300912857055664062e+00 1.578276729583740234e+01 1.209777641296386719e+01 1.280009555816650391e+01 1.125996589660644531e+01 1.375548839569091797e+01 9.217594146728515625e+00 1.556261634826660156e+01 1.219991207122802734e+01 1.293676757812500000e+01 1.240144062042236328e+01 1.303427028656005859e+01
1.086071586608886719e+01 1.101694774627685547e+01 1.069021701812744141e+01 1.159826564788818359e+01 1.164480781555175781e+01 1.254467868804931641e+01 9.912690162658691406e+00 0.000000000000000000e+00 8.847009658813476562e+00 9.495114326477050781e+00 9.306002616882324219e+00 9.591279983520507812e+00 1.071908378601074219e+01 9.671208381652832031e+00 1.016382217407226562e+01 1.143309974670410156e+01 1.126683330535888672e+01 1.191952323913574219e+01 1.093021965026855469e+01 8.910895347595214844e+00 9.798114776611328125e+00 8.126255989074707031e+00 9.685635566711425781e+00 1.100467777252197266e+01 1.097456359863281250e+01 9.300912857055664062e+00 9.532559394836425781e+00 1.028806209564208984e+01 8.329778671264648438e+00 1.077358150482177734e+01 1.114701271057128906e+01 9.217594146728515625e+00 9.935245513916015625e+00 1.071071815490722656e+01 1.008721351623535156e+01 1.010477924346923828e+01
1.320925617218017578e+01 1.688208198547363281e+01 1.101694774627685547e+01 1.376664257049560547e+01 1.368020248413085938e+01 1.467118930816650391e+01 8.332390785217285156e+00 8.847009658813476562e+00 0.000000000000000000e+00 7.732780933380126953e+00 7.265404701232910156e+00 8.031529426574707031e+00 1.243239974975585938e+01 1.550162506103515625e+01 9.671208381652832031e+00 1.299434566497802734e+01 1.271316242218017578e+01 1.353094291687011719e+01 1.234129619598388672e+01 1.481027221679687500e+01 8.910895347595214844e+00 9.866372108459472656e+00 1.103025531768798828e+01 1.246139335632324219e+01 1.286527252197265625e+01 1.544938182830810547e+01 9.300911903381347656e+00 1.222251033782958984e+01 1.046310138702392578e+01 1.274714565277099609e+01 1.264704322814941406e+01 1.509165763854980469e+01 9.217594146728515625e+00 1.220174884796142578e+01 1.150916099548339844e+01 1.179592895507812500e+01
1.343623638153076172e+01 1.698649406433105469e+01 1.314601421356201172e+01 1.101694774627685547e+01 1.375957393646240234e+01 1.499181270599365234e+01 9.155768394470214844e+00 9.495114326477050781e+00 7.732780933380126953e+00 0.000000000000000000e+00 7.957098960876464844e+00 9.075658798217773438e+00 1.238705444335937500e+01 1.538386154174804688e+01 1.173896598815917969e+01 9.671208381652832031e+00 1.251515007019042969e+01 1.361703586578369141e+01 1.444166088104248047e+01 1.652532958984375000e+01 1.345565319061279297e+01 8.910895347595214844e+00 1.319281864166259766e+01 1.466298294067382812e+01 1.329765796661376953e+01 1.573162937164306641e+01 1.196728897094726562e+01 9.300912857055664062e+00 1.081290721893310547e+01 1.331408977508544922e+01 1.304700469970703125e+01 1.534675884246826172e+01 1.185905647277832031e+01 9.217594146728515625e+00 1.178420066833496094e+01 1.236459636688232422e+01
1.310507392883300781e+01 1.674360084533691406e+01 1.269529628753662109e+01 1.341831779479980469e+01 1.101694774627685547e+01 1.462852859497070312e+01 8.926138877868652344e+00 9.306002616882324219e+00 7.265404701232910156e+00 7.957098960876464844e+00 0.000000000000000000e+00 8.731797218322753906e+00 1.222725296020507812e+01 1.527502346038818359e+01 1.144605731964111328e+01 1.253261280059814453e+01 9.671208381652832031e+00 1.339847278594970703e+01 1.315592861175537109e+01 1.543372726440429688e+01 1.194628715515136719e+01 1.055407333374023438e+01 8.910895347595214844e+00 1.332474422454833984e+01 1.433802795410156250e+01 1.663827133178710938e+01 1.300421714782714844e+01 1.351761341094970703e+01 9.300912857055664062e+00 1.428443717956542969e+01 1.324704837799072266e+01 1.553639507293701172e+01 1.195991230010986328e+01 1.255753040313720703e+01 9.217594146728515625e+00 1.249688243865966797e+01
1.328530311584472656e+01 1.641227149963378906e+01 1.251053619384765625e+01 1.351765441894531250e+01 1.346257686614990234e+01 1.101694774627685547e+01 1.004035282135009766e+01 9.591279983520507812e+00 8.031529426574707031e+00 9.075658798217773438e+00 8.731797218322753906e+00 0.000000000000000000e+00 1.268447399139404297e+01 1.513191127777099609e+01 1.153208923339843750e+01 1.289868164062500000e+01 1.265045452117919922e+01 9.671208381652832031e+00 1.312671852111816406e+01 1.488927364349365234e+01 1.151228618621826172e+01 1.041826152801513672e+01 1.156494140625000000e+01 8.910895347595214844e+00 1.361682319641113281e+01 1.552189254760742188e+01 1.181249904632568359e+01 1.266823196411132812e+01 1.102076816558837891e+01 9.300912857055664062e+00 1.420046710968017578e+01 1.586842155456542969e+01 1.264101028442382812e+01 1.348258018493652344e+01 1.289358711242675781e+01 9.217594146728515625e+00
8.889761924743652344e+00 1.421526622772216797e+01 1.250510597229003906e+01 1.279076099395751953e+01 1.281824779510498047e+01 1.385907936096191406e+01 9.671208381652832031e+00 1.071908378601074219e+01 1.243239974975585938e+01 1.238705444335937500e+01 1.222725296020507812e+01 1.268447399139404297e+01 0.000000000000000000e+00 9.912690162658691406e+00 8.332390785217285156e+00 9.155768394470214844e+00 8.926139831542968750e+00 1.004035282135009766e+01 1.044719982147216797e+01 1.373703861236572266e+01 1.291129398345947266e+01 1.112301063537597656e+01 1.229304504394531250e+01 1.357974910736083984e+01 9.680659294128417969e+00 1.339436340332031250e+01 1.204856872558593750e+01 1.212969017028808594e+01 1.050202274322509766e+01 1.276622867584228516e+01 9.104471206665039062e+00 1.277604961395263672e+01 1.176302814483642578e+01 1.188974666595458984e+01 1.131461715698242188e+01 1.159200000762939453e+01
1.234928226470947266e+01 8.889761924743652344e+00 1.185048484802246094e+01 1.204774570465087891e+01 1.210159778594970703e+01 1.258862590789794922e+01 1.639172363281250000e+01 9.671208381652832031e+00 1.550162506103515625e+01 1.538386154174804688e+01 1.527502346038818359e+01 1.513191127777099609e+01 9.912690162658691406e+00 0.000000000000000000e+00 8.847008705139160156e+00 9.495114326477050781e+00 9.306002616882324219e+00 9.591279983520507812e+00 1.503677463531494141e+01 1.044719886779785156e+01 1.393705463409423828e+01 1.219629764556884766e+01 1.329450607299804688e+01 1.393889141082763672e+01 1.430189418792724609e+01 9.680659294128417969e+00 1.290644836425781250e+01 1.288511180877685547e+01 1.139235782623291016e+01 1.291232395172119141e+01 1.410950565338134766e+01 9.104471206665039062e+00 1.285048675537109375e+01 1.286936473846435547e+01 1.236412620544433594e+01 1.197847175598144531e+01
1.185476779937744141e+01 1.319700241088867188e+01 8.889761924743652344e+00 1.147389698028564453e+01 1.137965393066406250e+01 1.215935039520263672e+01 1.309035587310791016e+01 1.016382217407226562e+01 9.671208381652832031e+00 1.173896598815917969e+01 1.144605731964111328e+01 1.153208923339843750e+01 8.332390785217285156e+00 8.847008705139160156e+00 0.000000000000000000e+00 7.732781410217285156e+00 7.265404701232910156e+00 8.031529426574707031e+00 1.380014133453369141e+01 1.343821239471435547e+01 1.044719886779785156e+01 1.056221485137939453e+01 1.166620254516601562e+01 1.264822387695312500e+01 1.345807647705078125e+01 1.331889820098876953e+01 9.680659294128417969e+00 1.187741947174072266e+01 1.006869125366210938e+01 1.202702236175537109e+01 1.289462852478027344e+01 1.253742122650146484e+01 9.104471206665039062e+00 1.145797634124755859e+01 1.072762870788574219e+01 1.058407211303710938e+01
1.273217678070068359e+01 1.390043067932128906e+01 1.208293056488037109e+01 8.889761924743652344e+00 1.213257312774658203e+01 1.314858722686767578e+01 1.418737411499023438e+01 1.143309974670410156e+01 1.299434566497802734e+01 9.671208381652832031e+00 1.253261280059814453e+01 1.289868164062500000e+01 9.155768394470214844e+00 9.495114326477050781e+00 7.732781410217285156e+00 0.000000000000000000e+00 7.957098960876464844e+00 9.075658798217773438e+00 1.619329261779785156e+01 1.580672836303710938e+01 1.504391479492187500e+01 1.044719982147216797e+01 1.428317642211914062e+01 1.533685588836669922e+01 1.442071914672851562e+01 1.420276737213134766e+01 1.288212108612060547e+01 9.680659294128417969e+00 1.115104579925537109e+01 1.322684097290039062e+01 1.385903644561767578e+01 1.343416118621826172e+01 1.241327667236328125e+01 9.104471206665039062e+00 1.170527362823486328e+01 1.188641166687011719e+01
1.237336635589599609e+01 1.359449863433837891e+01 1.158151149749755859e+01 1.172549629211425781e+01 8.889761924743652344e+00 1.272422981262207031e+01 1.403248882293701172e+01 1.126683330535888672e+01 1.271316242218017578e+01 1.251515007019042969e+01 9.671208381652832031e+00 1.265045452117919922e+01 8.926139831542968750e+00 9.306002616882324219e+00 7.265404701232910156e+00 7.957098960876464844e+00 0.000000000000000000e+00 8.731797218322753906e+00 1.505061149597167969e+01 1.465426349639892578e+01 1.370254898071289062e+01 1.187053871154785156e+01 1.044719982147216797e+01 1.405510997772216797e+01 1.537822437286376953e+01 1.519367885589599609e+01 1.384283256530761719e+01 1.377371883392333984e+01 9.680659294128417969e+00 1.419544982910156250e+01 1.403973674774169922e+01 1.364237976074218750e+01 1.250092029571533203e+01 1.246596240997314453e+01 9.104471206665039062e+00 1.201485919952392578e+01
1.294600391387939453e+01 1.354870796203613281e+01 1.179902076721191406e+01 1.224359130859375000e+01 1.219172763824462891e+01 8.889761924743652344e+00 1.509258270263671875e+01 1.191952323913574219e+01 1.353094291687011719e+01 1.361703586578369141e+01 1.339847278594970703e+01 9.671208381652832031e+00 1.004035282135009766e+01 9.591279983520507812e+00 8.031529426574707031e+00 9.075658798217773438e+00 8.731797218322753906e+00 0.000000000000000000e+00 1.534587001800537109e+01 1.442152881622314453e+01 1.368653774261474609e+01 1.215746402740478516e+01 1.316169929504394531e+01 1.044719886779785156e+01 1.503566169738769531e+01 1.430690288543701172e+01 1.310694599151611328e+01 1.331225490570068359e+01 1.176469707489013672e+01 9.680659294128417969e+00 1.526517963409423828e+01 1.436260032653808594e+01 1.351928806304931641e+01 1.375613212585449219e+01 1.318766403198242188e+01 9.104471206665039062e+00
1.019136619567871094e+01 1.567191982269287109e+01 1.389550113677978516e+01 1.605273628234863281e+01 1.506135845184326172e+01 1.557090950012207031e+01 8.910895347595214844e+00 1.093021965026855469e+01 1.234129619598388672e+01 1.444166088104248047e+01 1.315592861175537109e+01 1.312671852111816406e+01 1.044719982147216797e+01 1.503677463531494141e+01 1.380014133453369141e+01 1.619329261779785156e+01 1.505061149597167969e+01 1.534587001800537109e+01 0.000000000000000000e+00 9.912690162658691406e+00 8.332390785217285156e+00 9.155768394470214844e+00 8.926139831542968750e+00 1.004035282135009766e+01 8.344592094421386719e+00 1.319186210632324219e+01 1.153066539764404297e+01 1.386712455749511719e+01 1.113150978088378906e+01 1.282328701019287109e+01 8.921597480773925781e+00 1.336525917053222656e+01 1.212202453613281250e+01 1.439862060546875000e+01 1.274460697174072266e+01 1.251483345031738281e+01
1.259530353546142578e+01 1.019136619567871094e+01 1.258737850189208984e+01 1.485044574737548828e+01 1.379443931579589844e+01 1.378961372375488281e+01 1.535777473449707031e+01 8.910895347595214844e+00 1.481027221679687500e+01 1.652532958984375000e+01 1.543372726440429688e+01 1.488927364349365234e+01 1.373703861236572266e+01 1.044719886779785156e+01 1.343821239471435547e+01 1.580672836303710938e+01 1.465426349639892578e+01 1.442152881622314453e+01 9.912690162658691406e+00 0.000000000000000000e+00 8.847008705139160156e+00 9.495114326477050781e+00 9.306002616882324219e+00 9.591279029846191406e+00 1.271857166290283203e+01 8.344592094421386719e+00 1.164755344390869141e+01 1.387424468994140625e+01 1.116712379455566406e+01 1.222657203674316406e+01 1.330723476409912109e+01 8.921597480773925781e+00 1.245032215118408203e+01 1.459025573730468750e+01 1.298371696472167969e+01 1.212564182281494141e+01
1.238952922821044922e+01 1.434659957885742188e+01 1.019136619567871094e+01 1.462415409088134766e+01 1.342245864868164062e+01 1.365128993988037109e+01 1.205644989013671875e+01 9.798114776611328125e+00 8.910895347595214844e+00 1.345565319061279297e+01 1.194628715515136719e+01 1.151228618621826172e+01 1.291129398345947266e+01 1.393705463409423828e+01 1.044719886779785156e+01 1.504391479492187500e+01 1.370254898071289062e+01 1.368653774261474609e+01 8.332390785217285156e+00 8.847008705139160156e+00 0.000000000000000000e+00 7.732780933380126953e+00 7.265404701232910156e+00 8.031530380249023438e+00 1.204847240447998047e+01 1.265456676483154297e+01 8.344592094421386719e+00 1.320490932464599609e+01 1.015506553649902344e+01 1.158612155914306641e+01 1.229242801666259766e+01 1.267747592926025391e+01 8.921597480773925781e+00 1.361499786376953125e+01 1.173095321655273438e+01 1.106336021423339844e+01
1.084867477416992188e+01 1.294243240356445312e+01 1.065147113800048828e+01 1.019136619567871094e+01 1.185266590118408203e+01 1.241022968292236328e+01 1.085830116271972656e+01 8.126255989074707031e+00 9.866372108459472656e+00 8.910895347595214844e+00 1.055407333374023438e+01 1.041826152801513672e+01 1.112301063537597656e+01 1.219629764556884766e+01 1.056221485137939453e+01 1.044719982147216797e+01 1.187053871154785156e+01 1.215746402740478516e+01 9.155768394470214844e+00 9.495114326477050781e+00 7.732780933380126953e+00 0.000000000000000000e+00 7.957098960876464844e+00 9.075657844543457031e+00 1.070623588562011719e+01 1.127316284179687500e+01 9.191658973693847656e+00 8.344592094421386719e+00 8.289340019226074219e+00 1.035175132751464844e+01 1.093278312683105469e+01 1.125294017791748047e+01 9.665061950683593750e+00 8.921597480773925781e+00 1.010778045654296875e+01 9.709926605224609375e+00
1.184209918975830078e+01 1.380741500854492188e+01 1.153853130340576172e+01 1.392383098602294922e+01 1.019136619567871094e+01 1.321303176879882812e+01 1.204498291015625000e+01 9.685635566711425781e+00 1.103025531768798828e+01 1.319281864166259766e+01 8.910895347595214844e+00 1.156494140625000000e+01 1.229304504394531250e+01 1.329450607299804688e+01 1.166620254516601562e+01 1.428317642211914062e+01 1.044719982147216797e+01 1.316169929504394531e+01 8.926139831542968750e+00 9.306002616882324219e+00 7.265404701232910156e+00 7.957098960876464844e+00 0.000000000000000000e+00 8.731797218322753906e+00 1.321763420104980469e+01 1.370266914367675781e+01 1.190425395965576172e+01 1.404215526580810547e+01 8.344592094421386719e+00 1.285573577880859375e+01 1.249466705322265625e+01 1.279907131195068359e+01 1.127593517303466797e+01 1.355187988281250000e+01 8.921597480773925781e+00 1.135352134704589844e+01
1.291867065429687500e+01 1.419717025756835938e+01 1.226299571990966797e+01 1.478002643585205078e+01 1.362469196319580078e+01 1.019136619567871094e+01 1.371549320220947266e+01 1.100467777252197266e+01 1.246139335632324219e+01 1.466298294067382812e+01 1.332474422454833984e+01 8.910895347595214844e+00 1.357974910736083984e+01 1.393889141082763672e+01 1.264822387695312500e+01 1.533685588836669922e+01 1.405510997772216797e+01 1.044719886779785156e+01 1.004035282135009766e+01 9.591279029846191406e+00 8.031530380249023438e+00 9.075657844543457031e+00 8.731797218322753906e+00 0.000000000000000000e+00 1.328326511383056641e+01 1.318182945251464844e+01 1.157744407653808594e+01 1.402999687194824219e+01 1.124646759033203125e+01 8.344592094421386719e+00 1.428937244415283203e+01 1.400513839721679688e+01 1.287644386291503906e+01 1.515395259857177734e+01 1.351946258544921875e+01 8.921597480773925781e+00
9.681435585021972656e+00 1.514409923553466797e+01 1.374976062774658203e+01 1.444713783264160156e+01 1.555983352661132812e+01 1.543773651123046875e+01 9.300912857055664062e+00 1.097456359863281250e+01 1.286527252197265625e+01 1.329765796661376953e+01 1.433802795410156250e+01 1.361682319641113281e+01 9.680659294128417969e+00 1.430189418792724609e+01 1.345807647705078125e+01 1.442071914672851562e+01 1.537822437286376953e+01 1.503566169738769531e+01 8.344592094421386719e+00 1.271857166290283203e+01 1.204847240447998047e+01 1.070623588562011719e+01 1.321763420104980469e+01 1.328326511383056641e+01 0.000000000000000000e+00 9.912690162658691406e+00 8.332390785217285156e+00 9.155768394470214844e+00 8.926138877868652344e+00 1.004035282135009766e+01 7.844345569610595703e+00 1.242728519439697266e+01 1.161839294433593750e+01 1.226467800140380859e+01 1.302925682067871094e+01 1.202348232269287109e+01
1.243541526794433594e+01 9.681435585021972656e+00 1.267062091827392578e+01 1.333029651641845703e+01 1.454929637908935547e+01 1.386201763153076172e+01 1.578276729583740234e+01 9.300912857055664062e+00 1.544938182830810547e+01 1.573162937164306641e+01 1.663827133178710938e+01 1.552189254760742188e+01 1.339436340332031250e+01 9.680659294128417969e+00 1.331889820098876953e+01 1.420276737213134766e+01 1.519367885589599609e+01 1.430690288543701172e+01 1.319186210632324219e+01 8.344592094421386719e+00 1.265456676483154297e+01 1.127316284179687500e+01 1.370266914367675781e+01 1.318182945251464844e+01 9.912690162658691406e+00 0.000000000000000000e+00 8.847009658813476562e+00 9.495114326477050781e+00 9.306002616882324219e+00 9.591279029846191406e+00 1.285118484497070312e+01 7.844345569610595703e+00 1.221415805816650391e+01 1.273221015930175781e+01 1.349240589141845703e+01 1.187879753112792969e+01
1.171588611602783203e+01 1.354455184936523438e+01 9.681435585021972656e+00 1.260121345520019531e+01 1.375941848754882812e+01 1.327115345001220703e+01 1.209777641296386719e+01 9.532559394836425781e+00 9.300911903381347656e+00 1.196728897094726562e+01 1.300421714782714844e+01 1.181249904632568359e+01 1.204856872558593750e+01 1.290644836425781250e+01 9.680659294128417969e+00 1.288212108612060547e+01 1.384283256530761719e+01 1.310694599151611328e+01 1.153066539764404297e+01 1.164755344390869141e+01 8.344592094421386719e+00 9.191658973693847656e+00 1.190425395965576172e+01 1.157744407653808594e+01 8.332390785217285156e+00 8.847009658813476562e+00 0.000000000000000000e+00 7.732780933380126953e+00 7.265404701232910156e+00 8.031530380249023438e+00 1.126667213439941406e+01 1.142020034790039062e+01 7.844345569610595703e+00 1.106189441680908203e+01 1.178333950042724609e+01 1.020961856842041016e+01
1.209945583343505859e+01 1.378687858581542969e+01 1.217627143859863281e+01 9.681435585021972656e+00 1.394942283630371094e+01 1.373757934570312500e+01 1.280009555816650391e+01 1.028806209564208984e+01 1.222251033782958984e+01 9.300912857055664062e+00 1.351761341094970703e+01 1.266823196411132812e+01 1.212969017028808594e+01 1.288511180877685547e+01 1.187741947174072266e+01 9.680659294128417969e+00 1.377371883392333984e+01 1.331225490570068359e+01 1.386712455749511719e+01 1.387424468994140625e+01 1.320490932464599609e+01 8.344592094421386719e+00 1.404215526580810547e+01 1.402999687194824219e+01 9.155768394470214844e+00 9.495114326477050781e+00 7.732780933380126953e+00 0.000000000000000000e+00 7.957099437713623047e+00 9.075657844543457031e+00 1.184488964080810547e+01 1.188582134246826172e+01 1.096785259246826172e+01 7.844345569610595703e+00 1.217951393127441406e+01 1.100284290313720703e+01
1.023249149322509766e+01 1.220580577850341797e+01 1.018386077880859375e+01 1.093182659149169922e+01 9.681435585021972656e+00 1.204396152496337891e+01 1.125996589660644531e+01 8.329778671264648438e+00 1.046310138702392578e+01 1.081290721893310547e+01 9.300912857055664062e+00 1.102076816558837891e+01 1.050202274322509766e+01 1.139235782623291016e+01 1.006869125366210938e+01 1.115104579925537109e+01 9.680659294128417969e+00 1.176469707489013672e+01 1.113150978088378906e+01 1.116712379455566406e+01 1.015506553649902344e+01 8.289340019226074219e+00 8.344592094421386719e+00 1.124646759033203125e+01 8.926138877868652344e+00 9.306002616882324219e+00 7.265404701232910156e+00 7.957099437713623047e+00 0.000000000000000000e+00 8.731797218322753906e+00 1.061404228210449219e+01 1.068764972686767578e+01 9.475896835327148438e+00 1.006766128540039062e+01 7.844345569610595703e+00 9.562837600708007812e+00
1.227819633483886719e+01 1.338992691040039062e+01 1.184685039520263672e+01 1.278571224212646484e+01 1.396037006378173828e+01 9.681435585021972656e+00 1.375548839569091797e+01 1.077358150482177734e+01 1.274714565277099609e+01 1.331408977508544922e+01 1.428443717956542969e+01 9.300912857055664062e+00 1.276622867584228516e+01 1.291232395172119141e+01 1.202702236175537109e+01 1.322684097290039062e+01 1.419544982910156250e+01 9.680659294128417969e+00 1.282328701019287109e+01 1.222657203674316406e+01 1.158612155914306641e+01 1.035175132751464844e+01 1.285573577880859375e+01 8.344592094421386719e+00 1.004035282135009766e+01 9.591279029846191406e+00 8.031530380249023438e+00 9.075657844543457031e+00 8.731797218322753906e+00 0.000000000000000000e+00 1.342090797424316406e+01 1.288204002380371094e+01 1.215903472900390625e+01 1.291278839111328125e+01 1.356864738464355469e+01 7.844345569610595703e+00
1.019301033020019531e+01 1.564828205108642578e+01 1.397134876251220703e+01 1.462280941009521484e+01 1.495740318298339844e+01 1.631775856018066406e+01 9.217594146728515625e+00 1.114701271057128906e+01 1.264704322814941406e+01 1.304700469970703125e+01 1.324704837799072266e+01 1.420046710968017578e+01 9.104471206665039062e+00 1.410950565338134766e+01 1.289462852478027344e+01 1.385903644561767578e+01 1.403973674774169922e+01 1.526517963409423828e+01 8.921597480773925781e+00 1.330723476409912109e+01 1.229242801666259766e+01 1.093278312683105469e+01 1.249466705322265625e+01 1.428937244415283203e+01 7.844345569610595703e+00 1.285118484497070312e+01 1.126667213439941406e+01 1.184488964080810547e+01 1.061404228210449219e+01 1.342090797424316406e+01 0.000000000000000000e+00 9.912690162658691406e+00 8.332390785217285156e+00 9.155768394470214844e+00 8.926138877868652344e+00 1.004035282135009766e+01
1.262731170654296875e+01 1.019301033020019531e+01 1.270155715942382812e+01 1.332087993621826172e+01 1.370911026000976562e+01 1.465412425994873047e+01 1.556261634826660156e+01 9.217594146728515625e+00 1.509165763854980469e+01 1.534675884246826172e+01 1.553639507293701172e+01 1.586842155456542969e+01 1.277604961395263672e+01 9.104471206665039062e+00 1.253742122650146484e+01 1.343416118621826172e+01 1.364237976074218750e+01 1.436260032653808594e+01 1.336525917053222656e+01 8.921597480773925781e+00 1.267747592926025391e+01 1.125294017791748047e+01 1.279907131195068359e+01 1.400513839721679688e+01 1.242728519439697266e+01 7.844345569610595703e+00 1.142020034790039062e+01 1.188582134246826172e+01 1.068764972686767578e+01 1.288204002380371094e+01 9.912690162658691406e+00 0.000000000000000000e+00 8.847009658813476562e+00 9.495114326477050781e+00 9.306002616882324219e+00 9.591279983520507812e+00
1.230665683746337891e+01 1.424796390533447266e+01 1.019301033020019531e+01 1.295847225189208984e+01 1.322730636596679688e+01 1.442545318603515625e+01 1.219991207122802734e+01 9.935245513916015625e+00 9.217594146728515625e+00 1.185905647277832031e+01 1.195991230010986328e+01 1.264101028442382812e+01 1.176302814483642578e+01 1.285048675537109375e+01 9.104471206665039062e+00 1.241327667236328125e+01 1.250092029571533203e+01 1.351928806304931641e+01 1.212202453613281250e+01 1.245032215118408203e+01 8.921597480773925781e+00 9.665061950683593750e+00 1.127593517303466797e+01 1.287644386291503906e+01 1.161839294433593750e+01 1.221415805816650391e+01 7.844345569610595703e+00 1.096785259246826172e+01 9.475896835327148438e+00 1.215903472900390625e+01 8.332390785217285156e+00 8.847009658813476562e+00 0.000000000000000000e+00 7.732781410217285156e+00 7.265404701232910156e+00 8.031529426574707031e+00
1.271316242218017578e+01 1.451425170898437500e+01 1.262793445587158203e+01 1.019300937652587891e+01 1.346336841583251953e+01 1.489050388336181641e+01 1.293676757812500000e+01 1.071071815490722656e+01 1.220174884796142578e+01 9.217594146728515625e+00 1.255753040313720703e+01 1.348258018493652344e+01 1.188974666595458984e+01 1.286936473846435547e+01 1.145797634124755859e+01 9.104471206665039062e+00 1.246596240997314453e+01 1.375613212585449219e+01 1.439862060546875000e+01 1.459025573730468750e+01 1.361499786376953125e+01 8.921597480773925781e+00 1.355187988281250000e+01 1.515395259857177734e+01 1.226467800140380859e+01 1.273221015930175781e+01 1.106189441680908203e+01 7.844345569610595703e+00 1.006766128540039062e+01 1.291278839111328125e+01 9.155768394470214844e+00 9.495114326477050781e+00 7.732781410217285156e+00 0.000000000000000000e+00 7.957098960876464844e+00 9.075658798217773438e+00
1.197593212127685547e+01 1.389455127716064453e+01 1.176458644866943359e+01 1.237592124938964844e+01 1.019301033020019531e+01 1.419698524475097656e+01 1.240144062042236328e+01 1.008721351623535156e+01 1.150916099548339844e+01 1.178420066833496094e+01 9.217594146728515625e+00 1.289358711242675781e+01 1.131461715698242188e+01 1.236412620544433594e+01 1.072762870788574219e+01 1.170527362823486328e+01 9.104471206665039062e+00 1.318766403198242188e+01 1.274460697174072266e+01 1.298371696472167969e+01 1.173095321655273438e+01 1.010778045654296875e+01 8.921597480773925781e+00 1.351946258544921875e+01 1.302925682067871094e+01 1.349240589141845703e+01 1.178333950042724609e+01 1.217951393127441406e+01 7.844345569610595703e+00 1.356864738464355469e+01 8.926138877868652344e+00 9.306002616882324219e+00 7.265404701232910156e+00 7.957098960876464844e+00 0.000000000000000000e+00 8.731796264648437500e+00
1.196423912048339844e+01 1.330551719665527344e+01 1.134514045715332031e+01 1.228018283843994141e+01 1.259877014160156250e+01 1.019300937652587891e+01 1.303427028656005859e+01 1.010477924346923828e+01 1.179592895507812500e+01 1.236459636688232422e+01 1.249688243865966797e+01 9.217594146728515625e+00 1.159200000762939453e+01 1.197847175598144531e+01 1.058407211303710938e+01 1.188641166687011719e+01 1.201485919952392578e+01 9.104471206665039062e+00 1.251483345031738281e+01 1.212564182281494141e+01 1.106336021423339844e+01 9.709926605224609375e+00 1.135352134704589844e+01 8.921597480773925781e+00 1.202348232269287109e+01 1.187879753112792969e+01 1.020961856842041016e+01 1.100284290313720703e+01 9.562837600708007812e+00 7.844345569610595703e+00 1.004035282135009766e+01 9.591279983520507812e+00 8.031529426574707031e+00 9.075658798217773438e+00 8.731796264648437500e+00 0.000000000000000000e+00
