0.000000000000000000e+00 5.010801315307617188e+00 4.754878044128417969e+00 5.520358562469482422e+00 5.623504638671875000e+00 5.174051284790039062e+00 5.283876895904541016e+00 4.525188446044921875e+00 6.450102806091308594e+00 6.462793350219726562e+00 5.972136497497558594e+00 5.815681934356689453e+00 4.478332996368408203e+00 5.279147148132324219e+00 5.639259815216064453e+00 6.017275333404541016e+00 6.159788608551025391e+00 5.389980316162109375e+00 6.094915390014648438e+00 6.578063011169433594e+00 7.091479778289794922e+00 5.216412544250488281e+00 7.040246963500976562e+00 7.033373355865478516e+00 5.543064117431640625e+00 5.338352203369140625e+00 6.295887470245361328e+00 6.270065784454345703e+00 5.384269237518310547e+00 6.012309074401855469e+00 5.695784091949462891e+00 5.760373115539550781e+00 6.543937206268310547e+00 6.609584331512451172e+00 6.356250286102294922e+00 5.242456912994384766e+00
5.010801315307617188e+00 0.000000000000000000e+00 4.087659358978271484e+00 4.738128185272216797e+00 3.906873464584350586e+00 3.965815067291259766e+00 9.250819206237792969e+00 5.283876419067382812e+00 8.261603355407714844e+00 8.142072677612304688e+00 7.201140403747558594e+00 7.438359260559082031e+00 7.903024196624755859e+00 4.478332996368408203e+00 6.572331428527832031e+00 6.743685722351074219e+00 6.235146522521972656e+00 5.941629409790039062e+00 9.013397216796875000e+00 6.094915390014648438e+00 7.960803985595703125e+00 6.178322792053222656e+00 7.224274158477783203e+00 7.576967239379882812e+00 9.119725227355957031e+00 5.543064117431640625e+00 7.814983844757080078e+00 7.656690597534179688e+00 6.321858882904052734e+00 7.241576671600341797e+00 9.050870895385742188e+00 5.695784091949462891e+00 7.828880786895751953e+00 7.747921943664550781e+00 6.957726478576660156e+00 6.388146877288818359e+00
4.754878044128417969e+00 4.087659358978271484e+00 0.000000000000000000e+00 4.684017181396484375e+00 4.357409477233886719e+00 4.466804504394531250e+00 7.710551738739013672e+00 4.582852840423583984e+00 5.283876895904541016e+00 6.492898941040039062e+00 5.652787685394287109e+00 5.994003772735595703e+00 7.316242694854736328e+00 5.507567882537841797e+00 4.478332996368408203e+00 6.207764625549316406e+00 6.014091014862060547e+00 5.752956390380859375e+00 8.320134162902832031e+00 6.658791542053222656e+00 6.094915390014648438e+00 5.305128097534179688e+00 6.811464786529541016e+00 7.219254970550537109e+00 8.187225341796875000e+00 5.813352108001708984e+00 5.543064117431640625e+00 6.669004917144775391e+00 5.481769561767578125e+00 6.559392452239990234e+00 8.202350616455078125e+00 6.083621025085449219e+00 5.695784091949462891e+00 6.883311748504638672e+00 6.323989391326904297e+00 5.735208034515380859e+00
5.520358562469482422e+00 4.738128185272216797e+00 4.684017181396484375e+00 0.000000000000000000e+00 4.856022357940673828e+00 4.969776153564453125e+00 8.661393165588378906e+00 5.868992328643798828e+00 7.586896419525146484e+00 5.283876419067382812e+00 6.652035236358642578e+00 6.955288887023925781e+00 8.053076744079589844e+00 6.287554740905761719e+00 6.742003917694091797e+00 4.478332996368408203e+00 6.649990081787109375e+00 6.426661491394042969e+00 1.039392757415771484e+01 9.001334190368652344e+00 9.488499641418457031e+00 6.094915390014648438e+00 9.051718711853027344e+00 9.370570182800292969e+00 9.115158081054687500e+00 6.908394813537597656e+00 7.800995826721191406e+00 5.543064117431640625e+00 6.544745922088623047e+00 7.480770111083984375e+00 9.063444137573242188e+00 7.053604125976562500e+00 7.834792137145996094e+00 5.695784091949462891e+00 7.182531833648681641e+00 6.681386470794677734e+00
5.623504638671875000e+00 3.906873464584350586e+00 4.357409477233886719e+00 4.856022357940673828e+00 0.000000000000000000e+00 4.580266952514648438e+00 9.133449554443359375e+00 5.874487400054931641e+00 7.865031719207763672e+00 7.664922237396240234e+00 5.283876895904541016e+00 7.204647064208984375e+00 8.087987899780273438e+00 5.635707378387451172e+00 6.474230766296386719e+00 6.561285018920898438e+00 4.478332996368408203e+00 6.082449436187744141e+00 9.379686355590820312e+00 7.254870414733886719e+00 8.116276741027832031e+00 6.286833763122558594e+00 6.094915390014648438e+00 7.929885864257812500e+00 9.783065795898437500e+00 7.211972236633300781e+00 8.329186439514160156e+00 8.110445022583007812e+00 5.543064117431640625e+00 7.982161998748779297e+00 9.366408348083496094e+00 6.855747222900390625e+00 7.928751945495605469e+00 7.775413036346435547e+00 5.695784091949462891e+00 6.734630107879638672e+00
5.174051284790039062e+00 3.965815067291259766e+00 4.466804504394531250e+00 4.969776153564453125e+00 4.580266952514648438e+00 0.000000000000000000e+00 8.692420959472656250e+00 5.653750419616699219e+00 7.734035491943359375e+00 7.540557861328125000e+00 6.774175643920898438e+00 5.283876895904541016e+00 8.037453651428222656e+00 6.021904945373535156e+00 6.849752426147460938e+00 6.943075656890869141e+00 6.713599681854248047e+00 4.478332996368408203e+00 8.852641105651855469e+00 6.952763557434082031e+00 7.879278182983398438e+00 5.990470886230468750e+00 7.305516719818115234e+00 6.094915390014648438e+00 8.879464149475097656e+00 6.361294746398925781e+00 7.637419700622558594e+00 7.408545970916748047e+00 6.300310611724853516e+00 5.543064117431640625e+00 9.536360740661621094e+00 7.451903343200683594e+00 8.479150772094726562e+00 8.345079421997070312e+00 7.841323852539062500e+00 5.695784091949462891e+00
5.283876895904541016e+00 9.250819206237792969e+00 7.710551738739013672e+00 8.661393165588378906e+00 9.133449554443359375e+00 8.692420959472656250e+00 0.000000000000000000e+00 5.010801792144775391e+00 4.754878044128417969e+00 5.520358562469482422e+00 5.623504638671875000e+00 5.174051284790039062e+00 4.512325763702392578e+00 7.792635917663574219e+00 6.405564785003662109e+00 7.289667129516601562e+00 7.881964683532714844e+00 7.086996555328369141e+00 5.574573516845703125e+00 8.351584434509277344e+00 7.289812564849853516e+00 6.145312309265136719e+00 8.207905769348144531e+00 8.016497611999511719e+00 4.161780357360839844e+00 6.902391910552978516e+00 5.929370880126953125e+00 6.521855354309082031e+00 6.281875610351562500e+00 6.603841304779052734e+00 4.223370552062988281e+00 7.150311946868896484e+00 6.094455718994140625e+00 6.760733604431152344e+00 7.047946929931640625e+00 5.809153079986572266e+00
4.525188446044921875e+00 5.283876419067382812e+00 4.582852840423583984e+00 5.868992328643798828e+00 5.874487400054931641e+00 5.653750419616699219e+00 5.010801792144775391e+00 0.000000000000000000e+00 4.087659358978271484e+00 4.738128185272216797e+00 3.906873464584350586e+00 3.965815067291259766e+00 5.496658802032470703e+00 4.512325763702392578e+00 4.458182811737060547e+00 5.464318752288818359e+00 5.523519039154052734e+00 4.891465187072753906e+00 6.528327941894531250e+00 5.574573516845703125e+00 5.803147315979003906e+00 4.021868228912353516e+00 6.119201183319091797e+00 6.297314643859863281e+00 6.100334644317626953e+00 4.161780357360839844e+00 4.903372287750244141e+00 5.412543773651123047e+00 4.229343414306640625e+00 5.230022430419921875e+00 5.896017074584960938e+00 4.223370552062988281e+00 4.802136421203613281e+00 5.431487083435058594e+00 5.013127326965332031e+00 3.810665130615234375e+00
6.450102806091308594e+00 8.261603355407714844e+00 5.283876895904541016e+00 7.586896419525146484e+00 7.865031719207763672e+00 7.734035491943359375e+00 4.754878044128417969e+00 4.087659358978271484e+00 0.000000000000000000e+00 4.684017181396484375e+00 4.357409477233886719e+00 4.466804504394531250e+00 6.701391220092773438e+00 7.366457462310791016e+00 4.512325763702392578e+00 6.822286605834960938e+00 7.171281337738037109e+00 6.733924388885498047e+00 7.363974571228027344e+00 7.867220401763916016e+00 5.574573516845703125e+00 5.456546783447265625e+00 7.434803485870361328e+00 7.615059852600097656e+00 6.685890197753906250e+00 6.634432315826416016e+00 4.161780357360839844e+00 6.226724624633789062e+00 5.621122360229492188e+00 6.447022914886474609e+00 6.614306926727294922e+00 6.784623146057128906e+00 4.223370552062988281e+00 6.362115859985351562e+00 6.351386070251464844e+00 5.498283386230468750e+00
6.462793350219726562e+00 8.142072677612304688e+00 6.492898941040039062e+00 5.283876419067382812e+00 7.664922237396240234e+00 7.540557861328125000e+00 5.520358562469482422e+00 4.738128185272216797e+00 4.684017181396484375e+00 0.000000000000000000e+00 4.856022357940673828e+00 4.969776153564453125e+00 6.966465950012207031e+00 7.467470169067382812e+00 6.169166088104248047e+00 4.512325763702392578e+00 7.195743560791015625e+00 6.771232604980468750e+00 9.237726211547851562e+00 9.532893180847167969e+00 8.732576370239257812e+00 5.574573516845703125e+00 9.116590499877929688e+00 9.272403717041015625e+00 7.283883094787597656e+00 7.088365077972412109e+00 6.304661750793457031e+00 4.161780357360839844e+00 6.056342601776123047e+00 6.840962886810302734e+00 7.135468006134033203e+00 7.146493911743164062e+00 6.251178741455078125e+00 4.223370552062988281e+00 6.650894641876220703e+00 5.854725837707519531e+00
5.972136497497558594e+00 7.201140403747558594e+00 5.652787685394287109e+00 6.652035236358642578e+00 5.283876895904541016e+00 6.774175643920898438e+00 5.623504638671875000e+00 3.906873464584350586e+00 4.357409477233886719e+00 4.856022357940673828e+00 0.000000000000000000e+00 4.580266952514648438e+00 6.468725681304931641e+00 6.382807254791259766e+00 5.221966266632080078e+00 6.008773326873779297e+00 4.512325763702392578e+00 5.856029033660888672e+00 7.617719650268554688e+00 7.431988239288330078e+00 6.696975708007812500e+00 5.118733406066894531e+00 5.574573516845703125e+00 7.335000514984130859e+00 7.643721580505371094e+00 6.876103878021240234e+00 6.404517650604248047e+00 6.717399597167968750e+00 4.161780357360839844e+00 6.877573490142822266e+00 7.017674922943115234e+00 6.408555984497070312e+00 5.771277427673339844e+00 6.212988376617431641e+00 4.223370075225830078e+00 5.267010688781738281e+00
5.815681934356689453e+00 7.438359260559082031e+00 5.994003772735595703e+00 6.955288887023925781e+00 7.204647064208984375e+00 5.283876895904541016e+00 5.174051284790039062e+00 3.965815067291259766e+00 4.466804504394531250e+00 4.969776153564453125e+00 4.580266952514648438e+00 0.000000000000000000e+00 6.636134147644042969e+00 6.946302413940429688e+00 5.939790725708007812e+00 6.653566360473632812e+00 6.956061363220214844e+00 4.512325763702392578e+00 7.171411514282226562e+00 7.345132350921630859e+00 6.638319969177246094e+00 5.056840896606445312e+00 7.092757701873779297e+00 5.574573516845703125e+00 6.676206588745117188e+00 6.224393844604492188e+00 5.742945194244384766e+00 6.102411270141601562e+00 5.412716865539550781e+00 4.161780357360839844e+00 7.447756290435791016e+00 7.253131866455078125e+00 6.734038352966308594e+00 7.126938343048095703e+00 7.063285827636718750e+00 4.223370075225830078e+00
4.478332996368408203e+00 7.903024196624755859e+00 7.316242694854736328e+00 8.053076744079589844e+00 8.087987899780273438e+00 8.037453651428222656e+00 4.512325763702392578e+00 5.496658802032470703e+00 6.701391220092773438e+00 6.966465950012207031e+00 6.468725681304931641e+00 6.636134147644042969e+00 0.000000000000000000e+00 5.010801315307617188e+00 4.754878044128417969e+00 5.520358562469482422e+00 5.623504638671875000e+00 5.174051284790039062e+00 6.005777835845947266e+00 7.712748527526855469e+00 7.750713348388671875e+00 6.360389709472656250e+00 7.888138294219970703e+00 8.134131431579589844e+00 5.042960166931152344e+00 6.363811016082763672e+00 6.723627090454101562e+00 6.952828884124755859e+00 6.118211269378662109e+00 6.973387241363525391e+00 5.028409957885742188e+00 6.581720829010009766e+00 6.821226596832275391e+00 7.131043434143066406e+00 6.854278564453125000e+00 6.172575473785400391e+00
5.279147148132324219e+00 4.478332996368408203e+00 5.507567882537841797e+00 6.287554740905761719e+00 5.635707378387451172e+00 6.021904945373535156e+00 7.792635917663574219e+00 4.512325763702392578e+00 7.366457462310791016e+00 7.467470169067382812e+00 6.382807254791259766e+00 6.946302413940429688e+00 5.010801315307617188e+00 0.000000000000000000e+00 4.087659358978271484e+00 4.738128185272216797e+00 3.906873226165771484e+00 3.965815067291259766e+00 7.928966522216796875e+00 6.005777835845947266e+00 7.474266529083251953e+00 5.841324806213378906e+00 6.895911693572998047e+00 7.537374019622802734e+00 7.783384799957275391e+00 5.042960166931152344e+00 7.024866580963134766e+00 7.096395492553710938e+00 5.577980041503906250e+00 6.901196002960205078e+00 7.580701351165771484e+00 5.028409957885742188e+00 6.906751632690429688e+00 7.064083099365234375e+00 6.139623641967773438e+00 5.842221736907958984e+00
5.639259815216064453e+00 6.572331428527832031e+00 4.478332996368408203e+00 6.742003917694091797e+00 6.474230766296386719e+00 6.849752426147460938e+00 6.405564785003662109e+00 4.458182811737060547e+00 4.512325763702392578e+00 6.169166088104248047e+00 5.221966266632080078e+00 5.939790725708007812e+00 4.754878044128417969e+00 4.087659358978271484e+00 0.000000000000000000e+00 4.684016704559326172e+00 4.357409477233886719e+00 4.466804504394531250e+00 7.568548202514648438e+00 7.049254417419433594e+00 6.005777835845947266e+00 5.524934768676757812e+00 6.941946029663085938e+00 7.612510681152343750e+00 7.132563591003417969e+00 5.910336017608642578e+00 5.042960166931152344e+00 6.529980659484863281e+00 5.256318092346191406e+00 6.681528091430664062e+00 7.018434047698974609e+00 6.023663043975830078e+00 5.028409957885742188e+00 6.609241485595703125e+00 5.975698947906494141e+00 5.713743209838867188e+00
6.017275333404541016e+00 6.743685722351074219e+00 6.207764625549316406e+00 4.478332996368408203e+00 6.561285018920898438e+00 6.943075656890869141e+00 7.289667129516601562e+00 5.464318752288818359e+00 6.822286605834960938e+00 4.512325763702392578e+00 6.008773326873779297e+00 6.653566360473632812e+00 5.520358562469482422e+00 4.738128185272216797e+00 4.684016704559326172e+00 0.000000000000000000e+00 4.856022357940673828e+00 4.969776153564453125e+00 9.624598503112792969e+00 9.105897903442382812e+00 9.246289253234863281e+00 6.005777835845947266e+00 8.959298133850097656e+00 9.496375083923339844e+00 7.966791629791259766e+00 6.738233089447021484e+00 7.218191623687744141e+00 5.042960166931152344e+00 6.078949928283691406e+00 7.356627941131591797e+00 7.788886070251464844e+00 6.750426292419433594e+00 7.125150680541992188e+00 5.028409957885742188e+00 6.621613502502441406e+00 6.398128032684326172e+00
6.159788608551025391e+00 6.235146522521972656e+00 6.014091014862060547e+00 6.649990081787109375e+00 4.478332996368408203e+00 6.713599681854248047e+00 7.881964683532714844e+00 5.523519039154052734e+00 7.171281337738037109e+00 7.195743560791015625e+00 4.512325763702392578e+00 6.956061363220214844e+00 5.623504638671875000e+00 3.906873226165771484e+00 4.357409477233886719e+00 4.856022357940673828e+00 0.000000000000000000e+00 4.580266952514648438e+00 8.553573608398437500e+00 7.423777103424072266e+00 7.869063377380371094e+00 6.247528076171875000e+00 6.005777835845947266e+00 8.114344596862792969e+00 8.756597518920898438e+00 7.090582370758056641e+00 7.823556900024414062e+00 7.814804553985595703e+00 5.042960166931152344e+00 7.903094291687011719e+00 8.175346374511718750e+00 6.588031768798828125e+00 7.268759727478027344e+00 7.340705394744873047e+00 5.028409957885742188e+00 6.498946666717529297e+00
5.389980316162109375e+00 5.941629409790039062e+00 5.752956390380859375e+00 6.426661491394042969e+00 6.082449436187744141e+00 4.478332996368408203e+00 7.086996555328369141e+00 4.891465187072753906e+00 6.733924388885498047e+00 6.771232604980468750e+00 5.856029033660888672e+00 4.512325763702392578e+00 5.174051284790039062e+00 3.965815067291259766e+00 4.466804504394531250e+00 4.969776153564453125e+00 4.580266952514648438e+00 0.000000000000000000e+00 7.714678287506103516e+00 6.839745521545410156e+00 7.354801177978515625e+00 5.599549770355224609e+00 6.946498394012451172e+00 6.005777835845947266e+00 7.468358516693115234e+00 5.889971733093261719e+00 6.791521549224853516e+00 6.792664051055908203e+00 5.510143280029296875e+00 5.042960166931152344e+00 8.124699592590332031e+00 6.920523166656494141e+00 7.604448318481445312e+00 7.683171749114990234e+00 7.091628551483154297e+00 5.028409957885742188e+00
6.094915390014648438e+00 9.013397216796875000e+00 8.320134162902832031e+00 1.039392757415771484e+01 9.379686355590820312e+00 8.852641105651855469e+00 5.574573516845703125e+00 6.528327941894531250e+00 7.363974571228027344e+00 9.237726211547851562e+00 7.617719650268554688e+00 7.171411514282226562e+00 6.005777835845947266e+00 7.928966522216796875e+00 7.568548202514648438e+00 9.624598503112792969e+00 8.553573608398437500e+00 7.714678287506103516e+00 0.000000000000000000e+00 5.010801315307617188e+00 4.754878520965576172e+00 5.520358562469482422e+00 5.623504638671875000e+00 5.174051284790039062e+00 6.085093975067138672e+00 7.333895206451416016e+00 7.443706512451171875e+00 9.275122642517089844e+00 7.382403373718261719e+00 7.543282985687255859e+00 6.050538539886474609e+00 7.505609512329101562e+00 7.513849258422851562e+00 9.394948005676269531e+00 7.985968589782714844e+00 6.789762496948242188e+00
6.578063011169433594e+00 6.094915390014648438e+00 6.658791542053222656e+00 9.001334190368652344e+00 7.254870414733886719e+00 6.952763557434082031e+00 8.351584434509277344e+00 5.574573516845703125e+00 7.867220401763916016e+00 9.532893180847167969e+00 7.431988239288330078e+00 7.345132350921630859e+00 7.712748527526855469e+00 6.005777835845947266e+00 7.049254417419433594e+00 9.105897903442382812e+00 7.423777103424072266e+00 6.839745521545410156e+00 5.010801315307617188e+00 0.000000000000000000e+00 4.087659358978271484e+00 4.738128185272216797e+00 3.906873464584350586e+00 3.965815067291259766e+00 8.395651817321777344e+00 6.085093975067138672e+00 7.606531620025634766e+00 9.292679786682128906e+00 6.818373203277587891e+00 7.362641334533691406e+00 8.191466331481933594e+00 6.050538063049316406e+00 7.479371070861816406e+00 9.253298759460449219e+00 7.266258716583251953e+00 6.359302520751953125e+00
7.091479778289794922e+00 7.960803985595703125e+00 6.094915390014648438e+00 9.488499641418457031e+00 8.116276741027832031e+00 7.879278182983398438e+00 7.289812564849853516e+00 5.803147315979003906e+00 5.574573516845703125e+00 8.732576370239257812e+00 6.696975708007812500e+00 6.638319969177246094e+00 7.750713348388671875e+00 7.474266529083251953e+00 6.005777835845947266e+00 9.246289253234863281e+00 7.869063377380371094e+00 7.354801177978515625e+00 4.754878520965576172e+00 4.087659358978271484e+00 0.000000000000000000e+00 4.684017181396484375e+00 4.357409477233886719e+00 4.466804504394531250e+00 7.991601467132568359e+00 7.043814182281494141e+00 6.085093975067138672e+00 9.040023803710937500e+00 6.789076328277587891e+00 7.369608879089355469e+00 7.872600555419921875e+00 7.120038986206054688e+00 6.050538539886474609e+00 9.082436561584472656e+00 7.341583728790283203e+00 6.484007835388183594e+00
5.216412544250488281e+00 6.178322792053222656e+00 5.305128097534179688e+00 6.094915390014648438e+00 6.286833763122558594e+00 5.990470886230468750e+00 6.145312309265136719e+00 4.021868228912353516e+00 5.456546783447265625e+00 5.574573516845703125e+00 5.118733406066894531e+00 5.056840896606445312e+00 6.360389709472656250e+00 5.841324806213378906e+00 5.524934768676757812e+00 6.005777835845947266e+00 6.247528076171875000e+00 5.599549770355224609e+00 5.520358562469482422e+00 4.738128185272216797e+00 4.684017181396484375e+00 0.000000000000000000e+00 4.856022357940673828e+00 4.969776153564453125e+00 6.998394966125488281e+00 5.709864616394042969e+00 6.017866611480712891e+00 6.085093975067138672e+00 5.285057544708251953e+00 6.025262832641601562e+00 6.775078773498535156e+00 5.700370311737060547e+00 5.882805347442626953e+00 6.050538539886474609e+00 5.878022670745849609e+00 4.779860019683837891e+00
7.040246963500976562e+00 7.224274158477783203e+00 6.811464786529541016e+00 9.051718711853027344e+00 6.094915390014648438e+00 7.305516719818115234e+00 8.207905769348144531e+00 6.119201183319091797e+00 7.434803485870361328e+00 9.116590499877929688e+00 5.574573516845703125e+00 7.092757701873779297e+00 7.888138294219970703e+00 6.895911693572998047e+00 6.941946029663085938e+00 8.959298133850097656e+00 6.005777835845947266e+00 6.946498394012451172e+00 5.623504638671875000e+00 3.906873464584350586e+00 4.357409477233886719e+00 4.856022357940673828e+00 0.000000000000000000e+00 4.580266952514648438e+00 9.099696159362792969e+00 7.621932029724121094e+00 8.120295524597167969e+00 9.658509254455566406e+00 6.085093975067138672e+00 8.078455924987792969e+00 8.525840759277343750e+00 7.137705326080322266e+00 7.569228172302246094e+00 9.264382362365722656e+00 6.050538539886474609e+00 6.690742969512939453e+00
7.033373355865478516e+00 7.576967239379882812e+00 7.219254970550537109e+00 9.370570182800292969e+00 7.929885864257812500e+00 6.094915390014648438e+00 8.016497611999511719e+00 6.297314643859863281e+00 7.615059852600097656e+00 9.272403717041015625e+00 7.335000514984130859e+00 5.574573516845703125e+00 8.134131431579589844e+00 7.537374019622802734e+00 7.612510681152343750e+00 9.496375083923339844e+00 8.114344596862792969e+00 6.005777835845947266e+00 5.174051284790039062e+00 3.965815067291259766e+00 4.466804504394531250e+00 4.969776153564453125e+00 4.580266952514648438e+00 0.000000000000000000e+00 8.408164024353027344e+00 7.162654876708984375e+00 7.723360061645507812e+00 9.335431098937988281e+00 7.124111652374267578e+00 6.085093975067138672e+00 8.981023788452148438e+00 8.014529228210449219e+00 8.430917739868164062e+00 9.988409996032714844e+00 8.391047477722167969e+00 6.050538539886474609e+00
5.543064117431640625e+00 9.119725227355957031e+00 8.187225341796875000e+00 9.115158081054687500e+00 9.783065795898437500e+00 8.879464149475097656e+00 4.161780357360839844e+00 6.100334644317626953e+00 6.685890197753906250e+00 7.283883094787597656e+00 7.643721580505371094e+00 6.676206588745117188e+00 5.042960166931152344e+00 7.783384799957275391e+00 7.132563591003417969e+00 7.966791629791259766e+00 8.756597518920898438e+00 7.468358516693115234e+00 6.085093975067138672e+00 8.395651817321777344e+00 7.991601467132568359e+00 6.998394966125488281e+00 9.099696159362792969e+00 8.408164024353027344e+00 0.000000000000000000e+00 5.010801315307617188e+00 4.754878044128417969e+00 5.520358562469482422e+00 5.623504638671875000e+00 5.174051284790039062e+00 4.985559463500976562e+00 7.275399208068847656e+00 6.995225429534912109e+00 7.614896297454833984e+00 8.134787559509277344e+00 6.422281742095947266e+00
5.338352203369140625e+00 5.543064117431640625e+00 5.813352108001708984e+00 6.908394813537597656e+00 7.211972236633300781e+00 6.361294746398925781e+00 6.902391910552978516e+00 4.161780357360839844e+00 6.634432315826416016e+00 7.088365077972412109e+00 6.876103878021240234e+00 6.224393844604492188e+00 6.363811016082763672e+00 5.042960166931152344e+00 5.910336017608642578e+00 6.738233089447021484e+00 7.090582370758056641e+00 5.889971733093261719e+00 7.333895206451416016e+00 6.085093975067138672e+00 7.043814182281494141e+00 5.709864616394042969e+00 7.621932029724121094e+00 7.162654876708984375e+00 5.010801315307617188e+00 0.000000000000000000e+00 4.087659358978271484e+00 4.738128185272216797e+00 3.906873226165771484e+00 3.965815067291259766e+00 6.855394840240478516e+00 4.985558986663818359e+00 6.329752922058105469e+00 6.855264186859130859e+00 6.844495296478271484e+00 5.218724727630615234e+00
6.295887470245361328e+00 7.814983844757080078e+00 5.543064117431640625e+00 7.800995826721191406e+00 8.329186439514160156e+00 7.637419700622558594e+00 5.929370880126953125e+00 4.903372287750244141e+00 4.161780357360839844e+00 6.304661750793457031e+00 6.404517650604248047e+00 5.742945194244384766e+00 6.723627090454101562e+00 7.024866580963134766e+00 5.042960166931152344e+00 7.218191623687744141e+00 7.823556900024414062e+00 6.791521549224853516e+00 7.443706512451171875e+00 7.606531620025634766e+00 6.085093975067138672e+00 6.017866611480712891e+00 8.120295524597167969e+00 7.723360061645507812e+00 4.754878044128417969e+00 4.087659358978271484e+00 0.000000000000000000e+00 4.684017181396484375e+00 4.357409477233886719e+00 4.466804504394531250e+00 6.782046318054199219e+00 6.562297344207763672e+00 4.985558986663818359e+00 6.927033424377441406e+00 7.215917110443115234e+00 5.740969181060791016e+00
6.270065784454345703e+00 7.656690597534179688e+00 6.669004917144775391e+00 5.543064117431640625e+00 8.110445022583007812e+00 7.408545970916748047e+00 6.521855354309082031e+00 5.412543773651123047e+00 6.226724624633789062e+00 4.161780357360839844e+00 6.717399597167968750e+00 6.102411270141601562e+00 6.952828884124755859e+00 7.096395492553710938e+00 6.529980659484863281e+00 5.042960166931152344e+00 7.814804553985595703e+00 6.792664051055908203e+00 9.275122642517089844e+00 9.292679786682128906e+00 9.040023803710937500e+00 6.085093975067138672e+00 9.658509254455566406e+00 9.335431098937988281e+00 5.520358562469482422e+00 4.738128185272216797e+00 4.684017181396484375e+00 0.000000000000000000e+00 4.856022357940673828e+00 4.969776153564453125e+00 7.257662773132324219e+00 6.900484085083007812e+00 6.753357887268066406e+00 4.985558986663818359e+00 7.448182582855224609e+00 6.042936801910400391e+00
5.384269237518310547e+00 6.321858882904052734e+00 5.481769561767578125e+00 6.544745922088623047e+00 5.543064117431640625e+00 6.300310611724853516e+00 6.281875610351562500e+00 4.229343414306640625e+00 5.621122360229492188e+00 6.056342601776123047e+00 4.161780357360839844e+00 5.412716865539550781e+00 6.118211269378662109e+00 5.577980041503906250e+00 5.256318092346191406e+00 6.078949928283691406e+00 5.042960166931152344e+00 5.510143280029296875e+00 7.382403373718261719e+00 6.818373203277587891e+00 6.789076328277587891e+00 5.285057544708251953e+00 6.085093975067138672e+00 7.124111652374267578e+00 5.623504638671875000e+00 3.906873226165771484e+00 4.357409477233886719e+00 4.856022357940673828e+00 0.000000000000000000e+00 4.580266952514648438e+00 6.839915752410888672e+00 5.778564453125000000e+00 5.967928886413574219e+00 6.434134483337402344e+00 4.985558986663818359e+00 5.075292110443115234e+00
6.012309074401855469e+00 7.241576671600341797e+00 6.559392452239990234e+00 7.480770111083984375e+00 7.982161998748779297e+00 5.543064117431640625e+00 6.603841304779052734e+00 5.230022430419921875e+00 6.447022914886474609e+00 6.840962886810302734e+00 6.877573490142822266e+00 4.161780357360839844e+00 6.973387241363525391e+00 6.901196002960205078e+00 6.681528091430664062e+00 7.356627941131591797e+00 7.903094291687011719e+00 5.042960166931152344e+00 7.543282985687255859e+00 7.362641334533691406e+00 7.369608879089355469e+00 6.025262832641601562e+00 8.078455924987792969e+00 6.085093975067138672e+00 5.174051284790039062e+00 3.965815067291259766e+00 4.466804504394531250e+00 4.969776153564453125e+00 4.580266952514648438e+00 0.000000000000000000e+00 7.874485015869140625e+00 7.343833923339843750e+00 7.527122020721435547e+00 7.911501884460449219e+00 8.118540763854980469e+00 4.985558986663818359e+00
5.695784091949462891e+00 9.050870895385742188e+00 8.202350616455078125e+00 9.063444137573242188e+00 9.366408348083496094e+00 9.536360740661621094e+00 4.223370552062988281e+00 5.896017074584960938e+00 6.614306926727294922e+00 7.135468006134033203e+00 7.017674922943115234e+00 7.447756290435791016e+00 5.028409957885742188e+00 7.580701351165771484e+00 7.018434047698974609e+00 7.788886070251464844e+00 8.175346374511718750e+00 8.124699592590332031e+00 6.050538539886474609e+00 8.191466331481933594e+00 7.872600555419921875e+00 6.775078773498535156e+00 8.525840759277343750e+00 8.981023788452148438e+00 4.985559463500976562e+00 6.855394840240478516e+00 6.782046318054199219e+00 7.257662773132324219e+00 6.839915752410888672e+00 7.874485015869140625e+00 0.000000000000000000e+00 5.010801315307617188e+00 4.754878044128417969e+00 5.520358562469482422e+00 5.623504638671875000e+00 5.174051284790039062e+00
5.760373115539550781e+00 5.695784091949462891e+00 6.083621025085449219e+00 7.053604125976562500e+00 6.855747222900390625e+00 7.451903343200683594e+00 7.150311946868896484e+00 4.223370552062988281e+00 6.784623146057128906e+00 7.146493911743164062e+00 6.408555984497070312e+00 7.253131866455078125e+00 6.581720829010009766e+00 5.028409957885742188e+00 6.023663043975830078e+00 6.750426292419433594e+00 6.588031768798828125e+00 6.920523166656494141e+00 7.505609512329101562e+00 6.050538063049316406e+00 7.120038986206054688e+00 5.700370311737060547e+00 7.137705326080322266e+00 8.014529228210449219e+00 7.275399208068847656e+00 4.985558986663818359e+00 6.562297344207763672e+00 6.900484085083007812e+00 5.778564453125000000e+00 7.343833923339843750e+00 5.010801315307617188e+00 0.000000000000000000e+00 4.087659358978271484e+00 4.738128185272216797e+00 3.906873464584350586e+00 3.965815305709838867e+00
6.543937206268310547e+00 7.828880786895751953e+00 5.695784091949462891e+00 7.834792137145996094e+00 7.928751945495605469e+00 8.479150772094726562e+00 6.094455718994140625e+00 4.802136421203613281e+00 4.223370552062988281e+00 6.251178741455078125e+00 5.771277427673339844e+00 6.734038352966308594e+00 6.821226596832275391e+00 6.906751632690429688e+00 5.028409957885742188e+00 7.125150680541992188e+00 7.268759727478027344e+00 7.604448318481445312e+00 7.513849258422851562e+00 7.479371070861816406e+00 6.050538539886474609e+00 5.882805347442626953e+00 7.569228172302246094e+00 8.430917739868164062e+00 6.995225429534912109e+00 6.329752922058105469e+00 4.985558986663818359e+00 6.753357887268066406e+00 5.967928886413574219e+00 7.527122020721435547e+00 4.754878044128417969e+00 4.087659358978271484e+00 0.000000000000000000e+00 4.684017181396484375e+00 4.357409477233886719e+00 4.466804504394531250e+00
6.609584331512451172e+00 7.747921943664550781e+00 6.883311748504638672e+00 5.695784091949462891e+00 7.775413036346435547e+00 8.345079421997070312e+00 6.760733604431152344e+00 5.431487083435058594e+00 6.362115859985351562e+00 4.223370552062988281e+00 6.212988376617431641e+00 7.126938343048095703e+00 7.131043434143066406e+00 7.064083099365234375e+00 6.609241485595703125e+00 5.028409957885742188e+00 7.340705394744873047e+00 7.683171749114990234e+00 9.394948005676269531e+00 9.253298759460449219e+00 9.082436561584472656e+00 6.050538539886474609e+00 9.264382362365722656e+00 9.988409996032714844e+00 7.614896297454833984e+00 6.855264186859130859e+00 6.927033424377441406e+00 4.985558986663818359e+00 6.434134483337402344e+00 7.911501884460449219e+00 5.520358562469482422e+00 4.738128185272216797e+00 4.684017181396484375e+00 0.000000000000000000e+00 4.856022357940673828e+00 4.969776153564453125e+00
6.356250286102294922e+00 6.957726478576660156e+00 6.323989391326904297e+00 7.182531833648681641e+00 5.695784091949462891e+00 7.841323852539062500e+00 7.047946929931640625e+00 5.013127326965332031e+00 6.351386070251464844e+00 6.650894641876220703e+00 4.223370075225830078e+00 7.063285827636718750e+00 6.854278564453125000e+00 6.139623641967773438e+00 5.975698947906494141e+00 6.621613502502441406e+00 5.028409957885742188e+00 7.091628551483154297e+00 7.985968589782714844e+00 7.266258716583251953e+00 7.341583728790283203e+00 5.878022670745849609e+00 6.050538539886474609e+00 8.391047477722167969e+00 8.134787559509277344e+00 6.844495296478271484e+00 7.215917110443115234e+00 7.448182582855224609e+00 4.985558986663818359e+00 8.118540763854980469e+00 5.623504638671875000e+00 3.906873464584350586e+00 4.357409477233886719e+00 4.856022357940673828e+00 0.000000000000000000e+00 4.580266952514648438e+00
5.242456912994384766e+00 6.388146877288818359e+00 5.735208034515380859e+00 6.681386470794677734e+00 6.734630107879638672e+00 5.695784091949462891e+00 5.809153079986572266e+00 3.810665130615234375e+00 5.498283386230468750e+00 5.854725837707519531e+00 5.267010688781738281e+00 4.223370075225830078e+00 6.172575473785400391e+00 5.842221736907958984e+00 5.713743209838867188e+00 6.398128032684326172e+00 6.498946666717529297e+00 5.028409957885742188e+00 6.789762496948242188e+00 6.359302520751953125e+00 6.484007835388183594e+00 4.779860019683837891e+00 6.690742969512939453e+00 6.050538539886474609e+00 6.422281742095947266e+00 5.218724727630615234e+00 5.740969181060791016e+00 6.042936801910400391e+00 5.075292110443115234e+00 4.985558986663818359e+00 5.174051284790039062e+00 3.965815305709838867e+00 4.466804504394531250e+00 4.969776153564453125e+00 4.580266952514648438e+00 0.000000000000000000e+00
