0.000000000000000000e+00 5.644179821014404297e+00 4.873938083648681641e+00 5.913234233856201172e+00 5.278857707977294922e+00 5.591382026672363281e+00 6.082506179809570312e+00 5.912324905395507812e+00 7.477407932281494141e+00 7.452446460723876953e+00 7.407781124114990234e+00 7.184382915496826172e+00 5.472916126251220703e+00 6.997893810272216797e+00 6.948135852813720703e+00 7.385692119598388672e+00 7.189946651458740234e+00 6.998062133789062500e+00 6.320057392120361328e+00 7.448680877685546875e+00 7.458322525024414062e+00 6.351197242736816406e+00 7.188107967376708984e+00 7.405666351318359375e+00 5.333882808685302734e+00 6.847193241119384766e+00 6.647027492523193359e+00 6.740036487579345703e+00 5.837038993835449219e+00 6.419129371643066406e+00 5.825310230255126953e+00 7.497042179107666016e+00 7.340915679931640625e+00 7.520645618438720703e+00 7.209267616271972656e+00 6.715249538421630859e+00
5.644179821014404297e+00 0.000000000000000000e+00 4.880471706390380859e+00 5.621539592742919922e+00 5.082616806030273438e+00 5.015629768371582031e+00 1.013665103912353516e+01 6.082506179809570312e+00 9.480158805847167969e+00 9.277520179748535156e+00 9.313426971435546875e+00 8.911026000976562500e+00 8.639945030212402344e+00 5.472916126251220703e+00 7.821725368499755859e+00 8.001429557800292969e+00 7.905760765075683594e+00 7.463572502136230469e+00 9.387063026428222656e+00 6.320057392120361328e+00 8.485714912414550781e+00 7.300008296966552734e+00 8.121121406555175781e+00 8.065601348876953125e+00 8.586623191833496094e+00 5.333882808685302734e+00 7.594058513641357422e+00 7.448925495147705078e+00 6.742455005645751953e+00 6.965718746185302734e+00 8.681956291198730469e+00 5.825309753417968750e+00 7.971081733703613281e+00 7.923437118530273438e+00 7.715281009674072266e+00 6.969428062438964844e+00
4.873938083648681641e+00 4.880471706390380859e+00 0.000000000000000000e+00 4.663559913635253906e+00 3.760471343994140625e+00 4.182291030883789062e+00 8.098929405212402344e+00 5.635453701019287109e+00 6.082506179809570312e+00 6.867454528808593750e+00 6.781632423400878906e+00 6.533290386199951172e+00 7.690224647521972656e+00 6.809127807617187500e+00 5.472916126251220703e+00 6.838303089141845703e+00 6.587989807128906250e+00 6.374351024627685547e+00 8.471730232238769531e+00 7.450966835021972656e+00 6.320057392120361328e+00 5.932282924652099609e+00 6.783474445343017578e+00 7.010258197784423828e+00 7.760682106018066406e+00 6.846085548400878906e+00 5.333883285522460938e+00 6.342961788177490234e+00 5.326202392578125000e+00 5.954480171203613281e+00 7.841553211212158203e+00 7.208906650543212891e+00 5.825309753417968750e+00 6.866078853607177734e+00 6.484505653381347656e+00 5.926469326019287109e+00
5.913234233856201172e+00 5.621539592742919922e+00 4.663559913635253906e+00 0.000000000000000000e+00 4.663985729217529297e+00 5.175656318664550781e+00 9.401460647583007812e+00 7.150159358978271484e+00 8.386262893676757812e+00 6.082506179809570312e+00 8.073778152465820312e+00 7.972671031951904297e+00 8.676971435546875000e+00 7.686751842498779297e+00 7.526009082794189453e+00 5.472915649414062500e+00 7.480136871337890625e+00 7.407255649566650391e+00 1.046332740783691406e+01 9.476263046264648438e+00 9.391052246093750000e+00 6.320057392120361328e+00 8.951373100280761719e+00 9.216262817382812500e+00 9.022482872009277344e+00 8.038503646850585938e+00 7.756612777709960938e+00 5.333882808685302734e+00 6.778346538543701172e+00 7.397137165069580078e+00 9.013380050659179688e+00 8.263838768005371094e+00 8.013927459716796875e+00 5.825309753417968750e+00 7.628920078277587891e+00 7.277286529541015625e+00
5.278857707977294922e+00 5.082616806030273438e+00 3.760471343994140625e+00 4.663985729217529297e+00 0.000000000000000000e+00 4.332963943481445312e+00 8.651659965515136719e+00 6.238574504852294922e+00 7.502365589141845703e+00 7.232799053192138672e+00 6.082506179809570312e+00 7.008165836334228516e+00 7.996434688568115234e+00 7.005038261413574219e+00 6.692255973815917969e+00 6.889027118682861328e+00 5.472916126251220703e+00 6.527458190917968750e+00 9.162425994873046875e+00 8.099360466003417969e+00 7.883718490600585938e+00 6.577590465545654297e+00 6.320057392120361328e+00 7.648233413696289062e+00 8.863536834716796875e+00 7.943922519683837891e+00 7.537538051605224609e+00 7.379712104797363281e+00 5.333883285522460938e+00 7.138758659362792969e+00 8.463309288024902344e+00 7.746541023254394531e+00 7.355402946472167969e+00 7.292021751403808594e+00 5.825309753417968750e+00 6.514033317565917969e+00
5.591382026672363281e+00 5.015629768371582031e+00 4.182291030883789062e+00 5.175656318664550781e+00 4.332963943481445312e+00 0.000000000000000000e+00 9.214418411254882812e+00 6.700778484344482422e+00 8.142050743103027344e+00 8.000319480895996094e+00 7.901172161102294922e+00 6.082506179809570312e+00 8.570873260498046875e+00 7.383345127105712891e+00 7.365893840789794922e+00 7.655914783477783203e+00 7.405879974365234375e+00 5.472916126251220703e+00 9.357855796813964844e+00 8.071270942687988281e+00 8.107135772705078125e+00 6.965744018554687500e+00 7.677234649658203125e+00 6.320057392120361328e+00 8.844348907470703125e+00 7.661100864410400391e+00 7.511850357055664062e+00 7.467116355895996094e+00 6.594535350799560547e+00 5.333882808685302734e+00 9.235854148864746094e+00 8.343178749084472656e+00 8.229735374450683594e+00 8.275531768798828125e+00 7.936308860778808594e+00 5.825309753417968750e+00
6.082506179809570312e+00 1.013665103912353516e+01 8.098929405212402344e+00 9.401460647583007812e+00 8.651659965515136719e+00 9.214418411254882812e+00 0.000000000000000000e+00 5.644179821014404297e+00 4.873938083648681641e+00 5.913234233856201172e+00 5.278857707977294922e+00 5.591382026672363281e+00 4.801009178161621094e+00 8.715815544128417969e+00 6.798088073730468750e+00 8.004347801208496094e+00 7.401365280151367188e+00 7.662559509277343750e+00 5.174563407897949219e+00 8.730055809020996094e+00 6.877504825592041016e+00 6.602646350860595703e+00 6.963467121124267578e+00 7.636879920959472656e+00 4.901660442352294922e+00 8.738310813903808594e+00 6.678283214569091797e+00 7.578147888183593750e+00 6.295632362365722656e+00 7.309327125549316406e+00 5.251791000366210938e+00 9.151544570922851562e+00 7.237170219421386719e+00 8.162808418273925781e+00 7.457118511199951172e+00 7.442224979400634766e+00
5.912324905395507812e+00 6.082506179809570312e+00 5.635453701019287109e+00 7.150159358978271484e+00 6.238574504852294922e+00 6.700778484344482422e+00 5.644179821014404297e+00 0.000000000000000000e+00 4.880471229553222656e+00 5.621539592742919922e+00 5.082616806030273438e+00 5.015629768371582031e+00 5.817857265472412109e+00 4.801009654998779297e+00 5.021825790405273438e+00 6.296504020690917969e+00 5.629197597503662109e+00 5.616832733154296875e+00 6.407172679901123047e+00 5.174563407897949219e+00 5.457361698150634766e+00 4.759128093719482422e+00 5.373594284057617188e+00 5.885058403015136719e+00 5.950463294982910156e+00 4.901660919189453125e+00 4.918146133422851562e+00 5.795572757720947266e+00 4.138431072235107422e+00 5.181140899658203125e+00 5.926666736602783203e+00 5.251791000366210938e+00 5.303553104400634766e+00 6.241323947906494141e+00 5.409489154815673828e+00 4.996700286865234375e+00
7.477407932281494141e+00 9.480158805847167969e+00 6.082506179809570312e+00 8.386262893676757812e+00 7.502365589141845703e+00 8.142050743103027344e+00 4.873938083648681641e+00 4.880471229553222656e+00 0.000000000000000000e+00 4.663560390472412109e+00 3.760471343994140625e+00 4.182291030883789062e+00 6.884469509124755859e+00 8.277599334716796875e+00 4.801009654998779297e+00 7.172378063201904297e+00 6.453369140625000000e+00 6.747872352600097656e+00 7.332304000854492188e+00 8.450291633605957031e+00 5.174563407897949219e+00 5.797300815582275391e+00 6.164088726043701172e+00 6.912397861480712891e+00 7.138882160186767578e+00 8.455908775329589844e+00 4.901660919189453125e+00 6.884247779846191406e+00 5.393688678741455078e+00 6.544948577880859375e+00 7.092003822326660156e+00 8.641350746154785156e+00 5.251791000366210938e+00 7.236977577209472656e+00 6.390881538391113281e+00 6.369824409484863281e+00
7.452446460723876953e+00 9.277520179748535156e+00 6.867454528808593750e+00 6.082506179809570312e+00 7.232799053192138672e+00 8.000319480895996094e+00 5.913234233856201172e+00 5.621539592742919922e+00 4.663560390472412109e+00 0.000000000000000000e+00 4.663985729217529297e+00 5.175656318664550781e+00 7.208499431610107422e+00 8.346067428588867188e+00 6.176889896392822266e+00 4.801009654998779297e+00 6.527868747711181641e+00 6.941550731658935547e+00 8.938117027282714844e+00 9.700840950012207031e+00 7.964992523193359375e+00 5.174563407897949219e+00 7.779704093933105469e+00 8.484886169433593750e+00 7.781831741333007812e+00 8.812906265258789062e+00 6.645094394683837891e+00 4.901660919189453125e+00 5.923318386077880859e+00 7.107350349426269531e+00 7.646165370941162109e+00 8.911335945129394531e+00 6.803407669067382812e+00 5.251791000366210938e+00 6.738785743713378906e+00 6.843009948730468750e+00
7.407781124114990234e+00 9.313426971435546875e+00 6.781632423400878906e+00 8.073778152465820312e+00 6.082506179809570312e+00 7.901172161102294922e+00 5.278857707977294922e+00 5.082616806030273438e+00 3.760471343994140625e+00 4.663985729217529297e+00 0.000000000000000000e+00 4.332963943481445312e+00 6.859435558319091797e+00 8.128807067871093750e+00 5.721511363983154297e+00 6.855058193206787109e+00 4.801009654998779297e+00 6.508583545684814453e+00 7.797116279602050781e+00 8.737429618835449219e+00 6.621065616607666016e+00 6.044331073760986328e+00 5.174563407897949219e+00 7.210099220275878906e+00 8.009385108947753906e+00 9.088011741638183594e+00 6.873352050781250000e+00 7.514811038970947266e+00 4.901660919189453125e+00 7.293484687805175781e+00 7.435501575469970703e+00 8.807157516479492188e+00 6.526986122131347656e+00 7.297732353210449219e+00 5.251791000366210938e+00 6.537335872650146484e+00
7.184382915496826172e+00 8.911026000976562500e+00 6.533290386199951172e+00 7.972671031951904297e+00 7.008165836334228516e+00 6.082506179809570312e+00 5.591382026672363281e+00 5.015629768371582031e+00 4.182291030883789062e+00 5.175656318664550781e+00 4.332963943481445312e+00 0.000000000000000000e+00 7.064819335937500000e+00 8.053796768188476562e+00 5.962274551391601562e+00 7.175590515136718750e+00 6.425486564636230469e+00 4.801009654998779297e+00 7.599827289581298828e+00 8.320539474487304688e+00 6.383892536163330078e+00 5.927372932434082031e+00 6.254265785217285156e+00 5.174563407897949219e+00 7.559986591339111328e+00 8.457034111022949219e+00 6.340293407440185547e+00 7.149334907531738281e+00 5.692697048187255859e+00 4.901660919189453125e+00 7.893225193023681641e+00 8.972663879394531250e+00 7.040672779083251953e+00 7.868333816528320312e+00 7.069299221038818359e+00 5.251791000366210938e+00
5.472916126251220703e+00 8.639945030212402344e+00 7.690224647521972656e+00 8.676971435546875000e+00 7.996434688568115234e+00 8.570873260498046875e+00 4.801009178161621094e+00 5.817857265472412109e+00 6.884469509124755859e+00 7.208499431610107422e+00 6.859435558319091797e+00 7.064819335937500000e+00 0.000000000000000000e+00 5.644179821014404297e+00 4.873937606811523438e+00 5.913234233856201172e+00 5.278857707977294922e+00 5.591382026672363281e+00 5.546899318695068359e+00 7.690700531005859375e+00 7.202986717224121094e+00 6.444638729095458984e+00 6.972638130187988281e+00 7.610016345977783203e+00 5.004639148712158203e+00 7.504612922668457031e+00 6.797833919525146484e+00 7.238431453704833984e+00 6.065553665161132812e+00 7.074236392974853516e+00 5.194214820861816406e+00 7.879742145538330078e+00 7.236445903778076172e+00 7.744445800781250000e+00 7.151433467864990234e+00 7.098147869110107422e+00
6.997893810272216797e+00 5.472916126251220703e+00 6.809127807617187500e+00 7.686751842498779297e+00 7.005038261413574219e+00 7.383345127105712891e+00 8.715815544128417969e+00 4.801009654998779297e+00 8.277599334716796875e+00 8.346067428588867188e+00 8.128807067871093750e+00 8.053796768188476562e+00 5.644179821014404297e+00 0.000000000000000000e+00 4.880471229553222656e+00 5.621539592742919922e+00 5.082616806030273438e+00 5.015629768371582031e+00 8.130366325378417969e+00 5.546899318695068359e+00 7.444778919219970703e+00 6.453427314758300781e+00 7.075473308563232422e+00 7.435275077819824219e+00 7.582027912139892578e+00 5.004639148712158203e+00 6.845308780670166016e+00 7.043737411499023438e+00 5.944876670837402344e+00 6.672463893890380859e+00 7.455396652221679688e+00 5.194214344024658203e+00 7.012573242187500000e+00 7.304664134979248047e+00 6.771702289581298828e+00 6.404919147491455078e+00
6.948135852813720703e+00 7.821725368499755859e+00 5.472916126251220703e+00 7.526009082794189453e+00 6.692255973815917969e+00 7.365893840789794922e+00 6.798088073730468750e+00 5.021825790405273438e+00 4.801009654998779297e+00 6.176889896392822266e+00 5.721511363983154297e+00 5.962274551391601562e+00 4.873937606811523438e+00 4.880471229553222656e+00 0.000000000000000000e+00 4.663560390472412109e+00 3.760471343994140625e+00 4.182291030883789062e+00 7.560668468475341797e+00 7.331401824951171875e+00 5.546899795532226562e+00 5.563826560974121094e+00 6.126404285430908203e+00 6.839641094207763672e+00 7.168877601623535156e+00 7.132501602172851562e+00 5.004639148712158203e+00 6.462854385375976562e+00 5.065261840820312500e+00 6.234095573425292969e+00 7.007432937622070312e+00 7.240272521972656250e+00 5.194214344024658203e+00 6.717729091644287109e+00 5.982205390930175781e+00 5.914447307586669922e+00
7.385692119598388672e+00 8.001429557800292969e+00 6.838303089141845703e+00 5.472915649414062500e+00 6.889027118682861328e+00 7.655914783477783203e+00 8.004347801208496094e+00 6.296504020690917969e+00 7.172378063201904297e+00 4.801009654998779297e+00 6.855058193206787109e+00 7.175590515136718750e+00 5.913234233856201172e+00 5.621539592742919922e+00 4.663560390472412109e+00 0.000000000000000000e+00 4.663985729217529297e+00 5.175656318664550781e+00 9.483431816101074219e+00 9.115529060363769531e+00 8.606834411621093750e+00 5.546899318695068359e+00 8.167323112487792969e+00 8.811202049255371094e+00 8.223782539367675781e+00 7.980100154876708984e+00 7.198744773864746094e+00 5.004639148712158203e+00 6.188312530517578125e+00 7.292910099029541016e+00 7.994745731353759766e+00 7.987804889678955078e+00 7.233909130096435547e+00 5.194214344024658203e+00 6.855594158172607422e+00 6.919344425201416016e+00
7.189946651458740234e+00 7.905760765075683594e+00 6.587989807128906250e+00 7.480136871337890625e+00 5.472916126251220703e+00 7.405879974365234375e+00 7.401365280151367188e+00 5.629197597503662109e+00 6.453369140625000000e+00 6.527868747711181641e+00 4.801009654998779297e+00 6.425486564636230469e+00 5.278857707977294922e+00 5.082616806030273438e+00 3.760471343994140625e+00 4.663985729217529297e+00 0.000000000000000000e+00 4.332963943481445312e+00 8.285600662231445312e+00 7.946058750152587891e+00 7.230881690979003906e+00 6.191650867462158203e+00 5.546899795532226562e+00 7.445812225341796875e+00 8.308704376220703125e+00 8.149677276611328125e+00 7.260733127593994141e+00 7.436607837677001953e+00 5.004639148712158203e+00 7.326503753662109375e+00 7.651759147644042969e+00 7.731090545654296875e+00 6.815808296203613281e+00 7.103948593139648438e+00 5.194214344024658203e+00 6.449645996093750000e+00
6.998062133789062500e+00 7.463572502136230469e+00 6.374351024627685547e+00 7.407255649566650391e+00 6.527458190917968750e+00 5.472916126251220703e+00 7.662559509277343750e+00 5.616832733154296875e+00 6.747872352600097656e+00 6.941550731658935547e+00 6.508583545684814453e+00 4.801009654998779297e+00 5.591382026672363281e+00 5.015629768371582031e+00 4.182291030883789062e+00 5.175656318664550781e+00 4.332963943481445312e+00 0.000000000000000000e+00 8.133323669433593750e+00 7.521033763885498047e+00 7.052559852600097656e+00 6.121580600738525391e+00 6.606452941894531250e+00 5.546899795532226562e+00 7.910442829132080078e+00 7.475569248199462891e+00 6.797940254211425781e+00 7.105007171630859375e+00 5.827891826629638672e+00 5.004639148712158203e+00 8.130383491516113281e+00 7.952975749969482422e+00 7.345894336700439453e+00 7.723810672760009766e+00 7.064768314361572266e+00 5.194214344024658203e+00
6.320057392120361328e+00 9.387063026428222656e+00 8.471730232238769531e+00 1.046332740783691406e+01 9.162425994873046875e+00 9.357855796813964844e+00 5.174563407897949219e+00 6.407172679901123047e+00 7.332304000854492188e+00 8.938117027282714844e+00 7.797116279602050781e+00 7.599827289581298828e+00 5.546899318695068359e+00 8.130366325378417969e+00 7.560668468475341797e+00 9.483431816101074219e+00 8.285600662231445312e+00 8.133323669433593750e+00 0.000000000000000000e+00 5.644179821014404297e+00 4.873938083648681641e+00 5.913234233856201172e+00 5.278857707977294922e+00 5.591382026672363281e+00 4.817541599273681641e+00 7.613113880157470703e+00 6.856616497039794922e+00 8.646285057067871094e+00 6.705966472625732422e+00 7.233699321746826172e+00 5.526369571685791016e+00 8.314397811889648438e+00 7.652933597564697266e+00 9.366877555847167969e+00 8.044914245605468750e+00 7.619966506958007812e+00
7.448680877685546875e+00 6.320057392120361328e+00 7.450966835021972656e+00 9.476263046264648438e+00 8.099360466003417969e+00 8.071270942687988281e+00 8.730055809020996094e+00 5.174563407897949219e+00 8.450291633605957031e+00 9.700840950012207031e+00 8.737429618835449219e+00 8.320539474487304688e+00 7.690700531005859375e+00 5.546899318695068359e+00 7.331401824951171875e+00 9.115529060363769531e+00 7.946058750152587891e+00 7.521033763885498047e+00 5.644179821014404297e+00 0.000000000000000000e+00 4.880471229553222656e+00 5.621539592742919922e+00 5.082616806030273438e+00 5.015629768371582031e+00 7.222980976104736328e+00 4.817541599273681641e+00 6.647022247314453125e+00 8.276448249816894531e+00 6.327923774719238281e+00 6.582201957702636719e+00 7.460955142974853516e+00 5.526369571685791016e+00 7.204126358032226562e+00 8.811475753784179688e+00 7.480348110198974609e+00 6.724967956542968750e+00
7.458322525024414062e+00 8.485714912414550781e+00 6.320057392120361328e+00 9.391052246093750000e+00 7.883718490600585938e+00 8.107135772705078125e+00 6.877504825592041016e+00 5.457361698150634766e+00 5.174563407897949219e+00 7.964992523193359375e+00 6.621065616607666016e+00 6.383892536163330078e+00 7.202986717224121094e+00 7.444778919219970703e+00 5.546899795532226562e+00 8.606834411621093750e+00 7.230881690979003906e+00 7.052559852600097656e+00 4.873938083648681641e+00 4.880471229553222656e+00 0.000000000000000000e+00 4.663560390472412109e+00 3.760471343994140625e+00 4.182291030883789062e+00 6.849434852600097656e+00 7.062047004699707031e+00 4.817541599273681641e+00 7.841651439666748047e+00 5.585299491882324219e+00 6.205255985260009766e+00 7.072812080383300781e+00 7.537909507751464844e+00 5.526369571685791016e+00 8.381497383117675781e+00 6.835501194000244141e+00 6.326178550720214844e+00
6.351197242736816406e+00 7.300008296966552734e+00 5.932282924652099609e+00 6.320057392120361328e+00 6.577590465545654297e+00 6.965744018554687500e+00 6.602646350860595703e+00 4.759128093719482422e+00 5.797300815582275391e+00 5.174563407897949219e+00 6.044331073760986328e+00 5.927372932434082031e+00 6.444638729095458984e+00 6.453427314758300781e+00 5.563826560974121094e+00 5.546899318695068359e+00 6.191650867462158203e+00 6.121580600738525391e+00 5.913234233856201172e+00 5.621539592742919922e+00 4.663560390472412109e+00 0.000000000000000000e+00 4.663985252380371094e+00 5.175656318664550781e+00 6.449172496795654297e+00 6.412583351135253906e+00 5.331369400024414062e+00 4.817541599273681641e+00 4.719448566436767578e+00 5.591696739196777344e+00 6.578433990478515625e+00 6.829556941986083984e+00 5.859147548675537109e+00 5.526369571685791016e+00 6.031231880187988281e+00 5.599683284759521484e+00
7.188107967376708984e+00 8.121121406555175781e+00 6.783474445343017578e+00 8.951373100280761719e+00 6.320057392120361328e+00 7.677234649658203125e+00 6.963467121124267578e+00 5.373594284057617188e+00 6.164088726043701172e+00 7.779704093933105469e+00 5.174563407897949219e+00 6.254265785217285156e+00 6.972638130187988281e+00 7.075473308563232422e+00 6.126404285430908203e+00 8.167323112487792969e+00 5.546899795532226562e+00 6.606452941894531250e+00 5.278857707977294922e+00 5.082616806030273438e+00 3.760471343994140625e+00 4.663985252380371094e+00 0.000000000000000000e+00 4.332963943481445312e+00 7.561753273010253906e+00 7.618449687957763672e+00 6.595766067504882812e+00 8.224946022033691406e+00 4.817541599273681641e+00 6.778090000152587891e+00 7.217586994171142578e+00 7.536040306091308594e+00 6.529910087585449219e+00 8.259012222290039062e+00 5.526369571685791016e+00 6.265889644622802734e+00
7.405666351318359375e+00 8.065601348876953125e+00 7.010258197784423828e+00 9.216262817382812500e+00 7.648233413696289062e+00 6.320057392120361328e+00 7.636879920959472656e+00 5.885058403015136719e+00 6.912397861480712891e+00 8.484886169433593750e+00 7.210099220275878906e+00 5.174563407897949219e+00 7.610016345977783203e+00 7.435275077819824219e+00 6.839641094207763672e+00 8.811202049255371094e+00 7.445812225341796875e+00 5.546899795532226562e+00 5.591382026672363281e+00 5.015629768371582031e+00 4.182291030883789062e+00 5.175656318664550781e+00 4.332963943481445312e+00 0.000000000000000000e+00 7.524500846862792969e+00 7.307880878448486328e+00 6.549452304840087891e+00 8.290065765380859375e+00 6.166366100311279297e+00 4.817541599273681641e+00 8.095970153808593750e+00 8.134457588195800781e+00 7.486260414123535156e+00 9.126877784729003906e+00 7.705147266387939453e+00 5.526369571685791016e+00
5.333882808685302734e+00 8.586623191833496094e+00 7.760682106018066406e+00 9.022482872009277344e+00 8.863536834716796875e+00 8.844348907470703125e+00 4.901660442352294922e+00 5.950463294982910156e+00 7.138882160186767578e+00 7.781831741333007812e+00 8.009385108947753906e+00 7.559986591339111328e+00 5.004639148712158203e+00 7.582027912139892578e+00 7.168877601623535156e+00 8.223782539367675781e+00 8.308704376220703125e+00 7.910442829132080078e+00 4.817541599273681641e+00 7.222980976104736328e+00 6.849434852600097656e+00 6.449172496795654297e+00 7.561753273010253906e+00 7.524500846862792969e+00 0.000000000000000000e+00 5.644179821014404297e+00 4.873937606811523438e+00 5.913234233856201172e+00 5.278857707977294922e+00 5.591382026672363281e+00 4.680511951446533203e+00 7.589572906494140625e+00 7.062903404235839844e+00 7.907061576843261719e+00 7.886198997497558594e+00 7.181655406951904297e+00
6.847193241119384766e+00 5.333882808685302734e+00 6.846085548400878906e+00 8.038503646850585938e+00 7.943922519683837891e+00 7.661100864410400391e+00 8.738310813903808594e+00 4.901660919189453125e+00 8.455908775329589844e+00 8.812906265258789062e+00 9.088011741638183594e+00 8.457034111022949219e+00 7.504612922668457031e+00 5.004639148712158203e+00 7.132501602172851562e+00 7.980100154876708984e+00 8.149677276611328125e+00 7.475569248199462891e+00 7.613113880157470703e+00 4.817541599273681641e+00 7.062047004699707031e+00 6.412583351135253906e+00 7.618449687957763672e+00 7.307880878448486328e+00 5.644179821014404297e+00 0.000000000000000000e+00 4.880471706390380859e+00 5.621539592742919922e+00 5.082616806030273438e+00 5.015629768371582031e+00 7.065854072570800781e+00 4.680511951446533203e+00 6.790484428405761719e+00 7.437695980072021484e+00 7.504740238189697266e+00 6.452247619628906250e+00
6.647027492523193359e+00 7.594058513641357422e+00 5.333883285522460938e+00 7.756612777709960938e+00 7.537538051605224609e+00 7.511850357055664062e+00 6.678283214569091797e+00 4.918146133422851562e+00 4.901660919189453125e+00 6.645094394683837891e+00 6.873352050781250000e+00 6.340293407440185547e+00 6.797833919525146484e+00 6.845308780670166016e+00 5.004639148712158203e+00 7.198744773864746094e+00 7.260733127593994141e+00 6.797940254211425781e+00 6.856616497039794922e+00 6.647022247314453125e+00 4.817541599273681641e+00 5.331369400024414062e+00 6.595766067504882812e+00 6.549452304840087891e+00 4.873937606811523438e+00 4.880471706390380859e+00 0.000000000000000000e+00 4.663560390472412109e+00 3.760471343994140625e+00 4.182291030883789062e+00 6.437415122985839844e+00 6.733624935150146484e+00 4.680511951446533203e+00 6.714307785034179688e+00 6.651676177978515625e+00 5.795000553131103516e+00
6.740036487579345703e+00 7.448925495147705078e+00 6.342961788177490234e+00 5.333882808685302734e+00 7.379712104797363281e+00 7.467116355895996094e+00 7.578147888183593750e+00 5.795572757720947266e+00 6.884247779846191406e+00 4.901660919189453125e+00 7.514811038970947266e+00 7.149334907531738281e+00 7.238431453704833984e+00 7.043737411499023438e+00 6.462854385375976562e+00 5.004639148712158203e+00 7.436607837677001953e+00 7.105007171630859375e+00 8.646285057067871094e+00 8.276448249816894531e+00 7.841651439666748047e+00 4.817541599273681641e+00 8.224946022033691406e+00 8.290065765380859375e+00 5.913234233856201172e+00 5.621539592742919922e+00 4.663560390472412109e+00 0.000000000000000000e+00 4.663985729217529297e+00 5.175656318664550781e+00 7.157194137573242188e+00 7.190164089202880859e+00 6.498464584350585938e+00 4.680511951446533203e+00 7.101440906524658203e+00 6.438318729400634766e+00
5.837038993835449219e+00 6.742455005645751953e+00 5.326202392578125000e+00 6.778346538543701172e+00 5.333883285522460938e+00 6.594535350799560547e+00 6.295632362365722656e+00 4.138431072235107422e+00 5.393688678741455078e+00 5.923318386077880859e+00 4.901660919189453125e+00 5.692697048187255859e+00 6.065553665161132812e+00 5.944876670837402344e+00 5.065261840820312500e+00 6.188312530517578125e+00 5.004639148712158203e+00 5.827891826629638672e+00 6.705966472625732422e+00 6.327923774719238281e+00 5.585299491882324219e+00 4.719448566436767578e+00 4.817541599273681641e+00 6.166366100311279297e+00 5.278857707977294922e+00 5.082616806030273438e+00 3.760471343994140625e+00 4.663985729217529297e+00 0.000000000000000000e+00 4.332963943481445312e+00 6.111868381500244141e+00 6.257735252380371094e+00 5.277488708496093750e+00 6.073668003082275391e+00 4.680511951446533203e+00 5.164165019989013672e+00
6.419129371643066406e+00 6.965718746185302734e+00 5.954480171203613281e+00 7.397137165069580078e+00 7.138758659362792969e+00 5.333882808685302734e+00 7.309327125549316406e+00 5.181140899658203125e+00 6.544948577880859375e+00 7.107350349426269531e+00 7.293484687805175781e+00 4.901660919189453125e+00 7.074236392974853516e+00 6.672463893890380859e+00 6.234095573425292969e+00 7.292910099029541016e+00 7.326503753662109375e+00 5.004639148712158203e+00 7.233699321746826172e+00 6.582201957702636719e+00 6.205255985260009766e+00 5.591696739196777344e+00 6.778090000152587891e+00 4.817541599273681641e+00 5.591382026672363281e+00 5.015629768371582031e+00 4.182291030883789062e+00 5.175656318664550781e+00 4.332963943481445312e+00 0.000000000000000000e+00 7.400359630584716797e+00 7.245409965515136719e+00 6.724245071411132812e+00 7.479123115539550781e+00 7.395602703094482422e+00 4.680511951446533203e+00
5.825310230255126953e+00 8.681956291198730469e+00 7.841553211212158203e+00 9.013380050659179688e+00 8.463309288024902344e+00 9.235854148864746094e+00 5.251791000366210938e+00 5.926666736602783203e+00 7.092003822326660156e+00 7.646165370941162109e+00 7.435501575469970703e+00 7.893225193023681641e+00 5.194214820861816406e+00 7.455396652221679688e+00 7.007432937622070312e+00 7.994745731353759766e+00 7.651759147644042969e+00 8.130383491516113281e+00 5.526369571685791016e+00 7.460955142974853516e+00 7.072812080383300781e+00 6.578433990478515625e+00 7.217586994171142578e+00 8.095970153808593750e+00 4.680511951446533203e+00 7.065854072570800781e+00 6.437415122985839844e+00 7.157194137573242188e+00 6.111868381500244141e+00 7.400359630584716797e+00 0.000000000000000000e+00 5.644179821014404297e+00 4.873938083648681641e+00 5.913234233856201172e+00 5.278857707977294922e+00 5.591382026672363281e+00
7.497042179107666016e+00 5.825309753417968750e+00 7.208906650543212891e+00 8.263838768005371094e+00 7.746541023254394531e+00 8.343178749084472656e+00 9.151544570922851562e+00 5.251791000366210938e+00 8.641350746154785156e+00 8.911335945129394531e+00 8.807157516479492188e+00 8.972663879394531250e+00 7.879742145538330078e+00 5.194214344024658203e+00 7.240272521972656250e+00 7.987804889678955078e+00 7.731090545654296875e+00 7.952975749969482422e+00 8.314397811889648438e+00 5.526369571685791016e+00 7.537909507751464844e+00 6.829556941986083984e+00 7.536040306091308594e+00 8.134457588195800781e+00 7.589572906494140625e+00 4.680511951446533203e+00 6.733624935150146484e+00 7.190164089202880859e+00 6.257735252380371094e+00 7.245409965515136719e+00 5.644179821014404297e+00 0.000000000000000000e+00 4.880471229553222656e+00 5.621539592742919922e+00 5.082616806030273438e+00 5.015629768371582031e+00
7.340915679931640625e+00 7.971081733703613281e+00 5.825309753417968750e+00 8.013927459716796875e+00 7.355402946472167969e+00 8.229735374450683594e+00 7.237170219421386719e+00 5.303553104400634766e+00 5.251791000366210938e+00 6.803407669067382812e+00 6.526986122131347656e+00 7.040672779083251953e+00 7.236445903778076172e+00 7.012573242187500000e+00 5.194214344024658203e+00 7.233909130096435547e+00 6.815808296203613281e+00 7.345894336700439453e+00 7.652933597564697266e+00 7.204126358032226562e+00 5.526369571685791016e+00 5.859147548675537109e+00 6.529910087585449219e+00 7.486260414123535156e+00 7.062903404235839844e+00 6.790484428405761719e+00 4.680511951446533203e+00 6.498464584350585938e+00 5.277488708496093750e+00 6.724245071411132812e+00 4.873938083648681641e+00 4.880471229553222656e+00 0.000000000000000000e+00 4.663559913635253906e+00 3.760471343994140625e+00 4.182291030883789062e+00
7.520645618438720703e+00 7.923437118530273438e+00 6.866078853607177734e+00 5.825309753417968750e+00 7.292021751403808594e+00 8.275531768798828125e+00 8.162808418273925781e+00 6.241323947906494141e+00 7.236977577209472656e+00 5.251791000366210938e+00 7.297732353210449219e+00 7.868333816528320312e+00 7.744445800781250000e+00 7.304664134979248047e+00 6.717729091644287109e+00 5.194214344024658203e+00 7.103948593139648438e+00 7.723810672760009766e+00 9.366877555847167969e+00 8.811475753784179688e+00 8.381497383117675781e+00 5.526369571685791016e+00 8.259012222290039062e+00 9.126877784729003906e+00 7.907061576843261719e+00 7.437695980072021484e+00 6.714307785034179688e+00 4.680511951446533203e+00 6.073668003082275391e+00 7.479123115539550781e+00 5.913234233856201172e+00 5.621539592742919922e+00 4.663559913635253906e+00 0.000000000000000000e+00 4.663985729217529297e+00 5.175656318664550781e+00
7.209267616271972656e+00 7.715281009674072266e+00 6.484505653381347656e+00 7.628920078277587891e+00 5.825309753417968750e+00 7.936308860778808594e+00 7.457118511199951172e+00 5.409489154815673828e+00 6.390881538391113281e+00 6.738785743713378906e+00 5.251791000366210938e+00 7.069299221038818359e+00 7.151433467864990234e+00 6.771702289581298828e+00 5.982205390930175781e+00 6.855594158172607422e+00 5.194214344024658203e+00 7.064768314361572266e+00 8.044914245605468750e+00 7.480348110198974609e+00 6.835501194000244141e+00 6.031231880187988281e+00 5.526369571685791016e+00 7.705147266387939453e+00 7.886198997497558594e+00 7.504740238189697266e+00 6.651676177978515625e+00 7.101440906524658203e+00 4.680511951446533203e+00 7.395602703094482422e+00 5.278857707977294922e+00 5.082616806030273438e+00 3.760471343994140625e+00 4.663985729217529297e+00 0.000000000000000000e+00 4.332963943481445312e+00
6.715249538421630859e+00 6.969428062438964844e+00 5.926469326019287109e+00 7.277286529541015625e+00 6.514033317565917969e+00 5.825309753417968750e+00 7.442224979400634766e+00 4.996700286865234375e+00 6.369824409484863281e+00 6.843009948730468750e+00 6.537335872650146484e+00 5.251791000366210938e+00 7.098147869110107422e+00 6.404919147491455078e+00 5.914447307586669922e+00 6.919344425201416016e+00 6.449645996093750000e+00 5.194214344024658203e+00 7.619966506958007812e+00 6.724967956542968750e+00 6.326178550720214844e+00 5.599683284759521484e+00 6.265889644622802734e+00 5.526369571685791016e+00 7.181655406951904297e+00 6.452247619628906250e+00 5.795000553131103516e+00 6.438318729400634766e+00 5.164165019989013672e+00 4.680511951446533203e+00 5.591382026672363281e+00 5.015629768371582031e+00 4.182291030883789062e+00 5.175656318664550781e+00 4.332963943481445312e+00 0.000000000000000000e+00
