0.000000000000000000e+00 7.804745674133300781e+00 6.686484336853027344e+00 1.037056541442871094e+01 8.061943054199218750e+00 7.227830410003662109e+00 1.003431606292724609e+01 8.733096122741699219e+00 1.129316902160644531e+01 1.366248130798339844e+01 1.108252143859863281e+01 1.037149906158447266e+01 1.207552623748779297e+01 1.289623165130615234e+01 1.281686305999755859e+01 1.479884433746337891e+01 1.350284957885742188e+01 1.316886997222900391e+01 1.378114032745361328e+01 1.461332607269287109e+01 1.465722465515136719e+01 1.210035991668701172e+01 1.453973770141601562e+01 1.436235713958740234e+01 8.489651679992675781e+00 9.365246772766113281e+00 9.416838645935058594e+00 1.240574264526367188e+01 9.023719787597656250e+00 9.494860649108886719e+00 8.320726394653320312e+00 9.540788650512695312e+00 8.686306953430175781e+00 1.235173034667968750e+01 9.601222991943359375e+00 9.410287857055664062e+00
7.804745674133300781e+00 0.000000000000000000e+00 7.301834106445312500e+00 1.129055023193359375e+01 7.752794742584228516e+00 6.525662899017333984e+00 1.571420097351074219e+01 1.003431606292724609e+01 1.488213634490966797e+01 1.708584022521972656e+01 1.425720214843750000e+01 1.353681564331054688e+01 1.572107028961181641e+01 1.207552623748779297e+01 1.460477066040039062e+01 1.671386718750000000e+01 1.475999546051025391e+01 1.428921031951904297e+01 1.697405433654785156e+01 1.378114032745361328e+01 1.614702796936035156e+01 1.426994037628173828e+01 1.561407947540283203e+01 1.529394245147705078e+01 1.335172748565673828e+01 8.489651679992675781e+00 1.194005680084228516e+01 1.480238914489746094e+01 1.103715610504150391e+01 1.121496868133544922e+01 1.301039791107177734e+01 8.320727348327636719e+00 1.109871768951416016e+01 1.454699420928955078e+01 1.124349880218505859e+01 1.086361598968505859e+01
6.686484336853027344e+00 7.301834106445312500e+00 0.000000000000000000e+00 1.051902103424072266e+01 7.048486709594726562e+00 6.793445110321044922e+00 1.277722454071044922e+01 9.302180290222167969e+00 1.003431606292724609e+01 1.440921497344970703e+01 1.119684886932373047e+01 1.092420482635498047e+01 1.472354888916015625e+01 1.360040283203125000e+01 1.207552623748779297e+01 1.575951862335205078e+01 1.390210914611816406e+01 1.391344451904296875e+01 1.595066165924072266e+01 1.502487182617187500e+01 1.378114032745361328e+01 1.301209545135498047e+01 1.469302272796630859e+01 1.483176994323730469e+01 1.203701305389404297e+01 1.040273952484130859e+01 8.489651679992675781e+00 1.360551452636718750e+01 9.706707954406738281e+00 1.059094715118408203e+01 1.234646511077880859e+01 1.104178428649902344e+01 8.320727348327636719e+00 1.393406200408935547e+01 1.074064064025878906e+01 1.099793148040771484e+01
1.037056541442871094e+01 1.129055023193359375e+01 1.051902103424072266e+01 0.000000000000000000e+00 1.037512111663818359e+01 1.059812450408935547e+01 1.515944576263427734e+01 1.282194042205810547e+01 1.466455364227294922e+01 1.003431606292724609e+01 1.367637538909912109e+01 1.375570487976074219e+01 1.696255111694335938e+01 1.634736824035644531e+01 1.626572608947753906e+01 1.207552623748779297e+01 1.610392379760742188e+01 1.636639976501464844e+01 2.117824745178222656e+01 2.076442718505859375e+01 2.078039169311523438e+01 1.378114128112792969e+01 2.012714385986328125e+01 2.043051147460937500e+01 1.432980060577392578e+01 1.341605949401855469e+01 1.342899513244628906e+01 8.489651679992675781e+00 1.223912143707275391e+01 1.326466846466064453e+01 1.417748165130615234e+01 1.348358249664306641e+01 1.286897659301757812e+01 8.320727348327636719e+00 1.261148548126220703e+01 1.314724540710449219e+01
8.061943054199218750e+00 7.752794742584228516e+00 7.048486709594726562e+00 1.037512111663818359e+01 0.000000000000000000e+00 7.526743888854980469e+00 1.444100284576416016e+01 1.087744522094726562e+01 1.324265480041503906e+01 1.515315437316894531e+01 1.003431606292724609e+01 1.244340991973876953e+01 1.546931171417236328e+01 1.392805957794189453e+01 1.406166362762451172e+01 1.573488616943359375e+01 1.207552623748779297e+01 1.436369895935058594e+01 1.727499961853027344e+01 1.600786781311035156e+01 1.622704696655273438e+01 1.378492069244384766e+01 1.378114032745361328e+01 1.594360256195068359e+01 1.388202762603759766e+01 1.193906211853027344e+01 1.221844959259033203e+01 1.447889995574951172e+01 8.489651679992675781e+00 1.225578784942626953e+01 1.327687358856201172e+01 1.150062465667724609e+01 1.106661415100097656e+01 1.395369911193847656e+01 8.320727348327636719e+00 1.161937141418457031e+01
7.227830410003662109e+00 6.525662899017333984e+00 6.793445110321044922e+00 1.059812450408935547e+01 7.526743888854980469e+00 0.000000000000000000e+00 1.408155059814453125e+01 1.016357231140136719e+01 1.320373249053955078e+01 1.538817977905273438e+01 1.264279651641845703e+01 1.003431606292724609e+01 1.492315769195556641e+01 1.313863468170166016e+01 1.379690170288085938e+01 1.576128673553466797e+01 1.409342670440673828e+01 1.207552623748779297e+01 1.667469406127929688e+01 1.520209026336669922e+01 1.587954998016357422e+01 1.367751407623291016e+01 1.545784568786621094e+01 1.378114032745361328e+01 1.258884525299072266e+01 1.017552852630615234e+01 1.114818286895751953e+01 1.388659095764160156e+01 1.035605144500732422e+01 8.489651679992675781e+00 1.242572212219238281e+01 1.027712917327880859e+01 1.047932624816894531e+01 1.379345512390136719e+01 1.080568981170654297e+01 8.320727348327636719e+00
1.003431606292724609e+01 1.571420097351074219e+01 1.277722454071044922e+01 1.515944576263427734e+01 1.444100284576416016e+01 1.408155059814453125e+01 0.000000000000000000e+00 7.804745674133300781e+00 6.686484336853027344e+00 1.037056541442871094e+01 8.061943054199218750e+00 7.227830410003662109e+00 1.125253295898437500e+01 1.524626159667968750e+01 1.276456069946289062e+01 1.487883186340332031e+01 1.435229015350341797e+01 1.412732696533203125e+01 1.219424057006835938e+01 1.605190086364746094e+01 1.383744049072265625e+01 1.125926780700683594e+01 1.459601783752441406e+01 1.450579166412353516e+01 6.044634819030761719e+00 1.172629070281982422e+01 8.426218032836914062e+00 1.182956504821777344e+01 9.420779228210449219e+00 9.998842239379882812e+00 6.125197410583496094e+00 1.202683639526367188e+01 7.848335742950439453e+00 1.193404865264892578e+01 1.016499710083007812e+01 1.010930728912353516e+01
8.733096122741699219e+00 1.003431606292724609e+01 9.302180290222167969e+00 1.282194042205810547e+01 1.087744522094726562e+01 1.016357231140136719e+01 7.804745674133300781e+00 0.000000000000000000e+00 7.301834106445312500e+00 1.129055023193359375e+01 7.752794265747070312e+00 6.525662899017333984e+00 1.194230270385742188e+01 1.125253295898437500e+01 1.125285530090332031e+01 1.401401424407958984e+01 1.249736499786376953e+01 1.204197311401367188e+01 1.271076393127441406e+01 1.219424057006835938e+01 1.233014392852783203e+01 9.932219505310058594e+00 1.265324592590332031e+01 1.235761928558349609e+01 7.576111316680908203e+00 6.044634819030761719e+00 6.289249897003173828e+00 1.094587898254394531e+01 6.618743896484375000e+00 7.089808940887451172e+00 7.226299285888671875e+00 6.125197410583496094e+00 4.898099899291992188e+00 1.077667427062988281e+01 7.226710796356201172e+00 6.806477069854736328e+00
1.129316902160644531e+01 1.488213634490966797e+01 1.003431606292724609e+01 1.466455364227294922e+01 1.324265480041503906e+01 1.320373249053955078e+01 6.686484336853027344e+00 7.301834106445312500e+00 0.000000000000000000e+00 1.051902103424072266e+01 7.048486709594726562e+00 6.793445110321044922e+00 1.340608596801757812e+01 1.527238655090332031e+01 1.125253295898437500e+01 1.526025581359863281e+01 1.410918235778808594e+01 1.420863342285156250e+01 1.397649383544921875e+01 1.587450981140136719e+01 1.219424057006835938e+01 1.148068332672119141e+01 1.413024425506591797e+01 1.436179542541503906e+01 9.565155982971191406e+00 1.183867073059082031e+01 6.044634819030761719e+00 1.238084411621093750e+01 9.147832870483398438e+00 1.020449638366699219e+01 1.014188671112060547e+01 1.255700016021728516e+01 6.125196933746337891e+00 1.289005184173583984e+01 1.042325019836425781e+01 1.080454444885253906e+01
1.366248130798339844e+01 1.708584022521972656e+01 1.440921497344970703e+01 1.003431606292724609e+01 1.515315437316894531e+01 1.538817977905273438e+01 1.037056541442871094e+01 1.129055023193359375e+01 1.051902103424072266e+01 0.000000000000000000e+00 1.037512111663818359e+01 1.059812450408935547e+01 1.571485328674316406e+01 1.765784454345703125e+01 1.554552078247070312e+01 1.125253295898437500e+01 1.616864013671875000e+01 1.650601387023925781e+01 1.963988494873046875e+01 2.130030632019042969e+01 1.966958236694335938e+01 1.219424057006835938e+01 1.962572288513183594e+01 1.999934387207031250e+01 1.217513370513916016e+01 1.442969131469726562e+01 1.187811279296875000e+01 6.044634819030761719e+00 1.164246463775634766e+01 1.281417942047119141e+01 1.215367507934570312e+01 1.462369441986083984e+01 1.140974426269531250e+01 6.125197410583496094e+00 1.219100189208984375e+01 1.284219455718994141e+01
1.108252143859863281e+01 1.425720214843750000e+01 1.119684886932373047e+01 1.367637538909912109e+01 1.003431606292724609e+01 1.264279651641845703e+01 8.061943054199218750e+00 7.752794265747070312e+00 7.048486709594726562e+00 1.037512111663818359e+01 0.000000000000000000e+00 7.526743888854980469e+00 1.331317520141601562e+01 1.473996162414550781e+01 1.239081478118896484e+01 1.439098358154296875e+01 1.125253295898437500e+01 1.377018070220947266e+01 1.464052963256835938e+01 1.604699325561523438e+01 1.403914165496826172e+01 1.129231071472167969e+01 1.219424057006835938e+01 1.467920303344726562e+01 1.069177246093750000e+01 1.222616481781005859e+01 9.420971870422363281e+00 1.236181926727294922e+01 6.044634819030761719e+00 1.082444667816162109e+01 1.008458137512207031e+01 1.195919704437255859e+01 8.108901023864746094e+00 1.190386009216308594e+01 6.125197410583496094e+00 1.028563404083251953e+01
1.037149906158447266e+01 1.353681564331054688e+01 1.092420482635498047e+01 1.375570487976074219e+01 1.244340991973876953e+01 1.003431606292724609e+01 7.227830410003662109e+00 6.525662899017333984e+00 6.793445110321044922e+00 1.059812450408935547e+01 7.526743888854980469e+00 0.000000000000000000e+00 1.257540225982666016e+01 1.390677738189697266e+01 1.198563766479492188e+01 1.433286285400390625e+01 1.330131053924560547e+01 1.125253295898437500e+01 1.383705329895019531e+01 1.516102790832519531e+01 1.354398632049560547e+01 1.104833602905273438e+01 1.397224807739257812e+01 1.219424057006835938e+01 8.808032989501953125e+00 1.039126491546630859e+01 7.825936317443847656e+00 1.155476188659667969e+01 8.319274902343750000e+00 6.044634819030761719e+00 8.793238639831542969e+00 1.067129421234130859e+01 7.113345146179199219e+00 1.160838508605957031e+01 9.085459709167480469e+00 6.125197410583496094e+00
1.207552623748779297e+01 1.572107028961181641e+01 1.472354888916015625e+01 1.696255111694335938e+01 1.546931171417236328e+01 1.492315769195556641e+01 1.125253295898437500e+01 1.194230270385742188e+01 1.340608596801757812e+01 1.571485328674316406e+01 1.331317520141601562e+01 1.257540225982666016e+01 0.000000000000000000e+00 7.804745674133300781e+00 6.686484336853027344e+00 1.037056541442871094e+01 8.061943054199218750e+00 7.227830886840820312e+00 1.439813899993896484e+01 1.647287178039550781e+01 1.607719612121582031e+01 1.407716178894042969e+01 1.603985214233398438e+01 1.575768280029296875e+01 1.009442615509033203e+01 1.256784629821777344e+01 1.203143978118896484e+01 1.476776409149169922e+01 1.182104396820068359e+01 1.202565479278564453e+01 9.730693817138671875e+00 1.252590084075927734e+01 1.127649307250976562e+01 1.457320499420166016e+01 1.208808135986328125e+01 1.177480888366699219e+01
1.289623165130615234e+01 1.207552623748779297e+01 1.360040283203125000e+01 1.634736824035644531e+01 1.392805957794189453e+01 1.313863468170166016e+01 1.524626159667968750e+01 1.125253295898437500e+01 1.527238655090332031e+01 1.765784454345703125e+01 1.473996162414550781e+01 1.390677738189697266e+01 7.804745674133300781e+00 0.000000000000000000e+00 7.301834106445312500e+00 1.129055023193359375e+01 7.752794742584228516e+00 6.525662899017333984e+00 1.628144264221191406e+01 1.439813899993896484e+01 1.624650192260742188e+01 1.466149234771728516e+01 1.578773975372314453e+01 1.534641075134277344e+01 1.294883060455322266e+01 1.009442615509033203e+01 1.257871341705322266e+01 1.558446502685546875e+01 1.181984615325927734e+01 1.182454490661621094e+01 1.242186355590820312e+01 9.730693817138671875e+00 1.159608745574951172e+01 1.519896316528320312e+01 1.182940769195556641e+01 1.130005168914794922e+01
1.281686305999755859e+01 1.460477066040039062e+01 1.207552623748779297e+01 1.626572608947753906e+01 1.406166362762451172e+01 1.379690170288085938e+01 1.276456069946289062e+01 1.125285530090332031e+01 1.125253295898437500e+01 1.554552078247070312e+01 1.239081478118896484e+01 1.198563766479492188e+01 6.686484336853027344e+00 7.301834106445312500e+00 0.000000000000000000e+00 1.051902103424072266e+01 7.048486709594726562e+00 6.793444633483886719e+00 1.567018508911132812e+01 1.604049491882324219e+01 1.439813899993896484e+01 1.395732498168945312e+01 1.534608554840087891e+01 1.535425758361816406e+01 1.218431282043457031e+01 1.233711624145507812e+01 1.009442615509033203e+01 1.493449211120605469e+01 1.123718357086181641e+01 1.184806728363037109e+01 1.231387996673583984e+01 1.270972347259521484e+01 9.730693817138671875e+00 1.509025287628173828e+01 1.196010494232177734e+01 1.203294277191162109e+01
1.479884433746337891e+01 1.671386718750000000e+01 1.575951862335205078e+01 1.207552623748779297e+01 1.573488616943359375e+01 1.576128673553466797e+01 1.487883186340332031e+01 1.401401424407958984e+01 1.526025581359863281e+01 1.125253295898437500e+01 1.439098358154296875e+01 1.433286285400390625e+01 1.037056541442871094e+01 1.129055023193359375e+01 1.051902103424072266e+01 0.000000000000000000e+00 1.037512111663818359e+01 1.059812450408935547e+01 2.077362632751464844e+01 2.132150268554687500e+01 2.100251197814941406e+01 1.439813899993896484e+01 2.041111373901367188e+01 2.061726951599121094e+01 1.417057609558105469e+01 1.469259738922119141e+01 1.421462249755859375e+01 1.009442615509033203e+01 1.318121814727783203e+01 1.400193786621093750e+01 1.385971546173095703e+01 1.460538768768310547e+01 1.352614879608154297e+01 9.730693817138671875e+00 1.336512660980224609e+01 1.373249912261962891e+01
1.350284957885742188e+01 1.475999546051025391e+01 1.390210914611816406e+01 1.610392379760742188e+01 1.207552623748779297e+01 1.409342670440673828e+01 1.435229015350341797e+01 1.249736499786376953e+01 1.410918235778808594e+01 1.616864013671875000e+01 1.125253295898437500e+01 1.330131053924560547e+01 8.061943054199218750e+00 7.752794742584228516e+00 7.048486709594726562e+00 1.037512111663818359e+01 0.000000000000000000e+00 7.526743888854980469e+00 1.695068550109863281e+01 1.689886665344238281e+01 1.668750381469726562e+01 1.460429573059082031e+01 1.439813899993896484e+01 1.636274528503417969e+01 1.393009757995605469e+01 1.357563209533691406e+01 1.329973220825195312e+01 1.566322612762451172e+01 1.009442615509033203e+01 1.327335548400878906e+01 1.316210269927978516e+01 1.302495956420898438e+01 1.207025146484375000e+01 1.503437614440917969e+01 9.730693817138671875e+00 1.251463603973388672e+01
1.316886997222900391e+01 1.428921031951904297e+01 1.391344451904296875e+01 1.636639976501464844e+01 1.436369895935058594e+01 1.207552623748779297e+01 1.412732696533203125e+01 1.204197311401367188e+01 1.420863342285156250e+01 1.650601387023925781e+01 1.377018070220947266e+01 1.125253295898437500e+01 7.227830886840820312e+00 6.525662899017333984e+00 6.793444633483886719e+00 1.059812450408935547e+01 7.526743888854980469e+00 0.000000000000000000e+00 1.645573616027832031e+01 1.625635337829589844e+01 1.646697807312011719e+01 1.463493824005126953e+01 1.613000869750976562e+01 1.439813899993896484e+01 1.279302692413330078e+01 1.221243476867675781e+01 1.247878074645996094e+01 1.524405002593994141e+01 1.187083244323730469e+01 1.009442615509033203e+01 1.245831871032714844e+01 1.211817646026611328e+01 1.169969654083251953e+01 1.501438426971435547e+01 1.208554649353027344e+01 9.730693817138671875e+00
1.378114032745361328e+01 1.697405433654785156e+01 1.595066165924072266e+01 2.117824745178222656e+01 1.727499961853027344e+01 1.667469406127929688e+01 1.219424057006835938e+01 1.271076393127441406e+01 1.397649383544921875e+01 1.963988494873046875e+01 1.464052963256835938e+01 1.383705329895019531e+01 1.439813899993896484e+01 1.628144264221191406e+01 1.567018508911132812e+01 2.077362632751464844e+01 1.695068550109863281e+01 1.645573616027832031e+01 0.000000000000000000e+00 7.804745674133300781e+00 6.686484336853027344e+00 1.037056541442871094e+01 8.061943054199218750e+00 7.227830410003662109e+00 1.137739658355712891e+01 1.350419902801513672e+01 1.287798500061035156e+01 1.903478622436523438e+01 1.350219535827636719e+01 1.354279899597167969e+01 1.131858539581298828e+01 1.368163299560546875e+01 1.241460800170898438e+01 1.903919219970703125e+01 1.394884014129638672e+01 1.353932857513427734e+01
1.461332607269287109e+01 1.378114032745361328e+01 1.502487182617187500e+01 2.076442718505859375e+01 1.600786781311035156e+01 1.520209026336669922e+01 1.605190086364746094e+01 1.219424057006835938e+01 1.587450981140136719e+01 2.130030632019042969e+01 1.604699325561523438e+01 1.516102790832519531e+01 1.647287178039550781e+01 1.439813899993896484e+01 1.604049491882324219e+01 2.132150268554687500e+01 1.689886665344238281e+01 1.625635337829589844e+01 7.804745674133300781e+00 0.000000000000000000e+00 7.301834106445312500e+00 1.129055023193359375e+01 7.752794265747070312e+00 6.525662899017333984e+00 1.408385562896728516e+01 1.137739658355712891e+01 1.350725746154785156e+01 1.975466537475585938e+01 1.361675357818603516e+01 1.348131847381591797e+01 1.381527233123779297e+01 1.131858539581298828e+01 1.282838726043701172e+01 1.960245132446289062e+01 1.383901500701904297e+01 1.324739551544189453e+01
1.465722465515136719e+01 1.614702796936035156e+01 1.378114032745361328e+01 2.078039169311523438e+01 1.622704696655273438e+01 1.587954998016357422e+01 1.383744049072265625e+01 1.233014392852783203e+01 1.219424057006835938e+01 1.966958236694335938e+01 1.403914165496826172e+01 1.354398632049560547e+01 1.607719612121582031e+01 1.624650192260742188e+01 1.439813899993896484e+01 2.100251197814941406e+01 1.668750381469726562e+01 1.646697807312011719e+01 6.686484336853027344e+00 7.301834106445312500e+00 0.000000000000000000e+00 1.051902103424072266e+01 7.048486709594726562e+00 6.793444633483886719e+00 1.350799465179443359e+01 1.353062534332275391e+01 1.137739658355712891e+01 1.933225250244140625e+01 1.324036312103271484e+01 1.362455558776855469e+01 1.383894443511962891e+01 1.408143329620361328e+01 1.131858539581298828e+01 1.960329055786132812e+01 1.406958675384521484e+01 1.399713134765625000e+01
1.210035991668701172e+01 1.426994037628173828e+01 1.301209545135498047e+01 1.378114128112792969e+01 1.378492069244384766e+01 1.367751407623291016e+01 1.125926780700683594e+01 9.932219505310058594e+00 1.148068332672119141e+01 1.219424057006835938e+01 1.129231071472167969e+01 1.104833602905273438e+01 1.407716178894042969e+01 1.466149234771728516e+01 1.395732498168945312e+01 1.439813899993896484e+01 1.460429573059082031e+01 1.463493824005126953e+01 1.037056541442871094e+01 1.129055023193359375e+01 1.051902103424072266e+01 0.000000000000000000e+00 1.037512111663818359e+01 1.059812450408935547e+01 1.056713867187500000e+01 1.111739635467529297e+01 1.031764888763427734e+01 1.137739658355712891e+01 9.981389999389648438e+00 1.086999320983886719e+01 1.043202400207519531e+01 1.126577663421630859e+01 9.655639648437500000e+00 1.131858539581298828e+01 1.050649833679199219e+01 1.079630851745605469e+01
1.453973770141601562e+01 1.561407947540283203e+01 1.469302272796630859e+01 2.012714385986328125e+01 1.378114032745361328e+01 1.545784568786621094e+01 1.459601783752441406e+01 1.265324592590332031e+01 1.413024425506591797e+01 1.962572288513183594e+01 1.219424057006835938e+01 1.397224807739257812e+01 1.603985214233398438e+01 1.578773975372314453e+01 1.534608554840087891e+01 2.041111373901367188e+01 1.439813899993896484e+01 1.613000869750976562e+01 8.061943054199218750e+00 7.752794265747070312e+00 7.048486709594726562e+00 1.037512111663818359e+01 0.000000000000000000e+00 7.526743888854980469e+00 1.437257385253906250e+01 1.391711044311523438e+01 1.352573108673095703e+01 1.935325622558593750e+01 1.137739658355712891e+01 1.414031600952148438e+01 1.384342670440673828e+01 1.359830951690673828e+01 1.255506896972656250e+01 1.900317192077636719e+01 1.131858539581298828e+01 1.364767074584960938e+01
1.436235713958740234e+01 1.529394245147705078e+01 1.483176994323730469e+01 2.043051147460937500e+01 1.594360256195068359e+01 1.378114032745361328e+01 1.450579166412353516e+01 1.235761928558349609e+01 1.436179542541503906e+01 1.999934387207031250e+01 1.467920303344726562e+01 1.219424057006835938e+01 1.575768280029296875e+01 1.534641075134277344e+01 1.535425758361816406e+01 2.061726951599121094e+01 1.636274528503417969e+01 1.439813899993896484e+01 7.227830410003662109e+00 6.525662899017333984e+00 6.793444633483886719e+00 1.059812450408935547e+01 7.526743888854980469e+00 0.000000000000000000e+00 1.341513919830322266e+01 1.274020862579345703e+01 1.286715221405029297e+01 1.911476135253906250e+01 1.312423419952392578e+01 1.137739658355712891e+01 1.331879711151123047e+01 1.288005447387695312e+01 1.235324954986572266e+01 1.908666801452636719e+01 1.353756046295166016e+01 1.131858539581298828e+01
8.489651679992675781e+00 1.335172748565673828e+01 1.203701305389404297e+01 1.432980060577392578e+01 1.388202762603759766e+01 1.258884525299072266e+01 6.044634819030761719e+00 7.576111316680908203e+00 9.565155982971191406e+00 1.217513370513916016e+01 1.069177246093750000e+01 8.808032989501953125e+00 1.009442615509033203e+01 1.294883060455322266e+01 1.218431282043457031e+01 1.417057609558105469e+01 1.393009757995605469e+01 1.279302692413330078e+01 1.137739658355712891e+01 1.408385562896728516e+01 1.350799465179443359e+01 1.056713867187500000e+01 1.437257385253906250e+01 1.341513919830322266e+01 0.000000000000000000e+00 7.804745197296142578e+00 6.686484336853027344e+00 1.037056541442871094e+01 8.061943054199218750e+00 7.227830410003662109e+00 3.143497943878173828e+00 8.772350311279296875e+00 6.648717403411865234e+00 1.090562725067138672e+01 9.405964851379394531e+00 7.960146427154541016e+00
9.365246772766113281e+00 8.489651679992675781e+00 1.040273952484130859e+01 1.341605949401855469e+01 1.193906211853027344e+01 1.017552852630615234e+01 1.172629070281982422e+01 6.044634819030761719e+00 1.183867073059082031e+01 1.442969131469726562e+01 1.222616481781005859e+01 1.039126491546630859e+01 1.256784629821777344e+01 1.009442615509033203e+01 1.233711624145507812e+01 1.469259738922119141e+01 1.357563209533691406e+01 1.221243476867675781e+01 1.350419902801513672e+01 1.137739658355712891e+01 1.353062534332275391e+01 1.111739635467529297e+01 1.391711044311523438e+01 1.274020862579345703e+01 7.804745197296142578e+00 0.000000000000000000e+00 7.301834106445312500e+00 1.129055023193359375e+01 7.752794742584228516e+00 6.525662899017333984e+00 8.039722442626953125e+00 3.143497943878173828e+00 6.830421447753906250e+00 1.151963901519775391e+01 8.799121856689453125e+00 6.895518779754638672e+00
9.416838645935058594e+00 1.194005680084228516e+01 8.489651679992675781e+00 1.342899513244628906e+01 1.221844959259033203e+01 1.114818286895751953e+01 8.426218032836914062e+00 6.289249897003173828e+00 6.044634819030761719e+00 1.187811279296875000e+01 9.420971870422363281e+00 7.825936317443847656e+00 1.203143978118896484e+01 1.257871341705322266e+01 1.009442615509033203e+01 1.421462249755859375e+01 1.329973220825195312e+01 1.247878074645996094e+01 1.287798500061035156e+01 1.350725746154785156e+01 1.137739658355712891e+01 1.031764888763427734e+01 1.352573108673095703e+01 1.286715221405029297e+01 6.686484336853027344e+00 7.301834106445312500e+00 0.000000000000000000e+00 1.051902103424072266e+01 7.048486709594726562e+00 6.793444633483886719e+00 8.060760498046875000e+00 8.929841041564941406e+00 3.143497943878173828e+00 1.150734996795654297e+01 9.140219688415527344e+00 8.225479125976562500e+00
1.240574264526367188e+01 1.480238914489746094e+01 1.360551452636718750e+01 8.489651679992675781e+00 1.447889995574951172e+01 1.388659095764160156e+01 1.182956504821777344e+01 1.094587898254394531e+01 1.238084411621093750e+01 6.044634819030761719e+00 1.236181926727294922e+01 1.155476188659667969e+01 1.476776409149169922e+01 1.558446502685546875e+01 1.493449211120605469e+01 1.009442615509033203e+01 1.566322612762451172e+01 1.524405002593994141e+01 1.903478622436523438e+01 1.975466537475585938e+01 1.933225250244140625e+01 1.137739658355712891e+01 1.935325622558593750e+01 1.911476135253906250e+01 1.037056541442871094e+01 1.129055023193359375e+01 1.051902103424072266e+01 0.000000000000000000e+00 1.037512111663818359e+01 1.059812450408935547e+01 1.076697349548339844e+01 1.191696643829345703e+01 1.042322731018066406e+01 3.143497943878173828e+00 1.138498592376708984e+01 1.104265117645263672e+01
9.023719787597656250e+00 1.103715610504150391e+01 9.706707954406738281e+00 1.223912143707275391e+01 8.489651679992675781e+00 1.035605144500732422e+01 9.420779228210449219e+00 6.618743896484375000e+00 9.147832870483398438e+00 1.164246463775634766e+01 6.044634819030761719e+00 8.319274902343750000e+00 1.182104396820068359e+01 1.181984615325927734e+01 1.123718357086181641e+01 1.318121814727783203e+01 1.009442615509033203e+01 1.187083244323730469e+01 1.350219535827636719e+01 1.361675357818603516e+01 1.324036312103271484e+01 9.981389999389648438e+00 1.137739658355712891e+01 1.312423419952392578e+01 8.061943054199218750e+00 7.752794742584228516e+00 7.048486709594726562e+00 1.037512111663818359e+01 0.000000000000000000e+00 7.526743888854980469e+00 7.828208923339843750e+00 7.908871650695800781e+00 5.965054988861083984e+00 1.026798725128173828e+01 3.143497943878173828e+00 7.360612869262695312e+00
9.494860649108886719e+00 1.121496868133544922e+01 1.059094715118408203e+01 1.326466846466064453e+01 1.225578784942626953e+01 8.489651679992675781e+00 9.998842239379882812e+00 7.089808940887451172e+00 1.020449638366699219e+01 1.281417942047119141e+01 1.082444667816162109e+01 6.044634819030761719e+00 1.202565479278564453e+01 1.182454490661621094e+01 1.184806728363037109e+01 1.400193786621093750e+01 1.327335548400878906e+01 1.009442615509033203e+01 1.354279899597167969e+01 1.348131847381591797e+01 1.362455558776855469e+01 1.086999320983886719e+01 1.414031600952148438e+01 1.137739658355712891e+01 7.227830410003662109e+00 6.525662899017333984e+00 6.793444633483886719e+00 1.059812450408935547e+01 7.526743888854980469e+00 0.000000000000000000e+00 7.802710533142089844e+00 7.575191974639892578e+00 6.663815975189208984e+00 1.106632328033447266e+01 8.881908416748046875e+00 3.143497943878173828e+00
8.320726394653320312e+00 1.301039791107177734e+01 1.234646511077880859e+01 1.417748165130615234e+01 1.327687358856201172e+01 1.242572212219238281e+01 6.125197410583496094e+00 7.226299285888671875e+00 1.014188671112060547e+01 1.215367507934570312e+01 1.008458137512207031e+01 8.793238639831542969e+00 9.730693817138671875e+00 1.242186355590820312e+01 1.231387996673583984e+01 1.385971546173095703e+01 1.316210269927978516e+01 1.245831871032714844e+01 1.131858539581298828e+01 1.381527233123779297e+01 1.383894443511962891e+01 1.043202400207519531e+01 1.384342670440673828e+01 1.331879711151123047e+01 3.143497943878173828e+00 8.039722442626953125e+00 8.060760498046875000e+00 1.076697349548339844e+01 7.828208923339843750e+00 7.802710533142089844e+00 0.000000000000000000e+00 7.804745197296142578e+00 6.686484336853027344e+00 1.037056541442871094e+01 8.061943054199218750e+00 7.227830410003662109e+00
9.540788650512695312e+00 8.320727348327636719e+00 1.104178428649902344e+01 1.348358249664306641e+01 1.150062465667724609e+01 1.027712917327880859e+01 1.202683639526367188e+01 6.125197410583496094e+00 1.255700016021728516e+01 1.462369441986083984e+01 1.195919704437255859e+01 1.067129421234130859e+01 1.252590084075927734e+01 9.730693817138671875e+00 1.270972347259521484e+01 1.460538768768310547e+01 1.302495956420898438e+01 1.211817646026611328e+01 1.368163299560546875e+01 1.131858539581298828e+01 1.408143329620361328e+01 1.126577663421630859e+01 1.359830951690673828e+01 1.288005447387695312e+01 8.772350311279296875e+00 3.143497943878173828e+00 8.929841041564941406e+00 1.191696643829345703e+01 7.908871650695800781e+00 7.575191974639892578e+00 7.804745197296142578e+00 0.000000000000000000e+00 7.301834106445312500e+00 1.129055023193359375e+01 7.752794265747070312e+00 6.525662899017333984e+00
8.686306953430175781e+00 1.109871768951416016e+01 8.320727348327636719e+00 1.286897659301757812e+01 1.106661415100097656e+01 1.047932624816894531e+01 7.848335742950439453e+00 4.898099899291992188e+00 6.125196933746337891e+00 1.140974426269531250e+01 8.108901023864746094e+00 7.113345146179199219e+00 1.127649307250976562e+01 1.159608745574951172e+01 9.730693817138671875e+00 1.352614879608154297e+01 1.207025146484375000e+01 1.169969654083251953e+01 1.241460800170898438e+01 1.282838726043701172e+01 1.131858539581298828e+01 9.655639648437500000e+00 1.255506896972656250e+01 1.235324954986572266e+01 6.648717403411865234e+00 6.830421447753906250e+00 3.143497943878173828e+00 1.042322731018066406e+01 5.965054988861083984e+00 6.663815975189208984e+00 6.686484336853027344e+00 7.301834106445312500e+00 0.000000000000000000e+00 1.051902103424072266e+01 7.048486709594726562e+00 6.793445110321044922e+00
1.235173034667968750e+01 1.454699420928955078e+01 1.393406200408935547e+01 8.320727348327636719e+00 1.395369911193847656e+01 1.379345512390136719e+01 1.193404865264892578e+01 1.077667427062988281e+01 1.289005184173583984e+01 6.125197410583496094e+00 1.190386009216308594e+01 1.160838508605957031e+01 1.457320499420166016e+01 1.519896316528320312e+01 1.509025287628173828e+01 9.730693817138671875e+00 1.503437614440917969e+01 1.501438426971435547e+01 1.903919219970703125e+01 1.960245132446289062e+01 1.960329055786132812e+01 1.131858539581298828e+01 1.900317192077636719e+01 1.908666801452636719e+01 1.090562725067138672e+01 1.151963901519775391e+01 1.150734996795654297e+01 3.143497943878173828e+00 1.026798725128173828e+01 1.106632328033447266e+01 1.037056541442871094e+01 1.129055023193359375e+01 1.051902103424072266e+01 0.000000000000000000e+00 1.037512111663818359e+01 1.059812450408935547e+01
9.601222991943359375e+00 1.124349880218505859e+01 1.074064064025878906e+01 1.261148548126220703e+01 8.320727348327636719e+00 1.080568981170654297e+01 1.016499710083007812e+01 7.226710796356201172e+00 1.042325019836425781e+01 1.219100189208984375e+01 6.125197410583496094e+00 9.085459709167480469e+00 1.208808135986328125e+01 1.182940769195556641e+01 1.196010494232177734e+01 1.336512660980224609e+01 9.730693817138671875e+00 1.208554649353027344e+01 1.394884014129638672e+01 1.383901500701904297e+01 1.406958675384521484e+01 1.050649833679199219e+01 1.131858539581298828e+01 1.353756046295166016e+01 9.405964851379394531e+00 8.799121856689453125e+00 9.140219688415527344e+00 1.138498592376708984e+01 3.143497943878173828e+00 8.881908416748046875e+00 8.061943054199218750e+00 7.752794265747070312e+00 7.048486709594726562e+00 1.037512111663818359e+01 0.000000000000000000e+00 7.526743888854980469e+00
9.410287857055664062e+00 1.086361598968505859e+01 1.099793148040771484e+01 1.314724540710449219e+01 1.161937141418457031e+01 8.320727348327636719e+00 1.010930728912353516e+01 6.806477069854736328e+00 1.080454444885253906e+01 1.284219455718994141e+01 1.028563404083251953e+01 6.125197410583496094e+00 1.177480888366699219e+01 1.130005168914794922e+01 1.203294277191162109e+01 1.373249912261962891e+01 1.251463603973388672e+01 9.730693817138671875e+00 1.353932857513427734e+01 1.324739551544189453e+01 1.399713134765625000e+01 1.079630851745605469e+01 1.364767074584960938e+01 1.131858539581298828e+01 7.960146427154541016e+00 6.895518779754638672e+00 8.225479125976562500e+00 1.104265117645263672e+01 7.360612869262695312e+00 3.143497943878173828e+00 7.227830410003662109e+00 6.525662899017333984e+00 6.793445110321044922e+00 1.059812450408935547e+01 7.526743888854980469e+00 0.000000000000000000e+00
