0.000000000000000000e+00 7.928105354309082031e+00 6.798871040344238281e+00 7.894436359405517578e+00 7.848389148712158203e+00 7.513260841369628906e+00 9.284374237060546875e+00 8.189743995666503906e+00 1.059277534484863281e+01 1.124529075622558594e+01 1.033732986450195312e+01 1.018336582183837891e+01 8.084215164184570312e+00 9.675443649291992188e+00 9.316242218017578125e+00 1.057435035705566406e+01 1.072366428375244141e+01 1.022984409332275391e+01 8.950130462646484375e+00 1.074605369567871094e+01 1.057961177825927734e+01 8.936406135559082031e+00 1.016635227203369141e+01 1.071830654144287109e+01 9.064626693725585938e+00 1.028024482727050781e+01 1.061971187591552734e+01 1.102113437652587891e+01 9.360922813415527344e+00 1.054677486419677734e+01 8.481203079223632812e+00 9.492959022521972656e+00 9.749458312988281250e+00 1.019451618194580078e+01 9.932516098022460938e+00 9.162900924682617188e+00
7.928105354309082031e+00 0.000000000000000000e+00 6.894925594329833984e+00 8.100057601928710938e+00 7.257486820220947266e+00 7.076833724975585938e+00 1.519990253448486328e+01 9.284375190734863281e+00 1.398230266571044922e+01 1.455087375640869141e+01 1.341330814361572266e+01 1.339089202880859375e+01 1.275949001312255859e+01 8.084215164184570312e+00 1.107713413238525391e+01 1.223523139953613281e+01 1.186027240753173828e+01 1.152724647521972656e+01 1.305533218383789062e+01 8.950130462646484375e+00 1.186277961730957031e+01 1.051808834075927734e+01 1.104131507873535156e+01 1.166175746917724609e+01 1.357796669006347656e+01 9.064626693725585938e+00 1.238678646087646484e+01 1.280988216400146484e+01 1.086460494995117188e+01 1.200857353210449219e+01 1.339608287811279297e+01 8.481203079223632812e+00 1.187588500976562500e+01 1.232421875000000000e+01 1.159302139282226562e+01 1.105715179443359375e+01
6.798871040344238281e+00 6.894925594329833984e+00 0.000000000000000000e+00 6.787748813629150391e+00 7.234447002410888672e+00 6.794559955596923828e+00 1.235482120513916016e+01 8.483772277832031250e+00 9.284375190734863281e+00 1.142038917541503906e+01 1.085438919067382812e+01 1.065998268127441406e+01 1.167758560180664062e+01 1.015313625335693359e+01 8.084215164184570312e+00 1.097064685821533203e+01 1.142470169067382812e+01 1.091574668884277344e+01 1.186300086975097656e+01 1.070346355438232422e+01 8.950130462646484375e+00 8.832445144653320312e+00 1.041614437103271484e+01 1.090872859954833984e+01 1.200024700164794922e+01 1.029477596282958984e+01 9.064626693725585938e+00 1.099229812622070312e+01 9.694365501403808594e+00 1.079653930664062500e+01 1.188524150848388672e+01 9.894692420959472656e+00 8.481203079223632812e+00 1.052535438537597656e+01 1.060652732849121094e+01 9.837642669677734375e+00
7.894436359405517578e+00 8.100057601928710938e+00 6.787748813629150391e+00 0.000000000000000000e+00 7.646081924438476562e+00 7.765143871307373047e+00 1.306089210510253906e+01 9.586092948913574219e+00 1.158106136322021484e+01 9.284375190734863281e+00 1.121565532684326172e+01 1.138483619689941406e+01 1.198067092895507812e+01 1.059386920928955078e+01 1.012427997589111328e+01 8.084215164184570312e+00 1.130142116546630859e+01 1.115158653259277344e+01 1.431763267517089844e+01 1.344623947143554688e+01 1.320396423339843750e+01 8.950130462646484375e+00 1.275882816314697266e+01 1.346469783782958984e+01 1.294271183013916016e+01 1.146576309204101562e+01 1.164694595336914062e+01 9.064626693725585938e+00 1.036901283264160156e+01 1.175189495086669922e+01 1.282878398895263672e+01 1.109942054748535156e+01 1.119042396545410156e+01 8.481203079223632812e+00 1.121806621551513672e+01 1.086884880065917969e+01
7.848389148712158203e+00 7.257486820220947266e+00 7.234447002410888672e+00 7.646081924438476562e+00 0.000000000000000000e+00 7.676156044006347656e+00 1.373802185058593750e+01 9.890631675720214844e+00 1.261966419219970703e+01 1.278801918029785156e+01 9.284375190734863281e+00 1.212895965576171875e+01 1.178586101531982422e+01 9.766536712646484375e+00 1.024010372161865234e+01 1.095043754577636719e+01 8.084215164184570312e+00 1.091232204437255859e+01 1.341824817657470703e+01 1.198504257202148438e+01 1.250552082061767578e+01 1.069332122802734375e+01 8.950130462646484375e+00 1.247812843322753906e+01 1.413868713378906250e+01 1.231411743164062500e+01 1.322983932495117188e+01 1.318118476867675781e+01 9.064626693725585938e+00 1.303251838684082031e+01 1.297694683074951172e+01 1.071474075317382812e+01 1.166351795196533203e+01 1.161644268035888672e+01 8.481203079223632812e+00 1.101390838623046875e+01
7.513260841369628906e+00 7.076833724975585938e+00 6.794559955596923828e+00 7.765143871307373047e+00 7.676156044006347656e+00 0.000000000000000000e+00 1.347577285766601562e+01 9.656416893005371094e+00 1.229211425781250000e+01 1.278200531005859375e+01 1.196387481689453125e+01 9.284375190734863281e+00 1.178802585601806641e+01 9.899233818054199219e+00 1.019253063201904297e+01 1.126703739166259766e+01 1.137879753112792969e+01 8.084215164184570312e+00 1.257878208160400391e+01 1.115240955352783203e+01 1.155601215362548828e+01 9.975295066833496094e+00 1.106131744384765625e+01 8.950130462646484375e+00 1.288404560089111328e+01 1.096778106689453125e+01 1.183645820617675781e+01 1.211704730987548828e+01 1.059882640838623047e+01 9.064626693725585938e+00 1.314538097381591797e+01 1.103467941284179688e+01 1.180739021301269531e+01 1.209647274017333984e+01 1.184914302825927734e+01 8.481203079223632812e+00
9.284374237060546875e+00 1.519990253448486328e+01 1.235482120513916016e+01 1.306089210510253906e+01 1.373802185058593750e+01 1.347577285766601562e+01 0.000000000000000000e+00 7.928105354309082031e+00 6.798871040344238281e+00 7.894436359405517578e+00 7.848389625549316406e+00 7.513260841369628906e+00 7.601467609405517578e+00 1.296242713928222656e+01 9.971834182739257812e+00 1.123876571655273438e+01 1.218036079406738281e+01 1.166298675537109375e+01 8.078967094421386719e+00 1.351388549804687500e+01 1.083099269866943359e+01 9.332171440124511719e+00 1.137787532806396484e+01 1.178960323333740234e+01 7.623522281646728516e+00 1.279127216339111328e+01 1.043773174285888672e+01 1.093074607849121094e+01 1.022320652008056641e+01 1.123088932037353516e+01 7.079326629638671875e+00 1.225907421112060547e+01 9.667230606079101562e+00 1.020683193206787109e+01 1.085252952575683594e+01 1.005448055267333984e+01
8.189743995666503906e+00 9.284375190734863281e+00 8.483772277832031250e+00 9.586092948913574219e+00 9.890631675720214844e+00 9.656416893005371094e+00 7.928105354309082031e+00 0.000000000000000000e+00 6.894925594329833984e+00 8.100057601928710938e+00 7.257486820220947266e+00 7.076833724975585938e+00 8.558609962463378906e+00 7.601467132568359375e+00 7.305166721343994141e+00 9.067042350769042969e+00 9.594149589538574219e+00 9.070302009582519531e+00 8.580445289611816406e+00 8.078967094421386719e+00 8.007822990417480469e+00 5.989799022674560547e+00 8.125847816467285156e+00 8.838930130004882812e+00 8.850382804870605469e+00 7.623522281646728516e+00 8.223011970520019531e+00 8.951332092285156250e+00 7.276274204254150391e+00 8.781894683837890625e+00 8.698191642761230469e+00 7.079326629638671875e+00 7.580073833465576172e+00 8.375861167907714844e+00 8.458020210266113281e+00 7.577062606811523438e+00
1.059277534484863281e+01 1.398230266571044922e+01 9.284375190734863281e+00 1.158106136322021484e+01 1.261966419219970703e+01 1.229211425781250000e+01 6.798871040344238281e+00 6.894925594329833984e+00 0.000000000000000000e+00 6.787748336791992188e+00 7.234447002410888672e+00 6.794560432434082031e+00 1.042000102996826172e+01 1.254109859466552734e+01 7.601467132568359375e+00 1.070657253265380859e+01 1.198627090454101562e+01 1.141541481018066406e+01 1.027999687194824219e+01 1.270803737640380859e+01 8.078967094421386719e+00 8.063795089721679688e+00 1.069485950469970703e+01 1.108583164215087891e+01 9.986952781677246094e+00 1.198742103576660156e+01 7.623522281646728516e+00 9.931218147277832031e+00 9.521052360534667969e+00 1.054733657836914062e+01 9.961309432983398438e+00 1.174121856689453125e+01 7.079326629638671875e+00 9.529793739318847656e+00 1.055478858947753906e+01 9.679653167724609375e+00
1.124529075622558594e+01 1.455087375640869141e+01 1.142038917541503906e+01 9.284375190734863281e+00 1.278801918029785156e+01 1.278200531005859375e+01 7.894436359405517578e+00 8.100057601928710938e+00 6.787748336791992188e+00 0.000000000000000000e+00 7.646081924438476562e+00 7.765143871307373047e+00 1.067234992980957031e+01 1.282868766784667969e+01 9.647848129272460938e+00 7.601467609405517578e+00 1.179072189331054688e+01 1.156149864196777344e+01 1.296511840820312500e+01 1.502942466735839844e+01 1.255634212493896484e+01 8.078967094421386719e+00 1.291602993011474609e+01 1.354051589965820312e+01 1.101813316345214844e+01 1.293567657470703125e+01 1.047636127471923828e+01 7.623522281646728516e+00 1.011623954772949219e+01 1.144291305541992188e+01 1.098629093170166016e+01 1.270041656494140625e+01 1.007788753509521484e+01 7.079326629638671875e+00 1.108613204956054688e+01 1.063957405090332031e+01
1.033732986450195312e+01 1.341330814361572266e+01 1.085438919067382812e+01 1.121565532684326172e+01 9.284375190734863281e+00 1.196387481689453125e+01 7.848389625549316406e+00 7.257486820220947266e+00 7.234447002410888672e+00 7.646081924438476562e+00 0.000000000000000000e+00 7.676156044006347656e+00 9.507779121398925781e+00 1.135161304473876953e+01 8.750337600708007812e+00 9.667916297912597656e+00 7.601467132568359375e+00 1.046507930755615234e+01 1.114799690246582031e+01 1.303273773193359375e+01 1.099244689941406250e+01 8.980019569396972656e+00 8.078968048095703125e+00 1.178473281860351562e+01 1.161536407470703125e+01 1.298592472076416016e+01 1.141315937042236328e+01 1.143778705596923828e+01 7.623522281646728516e+00 1.199201965332031250e+01 1.027865695953369141e+01 1.157747173309326172e+01 9.669779777526855469e+00 9.708580970764160156e+00 7.079326629638671875e+00 9.874388694763183594e+00
1.018336582183837891e+01 1.339089202880859375e+01 1.065998268127441406e+01 1.138483619689941406e+01 1.212895965576171875e+01 9.284375190734863281e+00 7.513260841369628906e+00 7.076833724975585938e+00 6.794560432434082031e+00 7.765143871307373047e+00 7.676156044006347656e+00 0.000000000000000000e+00 9.614443778991699219e+00 1.155237483978271484e+01 8.808235168457031250e+00 1.012379932403564453e+01 1.113074493408203125e+01 7.601467132568359375e+00 1.021973037719726562e+01 1.235216140747070312e+01 9.998793601989746094e+00 8.233397483825683594e+00 1.046452426910400391e+01 8.078967094421386719e+00 1.014896583557128906e+01 1.180159473419189453e+01 9.865189552307128906e+00 1.029032802581787109e+01 9.501284599304199219e+00 7.623522281646728516e+00 1.058486366271972656e+01 1.195763301849365234e+01 9.943346023559570312e+00 1.037439727783203125e+01 1.098075294494628906e+01 7.079326629638671875e+00
8.084215164184570312e+00 1.275949001312255859e+01 1.167758560180664062e+01 1.198067092895507812e+01 1.178586101531982422e+01 1.178802585601806641e+01 7.601467609405517578e+00 8.558609962463378906e+00 1.042000102996826172e+01 1.067234992980957031e+01 9.507779121398925781e+00 9.614443778991699219e+00 0.000000000000000000e+00 7.928105354309082031e+00 6.798871040344238281e+00 7.894436359405517578e+00 7.848389148712158203e+00 7.513261318206787109e+00 8.755928993225097656e+00 1.210926532745361328e+01 1.154454135894775391e+01 9.606279373168945312e+00 1.057690715789794922e+01 1.134008216857910156e+01 8.698506355285644531e+00 1.156612300872802734e+01 1.144821643829345703e+01 1.143773460388183594e+01 9.647705078125000000e+00 1.104015159606933594e+01 7.741311550140380859e+00 1.061642932891845703e+01 1.038440513610839844e+01 1.038195896148681641e+01 9.930093765258789062e+00 9.439796447753906250e+00
9.675443649291992188e+00 8.084215164184570312e+00 1.015313625335693359e+01 1.059386920928955078e+01 9.766536712646484375e+00 9.899233818054199219e+00 1.296242713928222656e+01 7.601467132568359375e+00 1.254109859466552734e+01 1.282868766784667969e+01 1.135161304473876953e+01 1.155237483978271484e+01 7.928105354309082031e+00 0.000000000000000000e+00 6.894925594329833984e+00 8.100057601928710938e+00 7.257486820220947266e+00 7.076833724975585938e+00 1.150686645507812500e+01 8.755928993225097656e+00 1.129064369201660156e+01 9.405117988586425781e+00 9.789366722106933594e+00 1.072924900054931641e+01 1.196923351287841797e+01 8.698507308959960938e+00 1.170985603332519531e+01 1.178364276885986328e+01 9.428456306457519531e+00 1.096636295318603516e+01 1.152635860443115234e+01 7.741311550140380859e+00 1.091903781890869141e+01 1.100672817230224609e+01 9.987733840942382812e+00 9.634127616882324219e+00
9.316242218017578125e+00 1.107713413238525391e+01 8.084215164184570312e+00 1.012427997589111328e+01 1.024010372161865234e+01 1.019253063201904297e+01 9.971834182739257812e+00 7.305166721343994141e+00 7.601467132568359375e+00 9.647848129272460938e+00 8.750337600708007812e+00 8.808235168457031250e+00 6.798871040344238281e+00 6.894925594329833984e+00 0.000000000000000000e+00 6.787748336791992188e+00 7.234447002410888672e+00 6.794559955596923828e+00 1.060685729980468750e+01 1.099699592590332031e+01 8.755928993225097656e+00 8.102252006530761719e+00 9.603408813476562500e+00 1.038888263702392578e+01 1.061676406860351562e+01 1.045405769348144531e+01 8.698506355285644531e+00 1.026645851135253906e+01 8.639747619628906250e+00 1.012071609497070312e+01 1.022101879119873047e+01 9.783169746398925781e+00 7.741311550140380859e+00 9.479089736938476562e+00 9.362875938415527344e+00 8.783131599426269531e+00
1.057435035705566406e+01 1.223523139953613281e+01 1.097064685821533203e+01 8.084215164184570312e+00 1.095043754577636719e+01 1.126703739166259766e+01 1.123876571655273438e+01 9.067042350769042969e+00 1.070657253265380859e+01 7.601467609405517578e+00 9.667916297912597656e+00 1.012379932403564453e+01 7.894436359405517578e+00 8.100057601928710938e+00 6.787748336791992188e+00 0.000000000000000000e+00 7.646081924438476562e+00 7.765143871307373047e+00 1.362704086303710938e+01 1.400350761413574219e+01 1.341018772125244141e+01 8.755928993225097656e+00 1.246772289276123047e+01 1.338482952117919922e+01 1.204784584045410156e+01 1.198731327056884766e+01 1.175053024291992188e+01 8.698506355285644531e+00 9.854337692260742188e+00 1.152812767028808594e+01 1.169252014160156250e+01 1.139866733551025391e+01 1.105213642120361328e+01 7.741311550140380859e+00 1.048508930206298828e+01 1.036451148986816406e+01
1.072366428375244141e+01 1.186027240753173828e+01 1.142470169067382812e+01 1.130142116546630859e+01 8.084215164184570312e+00 1.137879753112792969e+01 1.218036079406738281e+01 9.594149589538574219e+00 1.198627090454101562e+01 1.179072189331054688e+01 7.601467132568359375e+00 1.113074493408203125e+01 7.848389148712158203e+00 7.257486820220947266e+00 7.234447002410888672e+00 7.646081924438476562e+00 0.000000000000000000e+00 7.676156044006347656e+00 1.283183670043945312e+01 1.276100063323974609e+01 1.287561893463134766e+01 1.071510982513427734e+01 8.755928993225097656e+00 1.254847717285156250e+01 1.347012424468994141e+01 1.295277786254882812e+01 1.346689510345458984e+01 1.308224773406982422e+01 8.698507308959960938e+00 1.298238277435302734e+01 1.201846313476562500e+01 1.120014190673828125e+01 1.169900894165039062e+01 1.126249790191650391e+01 7.741311550140380859e+00 1.070057868957519531e+01
1.022984409332275391e+01 1.152724647521972656e+01 1.091574668884277344e+01 1.115158653259277344e+01 1.091232204437255859e+01 8.084215164184570312e+00 1.166298675537109375e+01 9.070302009582519531e+00 1.141541481018066406e+01 1.156149864196777344e+01 1.046507930755615234e+01 7.601467132568359375e+00 7.513261318206787109e+00 7.076833724975585938e+00 6.794559955596923828e+00 7.765143871307373047e+00 7.676156044006347656e+00 0.000000000000000000e+00 1.173172283172607422e+01 1.176345920562744141e+01 1.173608970642089844e+01 9.735186576843261719e+00 1.066372489929199219e+01 8.755928993225097656e+00 1.193068599700927734e+01 1.145557022094726562e+01 1.188407421112060547e+01 1.179089641571044922e+01 1.003157711029052734e+01 8.698506355285644531e+00 1.198516654968261719e+01 1.127840900421142578e+01 1.162086486816406250e+01 1.153376102447509766e+01 1.109955692291259766e+01 7.741311550140380859e+00
8.950130462646484375e+00 1.305533218383789062e+01 1.186300086975097656e+01 1.431763267517089844e+01 1.341824817657470703e+01 1.257878208160400391e+01 8.078967094421386719e+00 8.580445289611816406e+00 1.027999687194824219e+01 1.296511840820312500e+01 1.114799690246582031e+01 1.021973037719726562e+01 8.755928993225097656e+00 1.150686645507812500e+01 1.060685729980468750e+01 1.362704086303710938e+01 1.283183670043945312e+01 1.173172283172607422e+01 0.000000000000000000e+00 7.928105354309082031e+00 6.798871040344238281e+00 7.894436836242675781e+00 7.848389625549316406e+00 7.513260841369628906e+00 8.052728652954101562e+00 1.076310539245605469e+01 1.048134326934814453e+01 1.291169834136962891e+01 1.042368316650390625e+01 1.075105953216552734e+01 7.370601177215576172e+00 9.999663352966308594e+00 9.583747863769531250e+00 1.220207977294921875e+01 1.092690086364746094e+01 9.382193565368652344e+00
1.074605369567871094e+01 8.950130462646484375e+00 1.070346355438232422e+01 1.344623947143554688e+01 1.198504257202148438e+01 1.115240955352783203e+01 1.351388549804687500e+01 8.078967094421386719e+00 1.270803737640380859e+01 1.502942466735839844e+01 1.303273773193359375e+01 1.235216140747070312e+01 1.210926532745361328e+01 8.755928993225097656e+00 1.099699592590332031e+01 1.400350761413574219e+01 1.276100063323974609e+01 1.176345920562744141e+01 7.928105354309082031e+00 0.000000000000000000e+00 6.894925594329833984e+00 8.100057601928710938e+00 7.257486820220947266e+00 7.076833724975585938e+00 1.181347370147705078e+01 8.052728652954101562e+00 1.109192371368408203e+01 1.348545932769775391e+01 1.056332874298095703e+01 1.100339126586914062e+01 1.159171962738037109e+01 7.370601177215576172e+00 1.050480461120605469e+01 1.301410388946533203e+01 1.129860210418701172e+01 9.942100524902343750e+00
1.057961177825927734e+01 1.186277961730957031e+01 8.950130462646484375e+00 1.320396423339843750e+01 1.250552082061767578e+01 1.155601215362548828e+01 1.083099269866943359e+01 8.007822990417480469e+00 8.078967094421386719e+00 1.255634212493896484e+01 1.099244689941406250e+01 9.998793601989746094e+00 1.154454135894775391e+01 1.129064369201660156e+01 8.755928993225097656e+00 1.341018772125244141e+01 1.287561893463134766e+01 1.173608970642089844e+01 6.798871040344238281e+00 6.894925594329833984e+00 0.000000000000000000e+00 6.787748336791992188e+00 7.234447002410888672e+00 6.794559955596923828e+00 1.059639549255371094e+01 1.008672904968261719e+01 8.052728652954101562e+00 1.231567668914794922e+01 1.003024005889892578e+01 1.032059860229492188e+01 1.045239830017089844e+01 9.663364410400390625e+00 7.370601177215576172e+00 1.188883304595947266e+01 1.090134811401367188e+01 9.297564506530761719e+00
8.936406135559082031e+00 1.051808834075927734e+01 8.832445144653320312e+00 8.950130462646484375e+00 1.069332122802734375e+01 9.975295066833496094e+00 9.332171440124511719e+00 5.989799022674560547e+00 8.063795089721679688e+00 8.078967094421386719e+00 8.980019569396972656e+00 8.233397483825683594e+00 9.606279373168945312e+00 9.405117988586425781e+00 8.102252006530761719e+00 8.755928993225097656e+00 1.071510982513427734e+01 9.735186576843261719e+00 7.894436836242675781e+00 8.100057601928710938e+00 6.787748336791992188e+00 0.000000000000000000e+00 7.646081924438476562e+00 7.765143871307373047e+00 9.360831260681152344e+00 8.891406059265136719e+00 8.376398086547851562e+00 8.052728652954101562e+00 8.122506141662597656e+00 8.938134193420410156e+00 9.187222480773925781e+00 8.396816253662109375e+00 7.710658550262451172e+00 7.370601177215576172e+00 9.166224479675292969e+00 7.722115516662597656e+00
1.016635227203369141e+01 1.104131507873535156e+01 1.041614437103271484e+01 1.275882816314697266e+01 8.950130462646484375e+00 1.106131744384765625e+01 1.137787532806396484e+01 8.125847816467285156e+00 1.069485950469970703e+01 1.291602993011474609e+01 8.078968048095703125e+00 1.046452426910400391e+01 1.057690715789794922e+01 9.789366722106933594e+00 9.603408813476562500e+00 1.246772289276123047e+01 8.755928993225097656e+00 1.066372489929199219e+01 7.848389625549316406e+00 7.257486820220947266e+00 7.234447002410888672e+00 7.646081924438476562e+00 0.000000000000000000e+00 7.676156044006347656e+00 1.200975227355957031e+01 1.111085796356201172e+01 1.156553649902343750e+01 1.344034576416015625e+01 8.052728652954101562e+00 1.165547275543212891e+01 1.060418701171875000e+01 9.291681289672851562e+00 9.720422744750976562e+00 1.189777278900146484e+01 7.370601177215576172e+00 9.328753471374511719e+00
1.071830654144287109e+01 1.166175746917724609e+01 1.090872859954833984e+01 1.346469783782958984e+01 1.247812843322753906e+01 8.950130462646484375e+00 1.178960323333740234e+01 8.838930130004882812e+00 1.108583164215087891e+01 1.354051589965820312e+01 1.178473281860351562e+01 8.078967094421386719e+00 1.134008216857910156e+01 1.072924900054931641e+01 1.038888263702392578e+01 1.338482952117919922e+01 1.254847717285156250e+01 8.755928993225097656e+00 7.513260841369628906e+00 7.076833724975585938e+00 6.794559955596923828e+00 7.765143871307373047e+00 7.676156044006347656e+00 0.000000000000000000e+00 1.126968383789062500e+01 1.042983150482177734e+01 1.074756717681884766e+01 1.305364131927490234e+01 1.056832885742187500e+01 8.052728652954101562e+00 1.155526542663574219e+01 1.048662471771240234e+01 1.070228481292724609e+01 1.302364826202392578e+01 1.180985450744628906e+01 7.370601177215576172e+00
9.064626693725585938e+00 1.357796669006347656e+01 1.200024700164794922e+01 1.294271183013916016e+01 1.413868713378906250e+01 1.288404560089111328e+01 7.623522281646728516e+00 8.850382804870605469e+00 9.986952781677246094e+00 1.101813316345214844e+01 1.161536407470703125e+01 1.014896583557128906e+01 8.698506355285644531e+00 1.196923351287841797e+01 1.061676406860351562e+01 1.204784584045410156e+01 1.347012424468994141e+01 1.193068599700927734e+01 8.052728652954101562e+00 1.181347370147705078e+01 1.059639549255371094e+01 9.360831260681152344e+00 1.200975227355957031e+01 1.126968383789062500e+01 0.000000000000000000e+00 7.928105354309082031e+00 6.798871040344238281e+00 7.894436359405517578e+00 7.848389148712158203e+00 7.513260841369628906e+00 7.189320087432861328e+00 1.045039081573486328e+01 9.509011268615722656e+00 1.032995128631591797e+01 1.159949111938476562e+01 9.544441223144531250e+00
1.028024482727050781e+01 9.064626693725585938e+00 1.029477596282958984e+01 1.146576309204101562e+01 1.231411743164062500e+01 1.096778106689453125e+01 1.279127216339111328e+01 7.623522281646728516e+00 1.198742103576660156e+01 1.293567657470703125e+01 1.298592472076416016e+01 1.180159473419189453e+01 1.156612300872802734e+01 8.698507308959960938e+00 1.045405769348144531e+01 1.198731327056884766e+01 1.295277786254882812e+01 1.145557022094726562e+01 1.076310539245605469e+01 8.052728652954101562e+00 1.008672904968261719e+01 8.891406059265136719e+00 1.111085796356201172e+01 1.042983150482177734e+01 7.928105354309082031e+00 0.000000000000000000e+00 6.894925594329833984e+00 8.100058555603027344e+00 7.257486820220947266e+00 7.076833724975585938e+00 1.094859123229980469e+01 7.189320087432861328e+00 9.852265357971191406e+00 1.073904991149902344e+01 1.144345092773437500e+01 9.489958763122558594e+00
1.061971187591552734e+01 1.238678646087646484e+01 9.064626693725585938e+00 1.164694595336914062e+01 1.322983932495117188e+01 1.183645820617675781e+01 1.043773174285888672e+01 8.223011970520019531e+00 7.623522281646728516e+00 1.047636127471923828e+01 1.141315937042236328e+01 9.865189552307128906e+00 1.144821643829345703e+01 1.170985603332519531e+01 8.698506355285644531e+00 1.175053024291992188e+01 1.346689510345458984e+01 1.188407421112060547e+01 1.048134326934814453e+01 1.109192371368408203e+01 8.052728652954101562e+00 8.376398086547851562e+00 1.156553649902343750e+01 1.074756717681884766e+01 6.798871040344238281e+00 6.894925594329833984e+00 0.000000000000000000e+00 6.787748813629150391e+00 7.234447002410888672e+00 6.794560432434082031e+00 1.026648139953613281e+01 1.006903648376464844e+01 7.189320087432861328e+00 9.896917343139648438e+00 1.152292919158935547e+01 9.396965980529785156e+00
1.102113437652587891e+01 1.280988216400146484e+01 1.099229812622070312e+01 9.064626693725585938e+00 1.318118476867675781e+01 1.211704730987548828e+01 1.093074607849121094e+01 8.951332092285156250e+00 9.931218147277832031e+00 7.623522281646728516e+00 1.143778705596923828e+01 1.029032802581787109e+01 1.143773460388183594e+01 1.178364276885986328e+01 1.026645851135253906e+01 8.698506355285644531e+00 1.308224773406982422e+01 1.179089641571044922e+01 1.291169834136962891e+01 1.348545932769775391e+01 1.231567668914794922e+01 8.052728652954101562e+00 1.344034576416015625e+01 1.305364131927490234e+01 7.894436359405517578e+00 8.100058555603027344e+00 6.787748813629150391e+00 0.000000000000000000e+00 7.646081924438476562e+00 7.765143871307373047e+00 1.101403713226318359e+01 1.092095851898193359e+01 9.877790451049804688e+00 7.189320087432861328e+00 1.177769660949707031e+01 1.011164093017578125e+01
9.360922813415527344e+00 1.086460494995117188e+01 9.694365501403808594e+00 1.036901283264160156e+01 9.064626693725585938e+00 1.059882640838623047e+01 1.022320652008056641e+01 7.276274204254150391e+00 9.521052360534667969e+00 1.011623954772949219e+01 7.623522281646728516e+00 9.501284599304199219e+00 9.647705078125000000e+00 9.428456306457519531e+00 8.639747619628906250e+00 9.854337692260742188e+00 8.698507308959960938e+00 1.003157711029052734e+01 1.042368316650390625e+01 1.056332874298095703e+01 1.003024005889892578e+01 8.122506141662597656e+00 8.052728652954101562e+00 1.056832885742187500e+01 7.848389148712158203e+00 7.257486820220947266e+00 7.234447002410888672e+00 7.646081924438476562e+00 0.000000000000000000e+00 7.676156044006347656e+00 9.592646598815917969e+00 8.818291664123535156e+00 8.675783157348632812e+00 9.032366752624511719e+00 7.189320087432861328e+00 8.503291130065917969e+00
1.054677486419677734e+01 1.200857353210449219e+01 1.079653930664062500e+01 1.175189495086669922e+01 1.303251838684082031e+01 9.064626693725585938e+00 1.123088932037353516e+01 8.781894683837890625e+00 1.054733657836914062e+01 1.144291305541992188e+01 1.199201965332031250e+01 7.623522281646728516e+00 1.104015159606933594e+01 1.096636295318603516e+01 1.012071609497070312e+01 1.152812767028808594e+01 1.298238277435302734e+01 8.698506355285644531e+00 1.075105953216552734e+01 1.100339126586914062e+01 1.032059860229492188e+01 8.938134193420410156e+00 1.165547275543212891e+01 8.052728652954101562e+00 7.513260841369628906e+00 7.076833724975585938e+00 6.794560432434082031e+00 7.765143871307373047e+00 7.676156044006347656e+00 0.000000000000000000e+00 1.118813991546630859e+01 1.065253353118896484e+01 1.036348152160644531e+01 1.103278255462646484e+01 1.220300865173339844e+01 7.189320087432861328e+00
8.481203079223632812e+00 1.339608287811279297e+01 1.188524150848388672e+01 1.282878398895263672e+01 1.297694683074951172e+01 1.314538097381591797e+01 7.079326629638671875e+00 8.698191642761230469e+00 9.961309432983398438e+00 1.098629093170166016e+01 1.027865695953369141e+01 1.058486366271972656e+01 7.741311550140380859e+00 1.152635860443115234e+01 1.022101879119873047e+01 1.169252014160156250e+01 1.201846313476562500e+01 1.198516654968261719e+01 7.370601177215576172e+00 1.159171962738037109e+01 1.045239830017089844e+01 9.187222480773925781e+00 1.060418701171875000e+01 1.155526542663574219e+01 7.189320087432861328e+00 1.094859123229980469e+01 1.026648139953613281e+01 1.101403713226318359e+01 9.592646598815917969e+00 1.118813991546630859e+01 0.000000000000000000e+00 7.928105354309082031e+00 6.798871040344238281e+00 7.894436359405517578e+00 7.848388671875000000e+00 7.513260841369628906e+00
9.492959022521972656e+00 8.481203079223632812e+00 9.894692420959472656e+00 1.109942054748535156e+01 1.071474075317382812e+01 1.103467941284179688e+01 1.225907421112060547e+01 7.079326629638671875e+00 1.174121856689453125e+01 1.270041656494140625e+01 1.157747173309326172e+01 1.195763301849365234e+01 1.061642932891845703e+01 7.741311550140380859e+00 9.783169746398925781e+00 1.139866733551025391e+01 1.120014190673828125e+01 1.127840900421142578e+01 9.999663352966308594e+00 7.370601177215576172e+00 9.663364410400390625e+00 8.396816253662109375e+00 9.291681289672851562e+00 1.048662471771240234e+01 1.045039081573486328e+01 7.189320087432861328e+00 1.006903648376464844e+01 1.092095851898193359e+01 8.818291664123535156e+00 1.065253353118896484e+01 7.928105354309082031e+00 0.000000000000000000e+00 6.894925594329833984e+00 8.100057601928710938e+00 7.257486820220947266e+00 7.076833724975585938e+00
9.749458312988281250e+00 1.187588500976562500e+01 8.481203079223632812e+00 1.119042396545410156e+01 1.166351795196533203e+01 1.180739021301269531e+01 9.667230606079101562e+00 7.580073833465576172e+00 7.079326629638671875e+00 1.007788753509521484e+01 9.669779777526855469e+00 9.943346023559570312e+00 1.038440513610839844e+01 1.091903781890869141e+01 7.741311550140380859e+00 1.105213642120361328e+01 1.169900894165039062e+01 1.162086486816406250e+01 9.583747863769531250e+00 1.050480461120605469e+01 7.370601177215576172e+00 7.710658550262451172e+00 9.720422744750976562e+00 1.070228481292724609e+01 9.509011268615722656e+00 9.852265357971191406e+00 7.189320087432861328e+00 9.877790451049804688e+00 8.675783157348632812e+00 1.036348152160644531e+01 6.798871040344238281e+00 6.894925594329833984e+00 0.000000000000000000e+00 6.787748813629150391e+00 7.234447002410888672e+00 6.794560432434082031e+00
1.019451618194580078e+01 1.232421875000000000e+01 1.052535438537597656e+01 8.481203079223632812e+00 1.161644268035888672e+01 1.209647274017333984e+01 1.020683193206787109e+01 8.375861167907714844e+00 9.529793739318847656e+00 7.079326629638671875e+00 9.708580970764160156e+00 1.037439727783203125e+01 1.038195896148681641e+01 1.100672817230224609e+01 9.479089736938476562e+00 7.741311550140380859e+00 1.126249790191650391e+01 1.153376102447509766e+01 1.220207977294921875e+01 1.301410388946533203e+01 1.188883304595947266e+01 7.370601177215576172e+00 1.189777278900146484e+01 1.302364826202392578e+01 1.032995128631591797e+01 1.073904991149902344e+01 9.896917343139648438e+00 7.189320087432861328e+00 9.032366752624511719e+00 1.103278255462646484e+01 7.894436359405517578e+00 8.100057601928710938e+00 6.787748813629150391e+00 0.000000000000000000e+00 7.646081924438476562e+00 7.765143871307373047e+00
9.932516098022460938e+00 1.159302139282226562e+01 1.060652732849121094e+01 1.121806621551513672e+01 8.481203079223632812e+00 1.184914302825927734e+01 1.085252952575683594e+01 8.458020210266113281e+00 1.055478858947753906e+01 1.108613204956054688e+01 7.079326629638671875e+00 1.098075294494628906e+01 9.930093765258789062e+00 9.987733840942382812e+00 9.362875938415527344e+00 1.048508930206298828e+01 7.741311550140380859e+00 1.109955692291259766e+01 1.092690086364746094e+01 1.129860210418701172e+01 1.090134811401367188e+01 9.166224479675292969e+00 7.370601177215576172e+00 1.180985450744628906e+01 1.159949111938476562e+01 1.144345092773437500e+01 1.152292919158935547e+01 1.177769660949707031e+01 7.189320087432861328e+00 1.220300865173339844e+01 7.848388671875000000e+00 7.257486820220947266e+00 7.234447002410888672e+00 7.646081924438476562e+00 0.000000000000000000e+00 7.676156044006347656e+00
9.162900924682617188e+00 1.105715179443359375e+01 9.837642669677734375e+00 1.086884880065917969e+01 1.101390838623046875e+01 8.481203079223632812e+00 1.005448055267333984e+01 7.577062606811523438e+00 9.679653167724609375e+00 1.063957405090332031e+01 9.874388694763183594e+00 7.079326629638671875e+00 9.439796447753906250e+00 9.634127616882324219e+00 8.783131599426269531e+00 1.036451148986816406e+01 1.070057868957519531e+01 7.741311550140380859e+00 9.382193565368652344e+00 9.942100524902343750e+00 9.297564506530761719e+00 7.722115516662597656e+00 9.328753471374511719e+00 7.370601177215576172e+00 9.544441223144531250e+00 9.489958763122558594e+00 9.396965980529785156e+00 1.011164093017578125e+01 8.503291130065917969e+00 7.189320087432861328e+00 7.513260841369628906e+00 7.076833724975585938e+00 6.794560432434082031e+00 7.765143871307373047e+00 7.676156044006347656e+00 0.000000000000000000e+00
